timestamp,emg1,emg2,emg3,emg4,emg5,emg6,emg7,emg8
1533864477909424,-3,1,-1,5,1,-3,-7,-5
1533864477909424,0,-3,-3,9,2,-1,-1,0
1533864477909424,-2,-2,-48,-30,-6,0,-2,-2
1533864477909424,0,-6,31,0,-1,0,0,2
1533864477911421,-2,1,0,-2,-6,1,0,-1
1533864477911421,-1,0,2,8,3,-1,-4,-2
1533864477912418,-1,-7,27,9,4,1,2,3
1533864477912418,-2,2,-15,-6,-13,-5,-5,-3
1533864477921392,0,-1,-3,2,8,-2,0,-1
1533864477921392,-1,-1,5,-3,-8,-3,-1,-2
1533864477925381,-3,4,-3,-8,12,-6,-3,-3
1533864477925381,-2,-2,-11,-4,0,0,-1,-3
1533864477942366,-2,-1,11,2,-7,0,-1,-2
1533864477942366,-1,1,-13,-6,-4,2,1,-1
1533864477949321,0,0,6,8,1,1,-3,-1
1533864477949321,-3,-2,-2,3,-2,0,0,-1
1533864477957297,1,-3,-10,-4,2,-1,1,0
1533864477957297,-2,-4,-3,-5,-5,-1,-1,-1
1533864477980244,-1,-1,2,5,-4,-1,0,-2
1533864477980244,0,-1,-3,0,4,0,1,-2
1533864477982230,1,-2,-4,-5,-2,-1,0,-1
1533864477982230,0,0,1,-2,2,-1,6,8
1533864478018138,-2,-2,-1,-2,-4,-2,-6,-2
1533864478018138,-1,-1,-1,-3,-1,-2,-2,-9
1533864478018138,-4,-3,-1,1,0,-4,-4,-1
1533864478018138,-1,-1,-1,-5,-19,-1,-1,-1
1533864478019143,0,-1,-3,-8,0,-2,0,-1
1533864478019143,-3,0,-1,-4,-1,-2,-2,1
1533864478023311,-1,0,0,0,-4,2,-1,0
1533864478023311,0,-1,-2,0,13,0,-2,-1
1533864478030102,-2,-2,-1,0,-3,1,-1,-1
1533864478030102,0,-2,0,0,-6,-1,-2,0
1533864478039081,0,-2,0,-2,3,-1,-1,-2
1533864478039081,-3,-1,-2,0,-9,-4,-1,0
1533864478045065,0,0,1,1,3,-1,0,-1
1533864478045065,-1,-2,-2,-1,-3,-1,1,2
1533864478060216,-1,0,-1,4,-4,-1,0,-1
1533864478060216,-2,-2,-6,-13,1,-4,-2,-4
1533864478068160,-1,-3,-1,4,-4,-2,0,1
1533864478068160,1,-1,-1,-4,3,-1,-1,-1
1533864478090943,-1,-3,-4,-16,6,0,-3,-2
1533864478090943,-1,-1,-2,6,2,0,1,-3
1533864478091937,-3,-2,-1,3,1,-1,0,-1
1533864478091937,1,1,2,-5,-1,3,0,2
1533864478105908,2,1,1,9,-2,-3,1,3
1533864478105908,-1,-4,-2,-6,-9,-4,-3,0
1533864478106898,-4,-1,-2,2,2,-2,1,-9
1533864478106898,-1,1,-1,4,-3,0,1,0
1533864478127842,-1,-1,1,6,-1,0,-1,-1
1533864478127842,-2,0,2,-2,2,0,-1,1
1533864478128839,3,1,-1,-4,-1,0,-3,0
1533864478128839,-1,-3,-3,-8,6,-3,-1,-4
1533864478150873,-4,-2,-2,19,2,-2,0,-2
1533864478150873,-2,1,0,15,-3,-2,-2,-2
1533864478151777,0,0,-1,-33,5,2,1,-1
1533864478151777,0,-1,1,21,1,-3,-1,-1
1533864478165751,1,-1,-6,-49,-6,0,-1,0
1533864478165751,0,-4,-4,35,3,-1,0,-1
1533864478166737,0,-1,1,16,-4,-3,-2,1
1533864478166737,-1,0,0,-3,1,-2,-2,0
1533864478188681,0,0,1,10,4,-1,0,-3
1533864478188681,0,0,2,-14,-6,1,-2,-1
1533864478189675,0,1,-2,-13,-13,0,0,-1
1533864478189675,-1,-3,0,29,15,-3,-2,-4
1533864478210620,-6,-4,-2,-26,-18,-8,-1,-2
1533864478210620,-2,-5,-8,-25,-11,-5,-4,-4
1533864478211617,-2,0,-2,-3,-13,1,1,0
1533864478211617,-2,0,-2,-10,-10,0,0,2
1533864478225584,3,3,-33,17,6,1,-2,-1
1533864478225584,-3,-8,27,-8,3,-2,-1,1
1533864478226593,-1,-4,-6,3,-3,-2,-3,-1
1533864478226593,1,-2,1,5,2,2,1,-2
1533864478248518,0,-3,-3,5,-12,-6,-1,-1
1533864478248518,-1,3,-8,-22,4,-2,-3,-4
1533864478249535,1,2,2,14,6,-2,-2,-2
1533864478249535,-4,-3,1,-31,1,-1,2,1
1533864478270463,2,-3,-70,39,12,6,1,-2
1533864478270463,-8,9,-51,-28,-1,-7,-7,-4
1533864478271456,-8,-7,7,-23,-17,-7,-4,-2
1533864478271456,-6,-3,-6,-52,-48,-7,-6,-4
1533864478286470,-1,0,21,15,10,5,2,0
1533864478286470,4,6,-12,13,4,4,2,0
1533864478286470,-2,-4,-13,37,22,7,3,0
1533864478286470,-1,-2,-19,9,3,0,-1,0
1533864478308366,0,3,2,-17,-4,-4,-2,-1
1533864478308366,5,-3,9,2,4,0,5,21
1533864478309366,-7,3,10,1,8,0,-9,-26
1533864478309366,-2,-3,47,13,-9,-7,-4,-4
1533864478331304,-1,1,27,23,10,1,0,-3
1533864478331304,2,1,9,-38,-2,2,2,-1
1533864478331304,1,-4,-1,-8,-1,-3,1,9
1533864478331304,-1,1,-16,9,5,0,0,-1
1533864478346258,-1,-1,10,-25,-4,-3,-4,-4
1533864478346258,-1,-3,13,31,2,1,0,0
1533864478346258,-1,0,-17,1,2,0,2,3
1533864478346258,0,-1,-5,-13,1,-1,0,-1
1533864478368198,-2,-6,-21,20,2,2,-2,1
1533864478368198,-4,0,2,-7,-20,-1,-1,-5
1533864478369201,2,0,7,-6,1,-1,-2,3
1533864478369201,0,0,-1,-19,10,0,-1,0
1533864478391140,0,-3,4,-20,-7,-4,0,3
1533864478391140,-1,-2,1,22,-2,1,0,-4
1533864478392137,1,-2,-5,-9,2,-4,-2,-3
1533864478392137,1,-1,-12,6,1,1,1,3
1533864478406096,-1,0,7,-18,-8,-1,-2,-1
1533864478406096,-2,-4,-4,2,0,-2,-1,-7
1533864478406096,2,1,10,5,-6,-1,1,1
1533864478406096,0,-1,-3,15,10,-2,-3,-2
1533864478428037,-3,2,16,2,0,-5,-3,-3
1533864478428037,4,8,35,82,46,14,6,5
1533864478429034,-9,-13,-34,-59,-39,-6,-4,1
1533864478429034,2,-8,-21,-81,-17,-5,-2,-4
1533864478450977,1,1,-5,19,3,2,-4,-4
1533864478450977,1,-2,-5,-51,-7,-2,1,1
1533864478451974,0,4,13,74,34,7,3,-1
1533864478451974,-5,-3,3,76,-5,-5,-2,-1
1533864478465937,-1,-4,1,-60,-12,-2,0,0
1533864478465937,0,-1,1,-15,-6,0,-2,-1
1533864478466954,1,4,6,9,17,3,-3,1
1533864478466954,-4,-3,-4,-3,-13,-3,-4,-4
1533864478488899,-1,0,12,22,2,-1,-1,0
1533864478488899,-2,-2,-6,10,6,1,2,0
1533864478488899,-1,-4,1,-20,-15,-4,-3,-3
1533864478488899,2,4,9,30,15,4,3,4
1533864478511028,-3,-1,5,-11,5,-3,0,-2
1533864478511028,-3,-11,-30,-26,-20,-10,-8,-7
1533864478511816,-1,1,7,8,-11,-6,-4,-1
1533864478511816,0,3,9,-33,17,1,-2,-1
1533864478524779,-1,0,3,0,-4,7,3,2
1533864478524779,-3,-3,-1,-2,-11,-10,-3,-4
1533864478532758,5,2,3,10,10,5,5,1
1533864478532758,-5,1,0,11,-24,-2,-1,0
1533864478548749,-1,-1,-1,-4,-3,-3,-4,-1
1533864478548749,-1,-3,-3,-1,4,1,-1,-2
1533864478548749,0,1,-1,0,-1,-2,0,0
1533864478548749,-2,3,1,2,4,0,-1,-3
1533864478570660,-3,-4,-6,1,0,-3,-3,-1
1533864478570660,-2,0,4,4,-2,-1,-4,-2
1533864478571653,-2,-3,-4,-8,-2,-3,-1,-1
1533864478571653,2,-1,-7,-4,4,0,0,-1
1533864478585620,-1,0,0,3,-4,-4,-2,0
1533864478585620,-2,0,3,2,3,0,0,1
1533864478592598,-1,-2,-5,-7,-4,0,-1,-1
1533864478592598,0,-2,-5,-2,5,3,0,-1
1533864478608558,-1,-1,3,5,-1,-2,-3,-1
1533864478608558,-2,0,1,-3,-1,2,0,-1
1533864478609552,-1,-2,-3,-7,-2,-2,0,0
1533864478609552,-1,-2,2,5,-3,-1,-1,-2
1533864478630502,0,0,-2,-3,7,0,2,-3
1533864478630502,-2,-3,-3,0,-2,-1,-2,-2
1533864478631516,-3,-1,-3,1,-6,-3,-3,-2
1533864478631516,3,1,0,8,11,2,0,0
1533864478645654,-2,0,-3,-18,-11,-6,-1,0
1533864478645654,0,-2,-2,1,0,0,-3,-3
1533864478652438,-4,-3,-2,3,-10,-7,-4,0
1533864478652438,-2,-3,-3,-2,2,2,-2,0
1533864478668395,-1,-2,-2,10,17,11,4,0
1533864478668395,-3,1,0,-3,-15,-4,-4,-1
1533864478669392,0,-1,-1,-8,2,1,-1,-2
1533864478669392,-3,-1,-1,-1,-8,-6,-3,-2
1533864478691454,-1,0,-1,2,10,0,-1,-1
1533864478691454,2,1,0,0,-7,-6,-1,-2
1533864478691454,2,-1,-1,-3,-1,3,2,-1
1533864478691454,-2,-3,-2,0,6,-1,0,-1
1533864478705302,-1,-1,0,-3,-12,-3,-1,-3
1533864478705302,-3,-2,-1,4,0,-3,-1,0
1533864478712277,-2,1,-2,-11,-2,-1,-3,-1
1533864478712277,1,0,1,2,6,2,0,1
1533864478728710,0,-3,-1,-1,-11,-6,-1,-3
1533864478728710,0,-3,-2,0,-3,2,0,-2
1533864478729545,-1,-4,-2,5,5,0,0,-2
1533864478729545,-3,0,-1,-1,1,-3,-1,-1
1533864478750480,-3,0,-1,-9,-7,-1,0,-1
1533864478750480,0,2,0,5,-3,-1,-1,1
1533864478751478,1,-1,0,-5,7,2,1,0
1533864478751478,-2,-2,-1,0,-9,1,-3,-2
1533864478765459,0,-2,0,1,2,-3,-2,-2
1533864478765459,-1,-1,0,-3,1,-2,-1,-1
1533864478773418,0,-1,-2,-2,-1,-1,-2,0
1533864478773418,0,1,-1,-2,-2,-2,0,0
1533864478788386,-1,-1,0,0,-4,-2,0,0
1533864478788386,2,0,-1,-1,8,2,0,0
1533864478795363,-2,-2,-1,3,-4,-2,0,-3
1533864478795363,-1,-1,-3,-6,-1,-5,-2,-3
1533864478811319,-1,-2,0,1,-3,-2,-3,-2
1533864478811319,0,0,-4,-3,3,1,-2,0
1533864478811319,-2,-1,1,-5,-1,1,2,2
1533864478811319,-1,1,0,0,-9,0,1,-1
1533864478825280,0,-1,-2,-1,0,0,0,0
1533864478825280,-2,-3,-2,-1,4,-2,-3,-3
1533864478833265,-2,-1,-3,-2,-3,-2,-3,-3
1533864478833265,-1,-2,-3,4,-7,-2,-2,-2
1533864478848223,0,0,-1,-2,10,2,0,0
1533864478848223,-3,0,0,-1,-3,1,-4,-2
1533864478849221,0,-1,0,3,2,1,4,1
1533864478849221,-2,-4,-1,-5,-5,-3,-1,-2
1533864478871157,0,-1,-2,3,-6,-16,-17,-5
1533864478871157,0,-3,-1,-3,3,-3,7,-2
1533864478871157,2,4,2,0,9,17,7,5
1533864478871157,-2,0,1,3,1,7,8,2
1533864478885120,-4,-1,-2,-2,-5,0,0,-2
1533864478885120,-1,-1,0,-3,-1,-8,-6,-6
1533864478893099,-1,-2,-3,0,-6,-9,-6,-3
1533864478893099,0,-3,-3,-5,-1,0,0,-2
1533864478908059,-1,1,2,0,-3,3,0,1
1533864478908059,-3,-2,-4,0,-3,-4,-5,-2
1533864478916054,-2,-1,-3,-1,-2,-7,-4,-3
1533864478916054,-2,-1,-2,-1,2,2,4,0
1533864478930998,-1,-1,0,-3,-1,4,1,0
1533864478930998,-1,-2,0,1,7,1,0,0
1533864478932015,-2,-1,0,-2,-14,-9,-5,-3
1533864478932015,0,-1,-2,-4,4,1,-1,-2
1533864478944977,2,-1,1,4,7,0,1,1
1533864478944977,1,0,2,0,5,8,1,0
1533864478952944,-2,-3,0,-2,-1,2,1,0
1533864478952944,-3,-1,-2,-3,-12,-9,-4,-4
1533864478968897,-3,-1,-2,-1,-5,-1,0,-2
1533864478968897,0,0,0,-2,-1,-3,-3,0
1533864478968897,-1,-3,-1,-2,5,-2,-2,-1
1533864478968897,-2,-2,-3,2,-5,-4,-2,-2
1533864478990837,1,-3,-1,-2,3,-2,-1,0
1533864478990837,0,-1,-3,-3,-4,-2,1,1
1533864478991834,0,1,0,2,6,1,0,-1
1533864478991834,-2,-2,-2,-3,-1,1,-4,-2
1533864479013776,-1,0,-3,-2,-8,-4,1,-1
1533864479013776,-2,-3,-1,-2,-8,-11,-6,-4
1533864479013776,0,-1,-4,-1,3,-1,-1,-2
1533864479013776,1,-1,-1,-3,8,6,1,1
1533864479036735,-3,1,4,-4,-11,3,3,3
1533864479036735,-5,-5,-8,0,-6,0,1,-2
1533864479037711,-4,-1,-1,0,-9,-6,-3,-2
1533864479037711,1,-3,0,1,7,-3,-13,-3
1533864479050681,0,1,-2,-3,2,-2,-2,-4
1533864479050681,0,3,1,-2,0,5,8,4
1533864479051687,-3,0,0,1,1,-2,-1,0
1533864479051687,-1,-1,-2,0,2,-1,1,0
1533864479073620,-3,-5,1,-1,-3,1,-1,-3
1533864479073620,-2,-2,-3,-2,0,-6,-8,-2
1533864479074613,0,-2,-4,-3,-15,-10,-3,-6
1533864479074613,2,2,-1,-1,2,3,-3,2
1533864479096573,0,1,0,1,4,8,1,1
1533864479096573,-3,-1,-2,0,5,-1,-1,-4
1533864479097574,-3,-2,-2,-6,-1,-4,-5,-5
1533864479097574,0,-2,-4,-3,-9,-14,0,-3
1533864479110520,2,1,2,6,19,10,2,8
1533864479110520,-1,1,3,2,5,5,6,0
1533864479111515,-2,0,1,-2,-15,3,4,2
1533864479111515,-3,-3,0,3,6,-1,-5,-5
1533864479133455,-2,-2,-6,-10,-27,-14,-5,-4
1533864479133455,1,1,4,0,1,-2,-7,0
1533864479134468,1,-1,-1,-7,1,-1,-2,-1
1533864479134468,-2,-2,-3,-1,-3,2,1,0
1533864479156654,-2,-6,-2,-2,0,1,6,-3
1533864479156654,0,-3,-1,1,-5,-1,-3,-2
1533864479157649,0,-1,-1,-2,5,-5,-6,-2
1533864479157649,1,0,3,0,-4,1,-9,-3
1533864479170617,1,-2,-4,-1,3,1,8,0
1533864479170617,0,-1,2,-5,-7,3,3,-1
1533864479178596,-4,-2,-4,3,3,1,4,1
1533864479178596,-3,0,0,-2,-1,-6,-5,0
1533864479193556,1,-2,-3,1,-1,-1,2,-4
1533864479193556,-1,2,3,0,5,8,6,4
1533864479194550,0,0,-1,2,0,2,-3,-1
1533864479194550,-1,-2,-2,-3,2,-4,2,-1
1533864479217491,-1,-3,-4,-1,-7,-11,-9,-5
1533864479217491,1,-1,-2,-3,-18,-11,-8,-3
1533864479217491,0,-4,-6,-4,1,9,4,3
1533864479217491,-1,-1,-1,-3,-4,3,3,1
1533864479230454,-3,0,1,0,7,0,-1,0
1533864479230454,-1,2,-4,-2,3,-5,-2,-3
1533864479238432,3,5,8,-5,-5,-10,-6,-1
1533864479238432,-6,-8,0,2,0,2,3,-2
1533864479253392,-3,-9,-6,-5,-5,-1,-2,-1
1533864479253392,-1,-6,0,-3,-4,-5,-2,-2
1533864479254410,2,2,-12,0,3,2,-1,-4
1533864479254410,1,2,-1,-2,-1,-2,3,1
1533864479276366,-1,2,-2,-2,3,1,-1,0
1533864479276366,-2,-2,-3,-5,6,-4,-7,-1
1533864479277333,2,-1,0,2,-10,-13,5,1
1533864479277333,0,1,0,-2,-8,12,10,8
1533864479290294,-3,-1,4,2,2,12,-7,2
1533864479290294,-2,-2,3,0,2,-3,1,-2
1533864479298272,-4,-4,1,0,5,5,-1,-4
1533864479298272,-2,0,-3,-1,0,-6,-2,-7
1533864479313267,-1,0,1,-2,-17,-7,-1,-3
1533864479313267,0,-3,-4,2,-1,7,4,-1
1533864479314236,-3,-5,-5,6,2,-7,-12,-5
1533864479314236,1,1,0,-4,-3,-9,-5,-1
1533864479344153,3,10,-1,0,15,1,-5,3
1533864479344153,-1,6,1,0,-3,-9,1,-1
1533864479345147,-3,-14,13,-5,-9,-7,-9,-5
1533864479345147,2,-3,-12,-1,-5,7,11,10
1533864479350138,1,0,-3,6,15,12,5,3
1533864479350138,-3,0,-8,-2,-1,13,11,7
1533864479359110,-5,-17,-4,0,8,1,-9,-2
1533864479359110,-1,-4,3,2,-18,-11,-11,-10
1533864479374070,1,-4,-1,-7,8,-14,-7,-6
1533864479374070,2,3,0,-1,-2,3,-2,1
1533864479375067,-1,5,-6,0,2,0,3,-1
1533864479375067,0,2,3,0,3,-4,-4,-3
1533864479404007,-2,-2,-2,2,-7,-2,2,-3
1533864479404007,-1,0,1,-2,1,-4,-3,-2
1533864479405007,1,5,-3,-3,-2,4,2,3
1533864479405007,-1,0,5,5,5,0,0,0
1533864479410008,1,3,4,0,-2,-3,0,-1
1533864479410008,-2,-2,6,5,16,3,-3,-2
1533864479417988,0,-6,-12,-2,5,4,0,-1
1533864479417988,-5,1,3,-1,-36,-4,-5,1
1533864479433916,-1,-6,-10,-3,-11,-1,-3,-3
1533864479433916,2,-1,-1,-5,-2,-1,-1,-1
1533864479433916,1,5,-7,7,7,2,0,0
1533864479433916,-1,1,-2,-2,14,0,-4,-3
1533864479456848,-3,-3,1,9,-1,-6,2,-2
1533864479456848,3,-4,6,-1,5,-3,-4,-1
1533864479456848,-2,2,-2,-18,-5,1,3,0
1533864479456848,-2,-3,-3,-1,-2,-5,-3,-3
1533864479478797,1,3,-2,0,-8,-4,-6,-2
1533864479478797,-1,0,-4,7,2,5,8,4
1533864479479787,-1,1,8,1,-7,-2,0,1
1533864479479787,-1,-2,-9,-8,7,-2,-2,-2
1533864479493752,1,-3,-1,-2,0,-3,-1,-4
1533864479493752,-1,-4,-8,0,-1,3,-7,-5
1533864479494764,-1,4,3,6,23,2,10,4
1533864479494764,-3,0,-1,-9,-43,-2,5,2
1533864479516691,-8,-5,-2,-8,-8,-4,0,0
1533864479516691,-2,-3,1,-5,-7,0,-8,-4
1533864479517685,0,2,3,-1,-1,-1,-1,-3
1533864479517685,5,2,9,8,30,0,-4,-5
1533864479538633,2,-7,-5,-10,-2,-5,-6,-1
1533864479538633,-2,-3,-7,3,-23,-6,-2,-2
1533864479545614,-2,0,-1,5,-6,1,-3,-1
1533864479545614,-1,1,-5,-4,23,4,3,0
1533864479553593,1,0,-4,-2,-8,0,-2,-2
1533864479553593,-3,-3,-9,-1,-8,-8,-4,-4
1533864479554589,3,1,6,4,1,11,3,6
1533864479554589,1,-3,4,-4,0,-1,0,-1
1533864479576532,2,4,6,5,17,11,5,5
1533864479576532,1,-1,2,0,-2,-6,1,-3
1533864479577525,-3,-2,4,2,1,-9,-5,-4
1533864479577525,-4,-4,-1,-7,-24,3,0,-3
1533864479599466,-2,-3,0,7,11,6,-2,-5
1533864479599466,-3,-2,0,-8,-13,-3,-1,-1
1533864479599466,-2,1,3,-8,1,-9,-1,-1
1533864479599466,1,1,-2,11,27,5,-1,-3
1533864479613439,-4,1,-9,-8,-18,-16,-8,-4
1533864479613439,2,1,-8,7,-5,2,-7,0
1533864479621515,-1,-5,-6,-1,0,7,2,1
1533864479621515,-2,-4,-6,1,1,-4,-2,2
1533864479636475,-2,-2,3,3,-6,-5,0,-2
1533864479636475,3,3,0,-6,0,1,3,0
1533864479638469,1,-1,-5,-5,1,-3,-5,-3
1533864479638469,0,-3,1,3,1,1,-3,-3
1533864479666412,6,0,5,1,-3,-2,-1,1
1533864479666412,-5,-1,4,-3,14,-5,-3,-3
1533864479668391,-4,1,0,3,-15,3,10,2
1533864479668391,-1,0,0,-4,0,-2,-5,-4
1533864479672380,-4,-11,-6,7,3,-1,4,-1
1533864479672380,-3,1,-7,-20,-15,-9,-12,-1
1533864479681356,0,-5,-5,2,-6,1,0,-3
1533864479681356,-4,0,-3,-12,-1,-2,-4,-1
1533864479696316,-3,-1,-5,-5,-8,-4,-1,-3
1533864479696316,1,1,1,8,4,1,-1,4
1533864479698329,0,3,-2,-3,7,9,-1,0
1533864479698329,3,-4,-2,-1,3,-2,-3,3
1533864479719253,3,4,6,-4,12,12,7,-4
1533864479719253,-9,0,-1,0,-23,-16,4,-6
1533864479720250,4,3,8,9,1,-10,-16,8
1533864479720250,-5,-7,-1,1,-8,-2,-1,-2
1533864479733219,-2,10,-4,-3,-2,-1,-3,-2
1533864479733219,-2,-14,-15,-2,0,0,1,-4
1533864479742192,-1,-8,-1,-2,-4,-1,2,-5
1533864479742192,1,2,-1,-1,0,-5,-1,-2
1533864479757155,0,0,7,2,1,-2,-5,0
1533864479757155,-2,1,6,3,15,6,3,1
1533864479758149,0,-3,-7,-11,-21,-9,-2,-2
1533864479758149,0,2,1,1,-2,1,-1,-6
1533864479779096,-1,-1,2,-2,-1,7,8,3
1533864479779096,-1,2,5,6,-7,-3,-6,-5
1533864479781098,-4,-10,-14,6,15,2,0,-2
1533864479781098,1,1,-2,-5,-26,4,2,2
1533864479794072,1,-1,-1,-2,14,2,-1,-2
1533864479794072,-3,-6,-9,7,-5,-11,-4,0
1533864479800036,-2,4,5,-1,9,-3,-1,-1
1533864479800036,-2,0,-4,2,6,-1,7,3
1533864479816991,-3,-3,-5,-4,-20,3,2,2
1533864479816991,-1,1,6,-4,9,1,0,-2
1533864479817996,-3,-8,-7,-4,-12,-9,-9,-7
1533864479817996,-1,-4,-5,1,9,-6,-6,-2
1533864479838933,0,0,0,-6,-5,-6,-5,-3
1533864479838933,1,2,4,-6,7,6,3,1
1533864479840928,1,4,-1,3,-6,-1,-4,-1
1533864479840928,0,1,9,6,8,4,-1,2
1533864479861875,-3,-1,-7,4,2,-3,-5,-3
1533864479861875,1,-12,-12,-7,-8,-2,5,1
1533864479862869,-2,0,0,-11,8,5,3,0
1533864479862869,-3,-6,-8,-1,-7,-4,-6,-1
1533864479876835,-4,-1,-2,-1,-8,-4,-1,-2
1533864479876835,3,7,6,-2,10,3,-1,1
1533864479877829,-1,0,2,-6,-12,-3,-2,-5
1533864479877829,-1,-2,-3,1,17,1,1,1
1533864479898773,-7,2,2,-5,-9,-8,-5,-3
1533864479898773,0,-2,-6,-4,11,3,6,3
1533864479900781,-3,1,-1,-3,-13,0,2,-3
1533864479900781,-3,1,-5,-6,-11,-10,-4,-7
1533864479912739,-1,-7,-4,-4,6,0,2,6
1533864479912739,-2,-2,-1,-4,3,1,-5,-1
1533864479921726,2,1,2,-3,7,8,3,1
1533864479921726,-1,2,1,-2,1,-1,1,0
1533864479936674,2,-1,2,-7,-5,-5,-3,-4
1533864479936674,0,0,13,-1,-4,1,1,-1
1533864479938666,-2,-9,-9,-3,-6,-4,-2,-1
1533864479938666,0,-7,-16,-2,-5,0,-6,0
1533864479959615,0,-2,-3,1,11,-2,-6,-2
1533864479959615,-1,0,-1,0,-6,5,-2,0
1533864479960614,-4,3,8,5,-9,-2,-1,-3
1533864479960614,0,5,13,-3,0,2,3,-1
1533864479972581,-2,-5,-8,-3,-3,0,-2,1
1533864479972581,0,-5,-6,2,-6,-3,-3,-2
1533864479981552,-1,3,5,-2,12,-4,-1,-2
1533864479981552,-2,3,2,-2,0,4,2,-2
1533864479996730,2,0,-4,2,1,-4,0,0
1533864479996730,-3,-11,-4,-6,-9,1,1,-2
1533864479998567,1,-1,-10,-2,-7,-8,-3,-2
1533864479998567,0,-2,3,3,-4,-3,-1,-1
1533864480019484,0,1,3,-2,0,6,5,2
1533864480019484,0,2,-7,1,5,-4,-5,1
1533864480020461,0,-2,-2,0,1,-3,-5,-1
1533864480020461,1,0,2,-3,-2,0,-1,-3
1533864480032415,-1,-2,-1,-5,-4,-2,1,1
1533864480032415,-7,0,-5,-1,0,0,2,-3
1533864480049369,-1,3,8,-1,0,3,1,1
1533864480049369,4,-1,-1,0,6,-2,-1,8
1533864480056351,-10,-6,-6,-1,-9,-4,-5,-14
1533864480056351,2,2,1,0,10,-3,-3,-4
1533864480058346,1,1,-2,2,-2,-5,-2,1
1533864480058346,-2,-3,2,-2,0,2,-3,0
1533864480078296,2,-1,-1,-6,-3,-10,-2,4
1533864480078296,1,3,2,1,-1,7,2,3
1533864480087270,-4,-3,-4,-4,-4,1,-4,-10
1533864480087270,-2,-3,-1,-3,7,-1,4,0
1533864480093256,2,-1,-9,2,6,-4,-6,3
1533864480093256,-3,1,-5,-3,0,-2,-2,-3
1533864480109209,2,2,9,-4,2,0,1,0
1533864480109209,-2,-6,-13,0,-4,-4,-1,-1
1533864480116197,-1,1,1,-3,-4,0,-1,-3
1533864480116197,-1,0,2,0,0,-6,1,-3
1533864480118186,0,-1,-7,2,5,8,8,2
1533864480118186,0,0,4,-5,-1,-6,-9,-1
1533864480139133,1,1,5,3,-3,-1,0,4
1533864480139133,0,-1,-2,3,-1,4,1,0
1533864480141127,-3,-2,2,-2,-8,-1,3,-1
1533864480141127,-2,-1,-2,-1,-7,-3,-1,-5
1533864480162071,6,0,3,1,2,-1,-3,9
1533864480162071,-1,-1,1,-3,0,-1,-1,-12
1533864480163066,-1,-1,-5,-2,-8,-8,-5,-2
1533864480163066,-2,-3,-2,0,12,7,0,-2
1533864480177032,0,-1,-2,1,-1,1,2,-1
1533864480177032,-2,0,5,-6,-11,-3,-2,4
1533864480178025,-1,-1,-5,2,2,-5,-2,-3
1533864480178025,-2,-2,-4,2,-8,-3,-2,-1
1533864480199038,-4,-2,2,-3,4,0,-2,-6
1533864480199038,0,0,-1,-1,-7,-7,1,-2
1533864480200965,1,0,0,5,24,-1,-13,5
1533864480200965,-2,2,0,1,-10,2,4,1
1533864480212936,-3,-2,1,0,-6,2,0,-3
1533864480212936,0,-2,-1,-1,-2,-2,-2,0
1533864480221909,5,0,2,-3,-1,-15,-11,-5
1533864480221909,1,-3,-4,-1,-2,-6,-3,-1
1533864480235874,-1,0,-2,-9,-4,14,7,3
1533864480235874,-4,-1,-1,4,5,1,0,0
1533864480243853,1,-1,-3,-3,-4,2,3,2
1533864480243853,-4,-1,-2,-1,2,-12,-7,-6
1533864480258811,-1,-1,-2,-6,-18,-12,-7,-6
1533864480258811,2,-1,-1,-2,4,4,-3,2
1533864480260804,1,-1,0,-2,-7,2,1,-1
1533864480260804,-1,2,2,3,1,1,0,-15
1533864480272937,0,-2,2,4,6,0,-2,-8
1533864480272937,3,-5,-3,-4,0,-1,4,36
1533864480281762,-1,-3,-2,2,-8,-1,0,10
1533864480281762,1,-3,-2,-3,-3,-1,-2,-2
1533864480296712,-2,2,2,7,5,0,-2,-11
1533864480296712,-1,1,-1,-6,-8,-6,-5,-11
1533864480297706,-4,-1,-3,1,0,4,7,-1
1533864480297706,3,0,0,-1,25,6,2,5
1533864480326826,-6,-2,-4,-3,-10,-16,-14,-7
1533864480326826,1,-1,-2,-5,0,-6,1,-2
1533864480328624,-5,-5,-1,-3,13,4,0,-1
1533864480328624,0,-1,-1,-1,-14,11,6,-5
1533864480332612,0,-2,-4,-8,-4,-1,2,11
1533864480332612,-1,0,2,11,4,6,2,-7
1533864480341589,-2,-1,-3,-1,7,5,4,-6
1533864480341589,-5,-3,0,0,-29,-10,-4,-4
1533864480364528,3,-2,-2,-3,3,-4,-1,3
1533864480364528,-6,-1,-5,-14,-8,-9,-6,-12
1533864480365524,5,2,6,5,7,11,-3,-31
1533864480365524,-10,-6,-10,-5,-9,-9,-3,64
1533864480379490,-8,-3,-3,-7,-22,0,0,-15
1533864480379490,4,1,3,2,-1,0,-2,-13
1533864480380485,-10,-2,-3,-1,-7,-10,-6,-21
1533864480380485,4,2,1,4,12,3,-4,15
1533864480401432,3,-4,1,6,20,2,3,9
1533864480401432,-4,-4,-3,-12,-32,0,5,5
1533864480403424,1,-2,-1,-2,-9,-5,-3,-4
1533864480403424,-5,2,3,-5,-14,-6,1,-26
1533864480416388,5,-1,-1,7,21,5,2,40
1533864480416388,-2,-1,-4,1,4,0,-5,-11
1533864480418383,2,-1,-2,-3,-11,-5,0,6
1533864480418383,0,1,2,-3,-6,-3,-4,-14
1533864480439341,-2,1,3,1,8,-2,-1,-14
1533864480439341,-1,-1,-2,2,8,-2,-1,15
1533864480441335,1,-1,-2,-5,-11,2,0,2
1533864480441335,0,-3,-5,2,34,0,-2,-10
1533864480461270,-2,-1,0,4,-16,6,1,-9
1533864480461270,2,1,0,1,5,0,-1,5
1533864480463263,-8,-1,-3,-4,6,-8,-4,1
1533864480463263,0,-1,2,-3,-3,1,0,-8
1533864480476231,-3,-1,-4,-6,-4,-2,0,-8
1533864480476231,0,0,4,4,3,-3,-4,-4
1533864480478223,-4,-1,1,3,8,6,1,-3
1533864480478223,2,-1,-2,0,-4,-1,-3,-5
1533864480506152,-1,0,-1,0,-3,-3,0,-1
1533864480506152,0,-1,0,0,5,2,0,1
1533864480508160,-2,-1,1,-3,-4,0,-1,1
1533864480508160,-1,-4,-4,-2,-6,2,3,-2
1533864480522109,0,-1,-2,-5,-6,-3,-2,0
1533864480522109,-8,-1,-4,0,4,-1,-3,-11
1533864480523120,1,0,-2,-2,-6,-1,-1,8
1533864480523120,-1,0,-2,0,-5,-2,0,0
1533864480544050,-2,-1,-5,-3,5,-2,-1,-4
1533864480544050,-5,-2,0,-1,1,0,-1,-7
1533864480546042,3,-2,-1,-2,-5,0,-1,11
1533864480546042,-4,0,2,0,1,2,0,3
1533864480566986,0,-2,-1,0,1,1,-2,-13
1533864480566986,-3,-1,-5,0,-4,-2,-2,-1
1533864480567983,-1,-1,-3,-2,-5,-4,0,5
1533864480567983,-1,-2,-1,-1,1,2,-2,-7
1533864480588930,-3,-2,3,2,0,-3,-2,1
1533864480588930,-1,-1,-1,-3,-8,-2,3,-1
1533864480590922,-3,-1,-4,-4,0,-3,-2,-2
1533864480590922,1,2,-1,-3,0,1,1,1
1533864480595912,-13,0,1,-4,0,1,-1,-5
1533864480595912,4,-2,-2,1,8,2,-2,0
1533864480602893,-3,-2,-1,0,-7,-4,-3,-2
1533864480602893,-1,0,0,-4,-8,-4,0,-2
1533864480618866,0,0,-4,-4,-1,2,2,3
1533864480618866,0,-1,-1,2,-1,1,0,-1
1533864480620842,-1,-2,0,-1,1,0,0,2
1533864480620842,-4,-1,1,-2,4,-2,-3,-6
1533864480641789,2,1,4,-3,-3,0,4,4
1533864480641789,-2,-1,-2,-1,6,-2,-4,1
1533864480642783,0,-1,-4,-1,-6,0,-2,-7
1533864480642783,0,-1,-1,5,-10,1,-1,0
1533864480655748,0,-3,-4,0,12,-4,-4,-4
1533864480655748,1,-1,0,-3,-15,-1,3,-2
1533864480664731,-3,-3,-1,2,-1,1,-1,0
1533864480664731,-1,-2,-2,-2,1,-4,-1,-2
1533864480679694,-1,-2,-4,3,0,1,-2,1
1533864480679694,0,0,-5,1,0,-2,-2,-2
1533864480680681,0,1,-5,-2,3,-2,-3,-1
1533864480680681,-2,0,-7,-3,-4,-2,1,-1
1533864480701627,-1,1,-8,0,1,-4,-2,-5
1533864480701627,0,-1,-1,1,6,-5,-2,0
1533864480703620,-1,0,4,0,4,5,1,4
1533864480703620,-3,-5,-2,-3,7,-2,-2,-2
1533864480715588,2,1,6,0,-7,-3,-3,0
1533864480715588,1,0,0,-2,-3,1,1,-2
1533864480724564,-1,1,1,0,2,3,1,0
1533864480724564,-1,-2,1,-1,-1,-2,0,-3
1533864480739527,0,-3,-2,-1,-3,0,-2,-3
1533864480739527,-1,-2,0,0,1,-1,0,0
1533864480740521,-2,-3,-3,-1,-3,-3,0,-2
1533864480740521,0,-1,6,-2,0,0,-1,-1
1533864480761469,0,-1,2,-3,-8,-5,-1,1
1533864480761469,0,-2,-4,-3,-5,-7,-4,-3
1533864480763473,-1,-1,-2,1,6,9,1,2
1533864480763473,-2,-1,-4,4,-3,3,-3,0
1533864480775431,-3,-3,-4,-1,2,1,-1,-2
1533864480775431,-3,-1,-14,2,-7,-1,0,-1
1533864480784403,-1,-2,-4,-6,-3,-8,-3,-1
1533864480784403,2,0,-3,-2,-1,-4,-1,-1
1533864480799364,-1,3,-4,-2,7,2,1,0
1533864480799364,-4,-2,-4,0,-3,-1,-1,0
1533864480800362,-4,-4,-9,0,-2,-1,1,-1
1533864480800362,0,-1,4,0,-1,-2,-4,-1
1533864480821324,0,-1,14,2,-6,-3,0,-2
1533864480821324,1,-2,10,-2,0,-2,-2,-4
1533864480823300,1,-1,13,1,-8,-4,-3,-3
1533864480823300,-1,-2,0,-2,1,0,1,1
1533864480835271,-6,0,-2,1,-6,1,0,2
1533864480835271,-4,-1,0,-2,10,0,0,-1
1533864480844243,0,-1,2,-2,-7,-3,-1,-1
1533864480844243,1,1,-6,-2,0,-6,-2,-4
1533864480859207,1,-9,-70,-8,-1,-2,-1,-2
1533864480859207,4,1,88,11,2,4,2,2
1533864480861199,-1,2,53,6,-2,-3,1,-1
1533864480861199,0,-2,12,-2,3,-3,-3,-2
1533864480881145,1,2,11,-2,-5,-1,-2,-2
1533864480881145,0,0,-34,-9,0,4,2,1
1533864480883140,-1,-1,-19,0,4,1,-2,-2
1533864480883140,-2,1,8,-1,-6,-3,-1,-3
1533864480895108,0,3,11,-3,-6,0,2,-2
1533864480895108,-2,-3,-21,5,-2,-3,-7,-4
1533864480904098,-1,2,6,0,-1,1,4,4
1533864480904098,-1,-5,-25,0,7,6,2,1
1533864480919044,-4,-7,-8,-4,-5,-9,-3,-2
1533864480919044,0,-3,-5,-3,-2,5,-1,-3
1533864480921039,-1,4,-7,-7,-2,-6,-3,-3
1533864480921039,-4,0,-17,-2,-6,-2,-3,-1
1533864480941986,0,-4,18,-1,-2,1,-1,-1
1533864480941986,-1,-1,-20,-3,1,-1,0,0
1533864480942995,-2,-1,-8,-5,1,-2,-1,-2
1533864480942995,-1,5,-1,2,-5,-3,-2,0
1533864480954951,-3,-1,13,8,8,0,-1,1
1533864480954951,-3,-3,-15,1,-7,-6,-2,0
1533864480963930,0,-4,-17,-4,1,-4,-3,-3
1533864480963930,-1,-3,1,-3,-5,-2,1,-3
1533864480978884,1,0,-1,-2,0,3,1,0
1533864480978884,1,0,4,0,4,2,3,-1
1533864480980879,-1,-3,-8,-3,-5,0,-1,-2
1533864480980879,-2,1,9,-1,4,-1,-4,-2
1533864481001827,-2,1,1,-1,-16,-7,-3,-2
1533864481001827,0,0,-4,-6,8,-3,-1,-1
1533864481002820,1,1,5,8,-2,4,1,0
1533864481002820,0,-5,-12,-3,-2,-1,0,0
1533864481024139,-11,-5,-3,0,-27,-8,-7,-4
1533864481024139,-3,-2,0,-8,-1,-3,-3,-1
1533864481025915,-3,-2,-8,-8,-13,-5,-5,-2
1533864481025915,1,-1,9,3,9,4,2,0
1533864481038881,1,0,-1,1,11,3,0,-1
1533864481038881,-2,-3,3,1,-13,-4,-1,-2
1533864481040876,0,-3,-6,-4,11,0,0,0
1533864481040876,-1,2,5,0,-2,3,1,1
1533864481061823,3,0,10,1,2,1,2,1
1533864481061823,-2,-2,-3,-2,-1,-1,-4,-4
1533864481062817,-1,2,-5,-1,2,0,-2,-2
1533864481062817,-2,-3,8,-3,-5,-1,1,-2
1533864481075785,-1,-3,-11,8,8,-1,-2,-4
1533864481075785,-2,0,-4,-4,-6,-2,2,-1
1533864481084759,-1,-4,-1,-1,0,-2,0,-1
1533864481084759,-2,-2,-7,-4,-7,-3,-5,-2
1533864481098721,1,2,-1,-6,10,1,1,2
1533864481098721,0,0,-10,3,-14,-3,-1,-1
1533864481105702,-2,-2,-4,-2,0,-4,-1,-3
1533864481105702,-2,-3,0,0,-3,-5,-4,0
1533864481121674,2,-1,4,-4,2,-3,-3,-4
1533864481121674,0,3,-5,-1,9,2,1,2
1533864481123654,-1,-5,-4,-2,-3,3,-1,1
1533864481123654,-2,-3,-2,0,-2,3,4,-1
1533864481135625,0,5,-14,-3,2,-4,-1,-2
1533864481135625,1,-12,1,1,-2,-1,1,-3
1533864481144598,-2,1,5,1,7,2,-1,2
1533864481144598,-2,-1,-4,7,-11,-4,0,-1
1533864481158561,-3,-5,5,-22,-11,-1,-2,-2
1533864481158561,1,4,9,8,4,-2,0,-3
1533864481165560,-1,-6,-9,9,3,-2,-2,-3
1533864481165560,0,-2,-9,-6,0,-3,-4,-3
1533864481181499,0,-2,-11,-1,1,3,2,1
1533864481181499,-2,-1,2,-6,0,0,-4,0
1533864481183494,0,-1,-6,-4,-4,-3,-3,-3
1533864481183494,-2,3,5,1,2,0,1,0
1533864481195465,2,4,5,6,5,4,0,2
1533864481195465,-1,-3,1,-2,4,-2,-3,0
1533864481204438,1,2,7,1,-3,-4,-1,-3
1533864481204438,0,-2,-6,-6,1,3,-2,-4
1533864481218404,-4,0,-14,3,-9,-3,-2,-2
1533864481218404,-1,4,17,3,-1,1,1,1
1533864481225385,-1,-12,0,-7,-4,-3,0,0
1533864481225385,0,-1,1,1,4,-4,-2,-1
1533864481241343,-2,-4,-6,1,7,-1,-1,-1
1533864481241343,-3,0,-8,-7,-5,-3,-5,-3
1533864481243334,-4,2,-1,2,-1,-3,-2,0
1533864481243334,1,-1,2,-5,1,0,0,-1
1533864481255302,-2,-2,10,3,0,2,1,-2
1533864481255302,-1,1,-5,1,0,-3,0,-2
1533864481264294,0,-2,1,-1,4,-2,-2,-2
1533864481264294,-1,0,-2,3,-1,3,2,4
1533864481278240,-2,-1,1,-2,-6,-1,-3,-1
1533864481278240,-2,-1,-5,-1,-3,-2,-1,-1
1533864481285225,-3,2,-7,-5,-9,1,-2,-1
1533864481285225,-1,-1,-4,-2,2,-2,-3,-4
1533864481301214,2,0,4,2,0,-1,-1,-2
1533864481301214,-2,5,-57,-9,5,0,-3,-2
1533864481303174,1,-9,37,10,1,-1,1,1
1533864481303174,-3,-3,-4,-4,0,-6,-2,-3
1533864481315142,0,-2,3,-5,2,-3,-1,1
1533864481315142,-3,-2,-2,0,-4,1,3,0
1533864481324119,0,4,-22,-1,-1,5,0,-1
1533864481324119,0,0,-3,0,7,-3,-3,0
1533864481338081,2,1,0,2,-11,2,3,2
1533864481338081,-2,-4,10,2,-9,-4,-1,0
1533864481345062,-1,3,-5,-3,-7,-4,2,-1
1533864481345062,-3,-2,11,1,-8,-2,-2,0
1533864481362057,-2,-2,2,0,6,2,1,1
1533864481362057,2,-2,6,-4,0,0,1,2
1533864481363054,1,7,-4,-2,-4,-1,-1,-3
1533864481363054,-1,-14,-6,0,0,0,-2,1
1533864481384003,-2,-2,-5,-1,5,-3,-3,-3
1533864481384003,-1,-4,7,-1,-4,-3,-3,-3
1533864481385992,0,-1,-2,2,16,-4,-2,1
1533864481385992,0,6,-3,-11,-37,-7,-2,-3
1533864481397960,-2,1,-1,8,4,2,0,2
1533864481397960,-4,-5,11,3,-3,0,0,1
1533864481404942,-3,-1,-1,-2,-4,-1,-4,-4
1533864481404942,0,1,-2,0,18,2,-2,-3
1533864481421900,0,-2,-24,-6,-8,-3,0,-3
1533864481421900,-1,1,-1,-1,-2,-3,-1,-3
1533864481422894,0,2,43,4,4,-2,2,-2
1533864481422894,0,0,4,-3,2,2,0,-1
1533864481443842,-2,-1,0,-3,-1,-3,-4,-4
1533864481443842,0,5,11,-1,4,-1,0,-2
1533864481445832,-1,-4,-17,-5,-1,0,-1,1
1533864481445832,-4,1,-6,2,-10,-2,0,0
1533864481458798,-1,-7,21,4,1,-5,-5,-2
1533864481458798,2,-1,-5,1,7,4,0,-2
1533864481464781,-3,-3,-86,-20,-4,-3,0,1
1533864481464781,-1,0,75,6,-2,-4,-1,-3
1533864481481738,-3,1,-2,-3,-1,0,-2,-2
1533864481481738,-4,0,5,0,2,0,-3,-1
1533864481482734,-2,-5,-10,4,1,0,-1,-1
1533864481482734,-2,-2,-24,0,2,0,-1,-1
1533864481504675,-2,-3,-1,-3,-1,-1,0,-2
1533864481504675,0,-3,10,0,0,2,-1,1
1533864481505672,-1,0,13,4,-5,0,-2,-1
1533864481505672,0,0,-18,-1,1,-2,-2,-2
1533864481517640,0,0,12,2,-2,0,1,1
1533864481517640,0,-3,-17,-4,-3,-2,-1,-1
1533864481526617,0,1,4,0,-5,0,-1,-2
1533864481526617,-1,0,-11,-3,1,0,0,1
1533864481541576,-2,-2,-10,-4,0,-2,-2,-1
1533864481541576,0,0,2,2,-3,-5,0,-1
1533864481543598,0,0,9,0,5,1,-2,-2
1533864481543598,-2,-3,-3,-3,-9,-4,1,-1
1533864481564515,-2,-2,0,1,-3,1,0,-1
1533864481564515,-3,-3,-3,-3,-6,1,0,1
1533864481565512,-1,0,11,2,-5,-2,-1,-1
1533864481565512,-1,-1,-14,-3,4,2,-2,-2
1533864481577484,-1,0,-5,-2,2,-1,-3,-2
1533864481577484,1,-2,0,0,-2,-2,-2,-2
1533864481586456,-1,-2,0,0,-3,-1,-2,-1
1533864481586456,-1,-2,-3,-1,3,-1,-2,-2
1533864481601494,0,-1,1,-3,1,-3,-3,-2
1533864481601494,-2,-2,1,-1,-1,-2,-2,-3
1533864481603426,-2,-1,2,-2,0,-4,-1,0
1533864481603426,-2,-1,-6,-1,-1,-1,-1,0
1533864481624369,-1,-2,4,0,3,-1,-1,0
1533864481624369,0,-1,-3,-3,-8,-2,-1,-1
1533864481626378,1,-1,0,-1,-6,0,-2,0
1533864481626378,0,1,-2,-1,-1,-2,-1,-1
1533864481638578,0,-3,-4,-3,-4,-2,0,-1
1533864481638578,-1,-3,0,-2,1,-2,-1,-2
1533864481645544,-1,-1,2,3,6,0,-1,1
1533864481645544,-3,-1,0,-6,-4,-1,-2,1
1533864481661502,1,1,0,-1,-3,3,0,0
1533864481661502,-1,-1,-1,-1,0,-1,-1,0
1533864481663494,0,-2,1,4,-2,-4,-2,-4
1533864481663494,-1,-3,-5,0,4,-2,1,-3
1533864481684440,0,1,-1,-1,2,0,1,1
1533864481684440,0,0,0,-2,-10,-1,0,-1
1533864481685444,-1,-1,2,-1,-4,-2,-1,-3
1533864481685444,-1,-3,-3,2,2,0,-4,-1
1533864481698424,-1,-3,-4,-4,-1,-4,-2,-3
1533864481698424,-4,0,-1,1,5,0,-2,0
1533864481712366,-2,-1,0,-5,-11,-1,-1,0
1533864481712366,0,-1,-1,0,-3,-1,-1,-2
1533864481721466,0,0,0,-1,7,-4,-1,-1
1533864481721466,1,-1,-3,-1,-3,0,-2,0
1533864481723358,-2,-1,-1,-2,0,0,-1,-1
1533864481723358,-1,-1,0,-2,-1,0,-1,-1
1533864481744280,-2,-1,-2,-1,-3,-2,-1,-1
1533864481744280,-1,-1,-2,-2,0,-1,0,0
1533864481745275,0,-2,-1,-2,-3,-2,-1,1
1533864481745275,-1,-1,0,1,0,0,0,0
1533864481758239,-3,0,-2,-1,-2,3,1,0
1533864481758239,-1,1,1,-1,2,-2,-4,0
1533864481765221,-1,-2,-1,0,-2,0,-1,1
1533864481765221,-2,-1,-2,0,-1,-7,-4,-4
1533864481781179,-2,-2,-2,-3,-5,-3,2,-1
1533864481781179,1,1,3,2,3,2,2,2
1533864481783182,-1,0,-2,1,2,1,1,1
1533864481783182,-3,-4,-2,0,-1,0,-2,-2
1533864481804121,-1,-2,0,0,-6,-2,-4,-3
1533864481804121,0,-2,-1,-2,-4,-2,-2,-2
1533864481806117,0,2,-4,1,-1,-2,-2,-4
1533864481806117,-2,-2,-1,0,0,-1,0,-2
1533864481818100,-3,-2,-1,-3,-5,-3,-1,-3
1533864481818100,-1,-2,-2,2,0,-3,-3,-4
1533864481825064,1,-1,1,-10,-2,2,0,-1
1533864481825064,-2,1,0,-2,1,0,2,1
1533864481842015,-1,-1,-2,0,-1,-1,-5,-2
1533864481842015,-2,-1,-2,-1,1,2,5,1
1533864481843012,-5,-1,-1,4,-3,-5,-2,-3
1533864481843012,1,-1,-1,2,0,2,-2,-1
1533864481863957,1,2,1,0,5,5,-1,2
1533864481863957,-2,-2,-1,-2,-3,-4,-1,-2
1533864481865964,-2,-1,-2,-2,-6,-3,-3,-1
1533864481865964,-2,-1,-4,-4,-1,0,1,0
1533864481877923,-2,-2,-1,0,-6,-5,-4,-3
1533864481877923,-1,-2,0,-1,4,-1,-2,-1
1533864481886895,1,-1,0,1,9,1,0,-2
1533864481886895,-3,1,-4,-7,-20,-7,-3,-1
1533864481901856,0,0,-2,2,-2,-2,-1,2
1533864481901856,0,0,-2,-2,0,-1,-2,-2
1533864481902852,0,0,1,5,11,2,-1,1
1533864481902852,1,-3,-3,-5,6,4,-2,-1
1533864481923835,-3,-2,-2,-1,-12,0,1,-2
1533864481923835,0,-3,7,-2,-2,-7,-4,-1
1533864481925792,-1,0,-5,2,-4,2,-5,-2
1533864481925792,-2,-2,0,5,9,-3,-2,-1
1533864481937760,-3,0,-5,-15,-19,-6,-2,0
1533864481937760,-4,-4,-14,-5,-5,1,-1,-2
1533864481946736,0,-4,1,-4,-1,-7,-3,-3
1533864481946736,1,-1,-3,5,6,2,-2,0
1533864481961696,-1,0,1,2,7,-2,-1,0
1533864481961696,-2,0,-2,-2,-12,-2,-1,-2
1533864481962693,0,-2,-2,-5,1,-1,3,-2
1533864481962693,0,0,6,0,-2,-3,-1,0
1533864481991793,-1,-1,-1,5,8,0,-4,-3
1533864481991793,0,1,2,0,5,2,1,3
1533864481993612,-1,-2,-1,-5,0,3,4,1
1533864481993612,-1,0,-8,-2,-3,-2,2,0
1533864481997600,-2,1,1,1,-1,1,-2,-4
1533864481997600,-2,-4,12,-1,-3,-4,-5,-5
1533864482006575,-2,-7,-16,-5,-7,-1,2,1
1533864482006575,-1,-3,-3,-1,-3,-1,-1,-2
1533864482021741,-2,-2,-2,3,4,1,1,3
1533864482021741,0,5,2,1,0,0,-3,-1
1533864482023548,-4,3,10,4,1,-4,-2,-6
1533864482023548,-2,0,-7,0,-9,-3,0,-3
1533864482043480,-2,-6,3,3,7,-3,-2,-4
1533864482043480,-1,-9,-2,-9,-3,-6,-3,-3
1533864482051455,2,-2,-3,0,-5,3,-2,1
1533864482051455,0,4,7,4,-8,-2,2,2
1533864482057443,-2,-1,-17,-24,-5,5,0,0
1533864482057443,-3,1,-9,3,1,1,-2,1
1533864482066416,-1,-1,1,0,1,-1,-2,-2
1533864482066416,0,-1,17,2,5,4,-1,-1
1533864482081376,2,-1,-10,2,4,-3,1,1
1533864482081376,-1,-3,-4,-2,1,-3,-1,-3
1533864482083371,-1,0,-4,-3,-1,-1,-2,0
1533864482083371,0,1,0,-1,4,-1,0,0
1533864482104330,-2,-2,5,0,-1,-3,-1,-1
1533864482104330,-2,-1,-3,0,1,1,0,0
1533864482105312,-2,0,2,0,-3,-3,1,0
1533864482105312,0,-4,-6,-4,-3,-2,-2,-3
1533864482118335,-1,-1,3,1,-4,-2,-2,-2
1533864482118335,-1,0,-1,-1,-3,1,2,0
1533864482126255,-1,0,0,0,-4,-1,-1,0
1533864482126255,-1,-5,-5,-2,6,-1,-3,-3
1533864482142213,1,0,2,1,-2,6,5,1
1533864482142213,1,-1,0,1,7,-4,-3,-1
1533864482143217,-2,-1,1,-1,3,-4,-2,-2
1533864482143217,-2,0,-2,-5,-12,1,0,1
1533864482164155,-2,-7,-1,3,-1,1,0,1
1533864482164155,-1,0,-4,-2,-11,-4,1,0
1533864482166149,0,-1,-2,-1,0,5,-1,-1
1533864482166149,-1,1,11,0,1,-4,-3,-3
1533864482178318,-1,-2,-12,-1,-5,-3,-5,-2
1533864482178318,-1,-3,-3,1,6,3,0,-1
1533864482187092,-2,-4,-3,-2,1,-8,-3,-2
1533864482187092,-1,0,-4,-2,0,-2,2,-2
1533864482201072,0,1,6,2,6,1,1,0
1533864482201072,-1,1,-1,-1,1,3,-1,-2
1533864482208040,-2,-1,-3,-1,-5,-1,2,0
1533864482208040,-1,-3,-2,-2,-2,-5,-2,-1
1533864482224206,-1,0,2,0,-1,-2,-1,-1
1533864482224206,-1,0,-1,0,1,0,-1,-1
1533864482225988,-1,-1,0,-3,-4,-2,-3,-1
1533864482225988,1,-3,-3,-2,-1,3,-1,0
1533864482237956,-2,0,-1,-3,3,-10,-6,-1
1533864482237956,0,2,0,1,0,10,4,0
1533864482246933,-1,-1,1,2,6,-1,-1,-3
1533864482246933,-4,-2,-7,-6,-24,-6,-3,-2
1533864482268981,-1,0,2,2,-1,0,-5,-4
1533864482268981,-2,-2,0,-4,-10,-2,-1,-1
1533864482270869,-1,0,-3,1,7,5,0,1
1533864482270869,1,-2,-2,-1,10,4,1,0
1533864482284047,-1,-1,-4,-2,-2,-5,-2,-2
1533864482284047,-1,-3,-3,-1,-8,-6,-1,-2
1533864482286042,1,-1,0,-1,-2,-3,-4,-1
1533864482286042,-1,-1,-1,-2,3,-2,-1,-1
1533864482306985,0,-3,2,-2,4,4,2,2
1533864482306985,0,-2,0,1,7,-3,-4,-1
1533864482307995,0,-3,-2,-5,-11,-2,2,1
1533864482307995,-2,1,-1,0,3,-1,-4,-4
1533864482320946,-1,0,-3,0,-1,-2,-1,-2
1533864482320946,-2,-1,-2,-2,1,-2,-2,1
1533864482327927,-3,-2,-1,-3,0,0,2,-2
1533864482327927,-2,-1,-1,2,0,-3,1,-1
1533864482343888,0,0,-1,1,4,0,-3,0
1533864482343888,-2,-1,-1,-4,-15,-8,-4,-4
1533864482345880,0,0,1,0,1,2,-2,-1
1533864482345880,-1,-2,-3,0,1,4,6,3
1533864482366827,0,-1,0,2,4,0,2,-1
1533864482366827,-3,-2,0,0,-1,-3,2,0
1533864482367821,0,-2,-2,-7,-13,-1,-2,-3
1533864482367821,-3,-3,-4,0,-4,-5,-2,-5
1533864482380787,-2,-1,0,-1,-7,1,-1,-1
1533864482380787,-1,-2,-2,1,7,0,-1,0
1533864482388765,-2,0,-2,-2,-5,-6,-2,1
1533864482388765,0,-1,-4,-2,0,-1,-3,0
1533864482403728,0,-1,0,-3,-3,-1,-5,-1
1533864482403728,-2,-3,-2,-3,-2,3,0,-1
1533864482405720,-2,-1,0,0,0,1,-3,-1
1533864482405720,1,0,1,0,5,1,0,1
1533864482426667,-4,-1,0,1,-5,-5,-1,-2
1533864482426667,-2,0,-3,1,3,2,1,-2
1533864482428662,-1,-1,-1,0,3,0,1,0
1533864482428662,-3,-2,-4,-5,-14,-7,-6,-3
1533864482440629,-2,2,2,-4,3,0,1,0
1533864482440629,1,-2,2,-1,0,1,-3,-2
1533864482447608,-1,-2,-3,1,2,1,0,-3
1533864482447608,-1,-3,-2,-1,-2,-2,-1,-3
1533864482464564,0,0,-1,-1,0,2,2,2
1533864482464564,0,0,-1,1,-1,-3,-1,0
1533864482465561,-2,-2,-2,-3,-5,-1,1,-1
1533864482465561,0,-1,1,1,7,3,-4,0
1533864482486522,0,-4,-3,-1,-16,-7,-2,-3
1533864482486522,-1,1,0,0,0,0,-4,-2
1533864482488498,0,0,1,0,1,-1,1,2
1533864482488498,-3,0,0,1,4,4,3,-1
1533864482500467,-3,-3,-3,-3,-6,-4,-1,-1
1533864482500467,-1,0,-2,0,-4,-6,-5,-2
1533864482509442,-2,-1,-2,-2,-4,-2,-3,-4
1533864482509442,0,-1,-3,-1,-4,-2,0,-1
1533864482524402,0,0,-1,1,5,0,-2,0
1533864482524402,0,-1,-3,-2,-4,0,-3,-1
1533864482525399,0,-1,0,-3,2,-5,-4,0
1533864482525399,1,-1,-1,-5,2,-1,-4,0
1533864482547341,0,-2,-1,0,-2,0,3,-1
1533864482547341,-2,-3,-1,-3,3,-1,-2,-3
1533864482548338,-2,-2,0,-2,3,2,-1,-2
1533864482548338,0,1,0,1,4,2,0,4
1533864482560306,-2,-1,-1,-2,-4,-1,-3,-1
1533864482560306,-1,1,0,-1,1,0,1,-1
1533864482569283,-1,-1,-1,1,-7,-5,-2,-3
1533864482569283,-2,-1,-2,-1,2,-4,1,-3
1533864482584342,-1,0,-2,-1,-1,1,0,-1
1533864482584342,-2,0,1,2,6,0,-3,0
1533864482585241,-1,-4,-2,-4,-8,-4,-4,-4
1533864482585241,-2,1,1,1,-4,-1,0,0
1533864482606185,-1,0,-1,-2,0,0,-2,-2
1533864482606185,-2,-2,-1,-1,-1,-3,-2,-1
1533864482608180,0,-1,-3,1,0,0,1,1
1533864482608180,-2,-3,-3,0,-5,-5,-6,-3
1533864482620150,-1,-2,-1,0,0,-1,0,-1
1533864482620150,-2,-3,-1,-4,-3,-5,1,-3
1533864482629122,-1,-2,0,0,2,-1,-1,-3
1533864482629122,-1,-1,-1,-2,2,-1,1,-1
1533864482644085,-1,1,0,-3,3,1,0,1
1533864482644085,-2,0,-2,-1,3,2,1,0
1533864482646077,-2,1,-2,3,-7,-2,-2,-1
1533864482646077,-1,-1,0,-6,-6,-1,-1,-1
1533864482667021,0,-2,0,-1,-6,-2,-3,-4
1533864482667021,-1,-2,0,1,-1,0,0,-1
1533864482668019,-2,-1,-1,-3,4,0,2,2
1533864482668019,-2,-3,-3,0,-4,-2,0,-1
1533864482679987,0,0,-3,1,0,-1,-1,-2
1533864482679987,-1,-1,-4,-5,-4,0,0,0
1533864482688963,-3,-2,-2,-1,-1,0,-2,-3
1533864482688963,-2,-1,1,-2,-2,-2,1,0
1533864482703927,-1,-1,0,0,5,1,2,-1
1533864482703927,-1,-1,-2,-2,-4,-1,1,-2
1533864482705923,-1,-1,-2,0,-7,-2,-1,0
1533864482705923,-1,-2,1,3,-5,0,-1,0
1533864482726869,0,-2,0,2,-2,-2,0,1
1533864482726869,-1,0,-2,-5,2,-4,-3,-2
1533864482732848,-1,-1,-1,-3,4,2,-4,0
1533864482732848,1,-2,1,2,-1,-2,-3,-1
1533864482740854,-1,-1,-2,0,-3,-2,-1,-3
1533864482740854,0,-2,-2,2,-5,-2,0,0
1533864482748802,0,0,-1,0,3,-2,-2,-2
1533864482748802,0,0,-1,-1,6,-2,-2,-1
1533864482763764,-1,-1,-2,-5,-6,-2,-5,-1
1533864482763764,-3,-2,-1,-3,-6,-1,0,-1
1533864482765757,-2,-1,-1,1,0,0,-1,-2
1533864482765757,-1,-1,0,-1,2,3,-3,0
1533864482786710,-2,0,-1,-1,0,-4,-1,-3
1533864482786710,0,-1,0,-3,-7,0,1,-1
1533864482788695,-3,-2,-2,2,12,5,3,0
1533864482788695,-1,-2,-1,-1,-6,-6,-3,-4
1533864482800663,-4,-1,-1,-1,-2,0,1,0
1533864482800663,-2,-1,-1,1,-3,4,6,3
1533864482809639,-2,-2,0,-2,-6,-1,1,-2
1533864482809639,-1,-1,0,2,-9,-5,-3,-1
1533864482824603,-1,1,-2,1,17,-4,-3,0
1533864482824603,-2,0,-3,-3,-2,0,1,0
1533864482825596,-1,-1,-1,1,0,4,-2,0
1533864482825596,-2,-3,-4,-7,0,-6,-4,-5
1533864482846540,-3,-4,-1,-7,-22,-4,-1,-1
1533864482846540,-1,-2,-2,2,7,2,-5,0
1533864482848536,2,-1,1,-2,2,0,-2,-2
1533864482848536,-3,0,-1,0,6,5,1,-3
1533864482860506,0,-2,-2,-3,-12,-8,-4,-3
1533864482860506,1,-2,-2,-3,3,-3,-2,-3
1533864482869486,-2,1,1,1,-2,-3,-4,3
1533864482869486,-2,-1,-2,-1,-7,-2,-3,-1
1533864482883447,0,0,1,3,10,6,1,1
1533864482883447,1,1,3,0,2,-4,-10,-4
1533864482890426,-1,-1,-3,0,-5,-3,1,-2
1533864482890426,-1,0,0,-3,8,6,4,2
1533864482906383,-4,-3,-7,-1,-2,-6,-6,-2
1533864482906383,1,-1,-1,-2,-6,0,1,0
1533864482908385,1,1,3,-2,-3,-4,-1,0
1533864482908385,1,-2,1,0,-8,-6,-3,2
1533864482920346,2,0,3,-3,-2,-9,-9,0
1533864482920346,-7,-7,-5,-4,-16,-6,-9,-9
1533864482929320,1,1,4,3,12,16,8,5
1533864482929320,0,0,1,5,7,19,8,-4
1533864482944282,-3,0,1,5,5,7,7,-2
1533864482944282,-2,0,-5,0,-1,-9,-4,-2
1533864482945276,-2,-4,-6,-8,-8,-11,-8,-4
1533864482945276,1,-1,-7,5,6,-10,-2,-2
1533864482966224,0,-1,-6,-16,-21,-4,-2,0
1533864482966224,1,0,-1,-5,2,-2,2,4
1533864482968216,-1,-3,-4,-6,-15,-6,-5,-5
1533864482968216,2,1,-1,-6,-4,-5,-2,0
1533864482980183,1,-1,2,2,12,3,9,5
1533864482980183,0,-2,4,5,-3,6,1,3
1533864482989266,-3,0,2,1,9,7,2,0
1533864482989266,-3,2,-2,-2,-5,-7,-8,-3
1533864483004151,-2,-2,1,-1,-8,-3,-2,-4
1533864483004151,-1,-2,0,1,8,-1,-2,-1
1533864483006115,0,-1,-4,2,-4,-6,-4,-2
1533864483006115,2,-3,-4,-5,-5,-2,8,30
1533864483027228,-7,-5,-37,-2,3,-1,-10,-53
1533864483027228,-5,0,6,-5,-7,1,-1,6
1533864483028056,-3,0,0,0,-4,-5,-6,-6
1533864483028056,0,-1,4,-1,-1,-1,1,7
1533864483040041,0,0,-4,-3,7,0,1,2
1533864483040041,1,-2,-5,-1,8,-1,-1,-6
1533864483048999,-2,-1,-4,-3,-11,-4,0,-2
1533864483048999,-1,-1,-5,-3,0,-1,-4,-1
1533864483063960,0,0,8,5,-3,0,1,13
1533864483063960,-2,-2,-3,-4,-6,-4,-6,-10
1533864483070144,-1,-2,2,-1,0,-7,-4,4
1533864483070144,3,1,1,3,15,15,4,-8
1533864483086898,-3,-2,4,-3,0,-4,-4,5
1533864483086898,0,-1,1,0,-21,-9,-1,0
1533864483087894,-3,-3,-7,-6,8,3,4,4
1533864483087894,2,0,0,-1,-22,-8,-1,21
1533864483100921,-3,1,4,1,15,6,-1,-21
1533864483100921,-2,0,-4,3,4,4,4,3
1533864483108842,1,-2,-3,-1,3,0,-3,-5
1533864483108842,1,-2,-2,-2,-2,-4,4,16
1533864483123983,-1,-2,-10,-1,-10,1,-1,6
1533864483123983,-2,3,44,6,5,-2,0,-6
1533864483129786,-1,-2,-2,0,-8,-3,-9,-6
1533864483129786,-3,-4,2,-2,1,2,0,-12
1533864483146755,1,0,1,-2,-4,-3,0,9
1533864483146755,-2,-2,-15,-3,6,-2,1,-2
1533864483148737,-3,-1,-2,-1,3,-2,-4,-2
1533864483148737,-3,-1,0,-3,5,-3,-1,-11
1533864483160700,0,-1,0,-1,-8,0,2,4
1533864483160700,4,0,-9,2,5,2,0,4
1533864483169677,-2,0,1,-5,-6,1,3,0
1533864483169677,-3,-3,-10,4,-4,-3,-5,-13
1533864483183639,-1,-2,4,-1,7,2,-4,3
1533864483183639,0,-1,-4,-5,-6,2,2,0
1533864483190627,-2,-5,-5,0,9,-2,3,3
1533864483190627,-4,-3,-1,-3,-3,0,-6,-13
1533864483206781,0,-1,3,-1,-3,-3,-2,6
1533864483206781,-2,-2,-5,1,-8,-3,1,-6
1533864483208572,-3,0,-3,-2,-12,-3,-7,0
1533864483208572,1,0,1,-1,16,-2,-3,-5
1533864483220543,-2,0,4,1,-4,3,1,2
1533864483220543,0,-1,-7,2,2,4,-1,0
1533864483229516,1,1,2,1,21,0,3,-2
1533864483229516,-4,-2,-5,-4,-21,-5,-5,-9
1533864483243482,2,0,0,0,-13,-2,-1,1
1533864483243482,0,-2,-1,5,6,-3,-2,4
1533864483250460,4,0,5,-1,18,2,2,0
1533864483250460,-4,-2,2,-2,-20,-2,1,0
1533864483266421,1,-2,1,-8,-9,-7,-2,-1
1533864483266421,-2,-1,-3,-3,-4,3,-2,0
1533864483268413,1,1,0,2,5,0,-2,-3
1533864483268413,-1,0,-2,-4,4,-5,-7,-4
1533864483289359,-2,-1,1,-1,7,-3,1,1
1533864483289359,-1,-2,-4,-1,3,-2,-1,2
1533864483290357,0,0,-3,-2,-11,2,2,-1
1533864483290357,-1,-2,-3,-4,-1,6,-2,-5
1533864483303359,2,-1,-1,4,11,-3,-1,0
1533864483303359,-2,-2,2,-3,-6,-2,1,1
1533864483310342,2,-2,-3,-14,-14,-7,2,2
1533864483310342,-4,-3,-5,0,-6,-2,4,-3
1533864483326261,-3,0,-1,-1,4,5,-2,-2
1533864483326261,0,0,-7,1,-2,-4,-1,-3
1533864483328252,-2,-2,3,5,4,5,1,2
1533864483328252,4,1,5,5,16,12,4,2
1533864483349200,-1,-2,-2,-3,-22,-6,-1,-2
1533864483349200,-2,-1,0,-1,3,-1,-3,-2
1533864483351191,-2,-2,-1,-1,-10,0,-2,-2
1533864483351191,-3,-2,-1,-2,7,-5,-2,-2
1533864483364156,0,-1,1,3,26,5,2,-1
1533864483364156,-3,-2,-5,-6,-32,-6,-2,-2
1533864483366151,-3,-1,-3,6,2,-1,-1,-3
1533864483366151,-4,-2,-3,2,0,-6,-1,-2
1533864483387095,0,-1,0,1,2,3,4,3
1533864483387095,1,-1,-1,-1,8,2,-4,0
1533864483388107,-2,-1,-2,-3,-17,-5,-4,-3
1533864483388107,1,2,2,-1,2,-3,-1,-5
1533864483409036,-2,-3,-5,-1,-2,8,6,-1
1533864483409036,0,-1,1,1,7,-8,-4,1
1533864483411030,-2,-2,-3,-1,-7,-1,0,0
1533864483411030,-1,0,0,-2,-6,-2,-3,-3
1533864483424028,-3,-2,1,1,-4,-1,-1,-1
1533864483424028,-2,-3,-2,1,7,0,2,-1
1533864483429980,-2,-2,-1,-1,1,-3,-1,0
1533864483429980,-1,0,-1,0,-2,2,-2,-3
1533864483446935,1,0,-2,-3,2,-3,-4,-1
1533864483446935,-3,-2,-1,-2,-10,-5,4,-3
1533864483447932,-6,-1,-2,1,-7,-6,-9,-3
1533864483447932,5,-1,-2,-6,-4,-4,-3,-5
1533864483468876,1,0,-3,6,3,1,2,5
1533864483468876,3,0,-1,-7,10,12,4,1
1533864483470871,-3,-2,-3,-4,-12,-8,-1,0
1533864483470871,-7,-4,-3,11,3,2,1,-2
1533864483483836,1,2,3,-2,-6,-7,-8,2
1533864483483836,-3,-2,-1,2,3,1,0,-1
1533864483490817,3,2,0,-1,2,0,-3,-2
1533864483490817,-2,-2,-5,-5,-5,2,0,-3
1533864483506774,0,-2,1,-2,-2,-8,1,-2
1533864483506774,0,-2,-3,0,-7,-5,-2,1
1533864483507772,-1,-4,-2,1,2,6,2,-2
1533864483507772,-2,-1,-2,-4,1,0,0,-2
1533864483529746,-2,-2,-4,-5,-12,-8,-8,-6
1533864483529746,1,1,2,-2,13,8,0,6
1533864483530712,-1,-1,0,1,3,3,8,1
1533864483530712,3,1,2,0,2,1,2,6
1533864483543679,-1,-1,-2,-1,2,-2,-7,-3
1533864483543679,0,0,-4,-2,-7,-9,-9,-4
1533864483550868,-1,-2,-2,-1,5,3,4,2
1533864483550868,-2,-1,0,0,-5,-3,-1,0
1533864483566632,-3,-3,-1,-5,-16,-2,-2,-5
1533864483566632,-1,-3,-1,2,8,1,-1,-4
1533864483568610,1,0,-1,3,4,5,-3,0
1533864483568610,-2,-3,-4,-5,4,-2,-2,-3
1533864483589557,-4,-2,-2,-5,3,-2,2,-4
1533864483589557,-3,0,-4,2,-11,-3,-5,-4
1533864483590551,4,2,2,-5,7,-6,-1,3
1533864483590551,4,0,3,10,10,19,6,5
1533864483603516,-6,-4,-2,-3,-23,-6,3,-1
1533864483603516,-4,-3,-1,2,20,7,2,-4
1533864483610500,-3,-3,-3,-14,-27,-18,-8,-4
1533864483610500,-3,-1,-1,-2,-8,-11,-9,-4
1533864483626458,2,1,-3,0,12,5,-1,1
1533864483626458,0,-1,1,-2,-8,-6,-2,-1
1533864483628449,-1,-2,-2,3,1,-3,-3,-3
1533864483628449,-2,-2,-3,-4,3,-6,-2,-1
1533864483649397,2,-1,-1,-2,-7,-2,0,1
1533864483649397,0,0,-1,-1,-1,2,2,0
1533864483655381,-2,-1,-2,3,3,4,-1,-4
1533864483655381,-1,0,0,-4,-3,-2,-1,1
1533864483662358,1,3,3,5,7,1,-1,3
1533864483662358,-2,-3,-8,1,0,-3,-2,-1
1533864483671334,-1,-1,-2,0,-5,-7,-1,-4
1533864483671334,0,0,0,-6,5,2,-4,0
1533864483686295,-2,0,0,8,3,11,4,0
1533864483686295,-5,-1,1,-8,-21,-7,-4,-1
1533864483688290,-3,0,1,6,2,3,-4,-5
1533864483688290,-2,-1,0,-2,-3,-4,0,-3
1533864483709233,3,-2,-1,3,20,5,-1,1
1533864483709233,-1,0,-1,-10,-23,-7,-2,-1
1533864483711227,-3,-1,-4,-6,0,-4,-5,-3
1533864483711227,1,1,-1,2,-2,-2,-2,0
1533864483723200,0,-2,-3,-1,3,-1,-1,-3
1533864483723200,-2,0,0,3,-2,-2,1,-2
1533864483730177,1,-1,-3,-3,-2,-4,0,1
1533864483730177,0,-1,-3,-3,-1,0,1,1
1533864483746138,-2,-1,-1,-2,-5,-2,-3,-3
1533864483746138,0,-3,-2,1,5,-2,-2,-1
1533864483748145,-2,-3,1,0,-1,2,3,1
1533864483748145,-1,-2,1,1,0,0,1,1
1533864483769073,-4,-4,-4,-3,3,-8,-5,-2
1533864483769073,2,0,2,-3,7,7,2,1
1533864483771068,-2,-1,-1,-1,-5,-1,-2,1
1533864483771068,-4,0,0,-1,-9,-4,-3,-3
1533864483783039,-2,-1,-1,-1,-4,-3,-3,-4
1533864483783039,1,-1,-1,5,11,3,-1,0
1533864483792012,1,0,1,0,1,1,1,-1
1533864483792012,-2,-1,-2,-4,0,-5,0,-1
1533864483806972,-1,0,-1,-2,-3,2,1,0
1533864483806972,-1,1,1,-1,0,0,1,-2
1533864483807969,0,-2,0,0,0,-1,-3,-4
1533864483807969,-2,-1,-2,0,-2,-4,-2,-2
1533864483828954,-1,-3,1,1,-4,-2,-2,-1
1533864483828954,-2,-1,-3,-1,-5,-3,0,1
1533864483830912,-1,-1,0,-3,-5,-4,0,0
1533864483830912,-1,-2,-4,-1,-2,-6,-5,-3
1533864483842879,-1,0,-1,-2,-5,-2,3,0
1533864483842879,0,0,-2,-1,13,9,-7,1
1533864483851853,0,0,0,0,0,3,-1,1
1533864483851853,-2,-3,-2,-2,-3,-1,-1,-2
1533864483866815,0,-1,-1,-2,-7,-3,-4,-3
1533864483866815,0,-2,-1,2,-1,-5,0,-2
1533864483867813,1,-2,-3,-3,4,2,-2,-2
1533864483867813,-1,-1,0,-4,-6,5,2,2
1533864483889750,1,-2,2,4,2,-5,-4,1
1533864483889750,-3,-2,-1,-3,-14,-6,-2,-2
1533864483890748,-1,-1,0,6,6,6,2,2
1533864483890748,-1,0,1,-11,-16,-7,-6,-3
1533864483902874,1,-4,-4,-2,20,8,6,0
1533864483902874,0,0,-2,-4,-2,-6,-1,1
1533864483911699,-3,-1,-1,3,-14,2,-1,1
1533864483911699,-2,-1,-1,2,2,-1,1,-1
1533864483926808,-3,0,-1,-2,-7,-1,-1,0
1533864483926808,2,-1,-2,-3,4,-4,-4,-5
1533864483928650,-1,0,0,-3,7,1,3,0
1533864483928650,-3,-1,-1,-1,2,1,-1,-2
1533864483949757,-2,-2,-3,-6,-5,-6,-4,-3
1533864483949757,-2,-2,1,1,-1,1,2,-2
1533864483950589,0,-1,-1,0,-4,-2,-2,-1
1533864483950589,-1,-1,-2,-1,7,-2,-1,-1
1533864483962556,-1,-1,-1,0,-2,-3,-2,1
1533864483962556,-3,-1,0,1,1,1,0,-2
1533864483971532,-1,1,-2,-5,-3,1,0,-1
1533864483971532,-2,-2,-1,-3,1,-4,-8,-6
1533864483986494,0,-2,1,-2,-9,-3,2,1
1533864483986494,1,0,-1,0,7,7,4,4
1533864483988497,-2,-1,1,-2,4,-2,0,-1
1533864483988497,-1,-1,0,-1,-14,-3,0,0
1533864484009430,-2,0,-3,-4,-2,-6,-2,-4
1533864484009430,-1,-2,-1,-2,0,1,0,0
1533864484010441,-1,-1,0,-1,9,-1,0,-2
1533864484010441,-1,-1,1,-1,-4,1,3,1
1533864484023451,-2,0,-2,3,0,1,-2,-1
1533864484023451,-1,-1,-1,-1,6,-2,0,-2
1533864484031373,-1,-2,-4,-1,-13,-5,-4,-4
1533864484031373,-2,1,-2,1,13,-1,0,1
1533864484046503,-1,0,-3,-4,-19,-7,-3,-1
1533864484046503,-1,-2,-4,1,1,0,-3,-5
1533864484048328,-1,-1,0,-5,-9,-6,-1,0
1533864484048328,0,0,1,0,10,1,1,0
1533864484069274,-4,-1,1,4,-8,1,-1,0
1533864484069274,-2,-1,-2,-5,-4,-2,-1,0
1533864484071284,-1,-1,-1,-2,-5,-5,-3,-1
1533864484071284,1,0,-3,1,-3,1,0,-2
1533864484083233,-1,1,1,3,13,6,3,3
1533864484083233,-3,-1,0,-4,-11,-7,-6,-4
1533864484092210,0,-1,2,0,3,-2,1,-2
1533864484092210,-2,-2,0,-1,-6,-3,-3,-6
1533864484106177,0,-2,-5,-3,3,-1,-3,2
1533864484106177,0,-1,0,2,-3,5,0,0
1533864484108167,-2,-1,1,-2,6,1,-2,0
1533864484108167,-3,-1,-4,2,-10,-4,-1,-1
1533864484137097,-1,-1,0,-3,-4,-2,0,-3
1533864484137097,-1,-2,0,-1,-5,-4,-1,0
1533864484138087,0,0,-3,-2,-3,0,-2,-1
1533864484138087,-1,-1,1,2,3,4,1,-1
1533864484152052,-2,-2,0,0,5,-3,-2,-3
1533864484152052,0,0,-3,0,-3,0,1,1
1533864484153057,0,-1,0,3,0,0,-3,-3
1533864484153057,0,-3,-3,-4,7,4,0,-1
1533864484166015,-1,1,2,2,-6,1,1,1
1533864484166015,-2,0,0,1,-7,-6,-7,-1
1533864484172993,-1,-2,-2,-2,-4,-5,-1,-3
1533864484172993,-2,-3,0,3,13,4,1,0
1533864484188953,-3,-2,-4,-4,-9,-10,-7,-4
1533864484188953,-1,-4,-4,-3,7,-3,0,-1
1533864484190945,1,0,0,-1,-3,3,4,3
1533864484190945,-1,-3,0,-1,-5,-4,0,3
1533864484211892,-1,0,0,0,4,3,-1,-2
1533864484211892,-1,-2,-1,1,-2,0,1,-3
1533864484212891,-1,-2,-2,-1,3,-5,-5,-1
1533864484212891,1,0,0,-4,-4,-3,-1,1
1533864484227060,-1,-1,-3,-1,0,2,1,-3
1533864484227060,-1,-1,-1,-3,0,-1,-1,-1
1533864484227859,0,-2,-3,-2,3,0,1,-1
1533864484227859,0,0,-3,-2,-9,-4,-2,-2
1533864484248791,-1,-2,0,-4,0,-2,-1,-1
1533864484248791,0,0,-3,0,-1,-1,-1,-1
1533864484250806,-2,-1,-1,1,1,3,1,-1
1533864484250806,-2,0,-2,0,-6,-1,-2,-1
1533864484271729,-1,-3,0,-1,2,0,-1,0
1533864484271729,0,-2,-1,-2,-2,1,-1,-1
1533864484273724,-1,-1,-1,0,0,0,-1,-1
1533864484273724,3,-1,-1,1,0,-2,-2,-1
1533864484286692,0,0,-4,-1,-3,-3,-2,-1
1533864484286692,-2,-1,2,-1,-8,-4,-1,-1
1533864484288684,0,0,-1,1,7,4,-2,-1
1533864484288684,-2,-1,0,2,3,-1,0,-1
1533864484309637,-2,-2,-4,-2,-4,-1,-1,-2
1533864484309637,-1,-1,-2,-1,3,-3,-2,-3
1533864484310627,-1,-1,0,-2,-7,-3,-4,-2
1533864484310627,-2,-1,-1,-4,-5,-1,-1,0
1533864484331570,-2,-1,-2,2,2,0,2,0
1533864484331570,-2,-1,-3,-1,0,0,-1,-1
1533864484333564,0,-1,-1,-1,-1,-3,1,0
1533864484333564,0,0,0,-1,-2,0,0,0
1533864484346528,0,-1,0,-1,-2,-2,-1,-2
1533864484346528,0,-2,-1,0,1,2,-1,-2
1533864484352648,-2,-2,-2,0,-4,-1,-1,-4
1533864484352648,-1,-2,-2,0,-4,-1,-1,-3
1533864484369471,-1,0,0,-2,1,1,-1,0
1533864484369471,-1,-1,-1,-1,-3,-3,-1,0
1533864484370474,-2,-2,-1,0,-3,-2,-1,-1
1533864484370474,-2,-1,-1,-1,-2,0,-2,0
1533864484391413,-1,-1,0,-1,2,0,-1,-1
1533864484391413,0,-1,-1,-1,1,-2,0,-1
1533864484393403,-2,0,-3,-1,-3,-4,-1,0
1533864484393403,-1,0,-3,0,-3,-2,-3,0
1533864484405371,0,-1,-1,-3,-3,-2,-2,-1
1533864484405371,0,-3,-1,-1,2,-1,1,0
1533864484414348,-2,-2,0,-4,-4,-2,-2,-1
1533864484414348,-1,-2,-3,1,4,-1,-1,1
1533864484429310,-1,0,-2,-2,-6,1,1,-1
1533864484429310,-2,-1,-3,-4,-6,-7,-5,-5
1533864484430307,-2,0,-2,-2,0,2,3,1
1533864484430307,-1,-1,1,-1,1,-4,-7,0
1533864484451252,0,-1,0,-1,5,3,0,-3
1533864484451252,0,1,1,1,4,7,1,4
1533864484453244,0,-1,-1,-1,-6,0,-1,-2
1533864484453244,-2,-3,0,0,-5,-3,3,-2
1533864484465215,-2,-2,-2,2,0,-3,-2,0
1533864484465215,0,0,2,-2,2,-5,-7,-3
1533864484474188,-2,0,-1,2,2,7,-1,1
1533864484474188,-1,0,-2,-1,1,1,1,-1
1533864484489204,-1,0,0,-3,-13,-3,0,-1
1533864484489204,-3,-1,-1,1,-3,0,2,-1
1533864484491142,-1,-1,2,0,-6,-9,-5,-5
1533864484491142,2,0,0,-5,6,3,4,0
1533864484511088,-3,0,0,2,3,3,2,3
1533864484511088,-2,2,1,1,-1,2,1,3
1533864484513084,0,-1,-2,-1,1,-1,-2,-1
1533864484513084,-2,0,1,1,-2,-1,-1,-4
1533864484525051,0,-1,3,-3,-6,-8,-2,-4
1533864484525051,0,-3,1,-4,15,8,2,1
1533864484534030,-1,-2,-2,-1,-9,-9,-4,-2
1533864484534030,-2,-2,-3,-1,3,0,-1,0
1533864484548987,-1,-1,-4,-2,-5,-1,-2,0
1533864484548987,-4,-3,-4,2,-3,-4,-2,-3
1533864484550982,-4,-2,-3,-2,12,-2,-2,-1
1533864484550982,-3,-2,0,-1,-2,2,2,-2
1533864484571932,0,-2,-1,-3,0,3,-1,0
1533864484571932,1,-2,0,-1,-5,-1,0,-3
1533864484572939,2,1,0,0,5,1,-3,2
1533864484572939,0,0,-5,-1,-2,-1,-2,0
1533864484585895,-1,0,1,0,3,0,0,-3
1533864484585895,0,-1,-2,-4,-2,-2,-1,0
1533864484593870,0,-2,2,-3,1,0,3,0
1533864484593870,1,-2,-3,-2,-5,-1,-1,-1
1533864484608830,-3,-2,-2,0,-2,-3,-1,0
1533864484608830,-2,-1,-4,-2,0,-3,-2,-1
1533864484610821,-1,-1,-1,-1,3,1,0,-1
1533864484610821,-1,-1,4,-2,-7,-5,-2,-3
1533864484631770,-1,0,-6,-1,5,0,-3,-1
1533864484631770,-2,-1,-1,0,-9,-4,-2,-2
1533864484633761,-2,-2,-2,-3,-5,0,0,-1
1533864484633761,-1,-2,0,-1,-1,0,-1,-1
1533864484645731,-1,-1,-1,1,0,-2,-1,-1
1533864484645731,-2,-1,0,-1,-2,-1,-2,-2
1533864484654704,1,1,0,-4,0,0,0,0
1533864484654704,-3,-1,-2,-3,-13,-10,-5,-2
1533864484669667,1,-1,4,1,15,8,0,0
1533864484669667,-3,-2,1,2,-13,-8,-2,-3
1533864484670682,-4,-2,-3,-3,7,5,3,1
1533864484670682,-3,0,-3,-2,-7,0,1,0
1533864484691623,2,0,-5,0,-2,-4,-4,-4
1533864484691623,0,-3,-3,2,5,-1,-1,0
1533864484693600,0,-2,-2,-2,-7,-6,-3,-3
1533864484693600,-2,-2,-2,3,4,-1,-4,-2
1533864484705589,-1,-2,-2,-6,0,-2,-1,-1
1533864484705589,-1,0,0,-1,-3,2,-1,0
1533864484714555,0,-1,-1,1,0,-2,-1,-2
1533864484714555,0,-1,-1,-1,4,2,2,2
1533864484729515,-2,-3,1,-2,-6,-3,-4,-1
1533864484729515,-1,-2,-1,-2,-1,0,0,-1
1533864484730513,-2,-1,-1,0,2,0,-3,1
1533864484730513,-1,-1,-1,-2,-6,-1,-2,-3
1533864484751449,-1,1,-3,0,5,-1,1,1
1533864484751449,-3,1,-2,-5,-8,-1,2,2
1533864484753442,-2,-1,-2,-3,-5,-1,-1,-2
1533864484753442,-1,1,2,-1,-3,-4,-2,0
1533864484765412,0,-3,0,3,8,7,1,-1
1533864484765412,-2,-1,-3,0,2,1,1,-2
1533864484774385,-1,-2,-1,3,-4,-5,0,-1
1533864484774385,-2,-1,-2,-1,10,1,-1,-3
1533864484789347,-1,0,-1,-6,-26,-8,-2,-2
1533864484789347,-1,-2,-1,-3,4,1,-2,-3
1533864484790342,-1,-1,-1,0,-3,-1,-1,-3
1533864484790342,-3,-2,0,-6,-10,-3,-2,-1
1533864484811291,-2,-3,-2,-2,5,-1,-1,-1
1533864484811291,0,-3,2,1,-2,0,-2,-1
1533864484813280,1,-1,0,0,-1,0,-1,-1
1533864484813280,2,-2,-1,-1,4,-1,-2,0
1533864484825457,2,0,-1,-2,-4,-3,-5,-2
1533864484825457,1,2,-2,2,-1,2,0,-1
1533864484834225,0,0,-1,4,5,-1,-2,-1
1533864484834225,-1,-1,3,-4,-4,-2,0,-3
1533864484849188,-3,-2,-4,-2,1,-1,1,-2
1533864484849188,1,0,-1,0,3,1,1,1
1533864484851179,-1,-2,-2,-1,-6,-2,-1,1
1533864484851179,1,1,-4,0,-3,-2,1,1
1533864484871142,-1,-2,0,-1,-3,-3,-3,-1
1533864484871142,-2,-3,-3,-3,5,-9,-4,-6
1533864484873125,0,-1,-2,-5,-4,2,0,0
1533864484873125,-2,-2,1,1,4,2,-1,0
1533864484885092,-3,-2,-2,-1,-3,2,1,0
1533864484885092,0,0,-1,3,9,2,0,0
1533864484894064,-3,-1,-1,-1,-13,-5,-4,0
1533864484894064,-2,-2,0,1,-6,-4,-3,-3
1533864484909160,1,-1,-1,-1,2,-1,0,-1
1533864484909160,-1,0,-1,-8,-3,9,7,3
1533864484911020,0,-2,-6,-3,5,-5,-2,-3
1533864484911020,-3,-4,23,6,7,-1,-2,-1
1533864484931966,-6,-2,3,4,-10,-4,-4,-1
1533864484931966,-2,-1,0,1,2,-4,-5,-4
1533864484932981,-2,-3,8,-1,-3,2,1,0
1533864484932981,0,-1,-7,-5,0,-1,-2,0
1533864484945929,1,-2,-6,-3,-1,-2,2,-1
1533864484945929,-1,-3,2,-2,-6,-3,-1,-1
1533864484953908,0,1,-9,0,6,0,1,0
1533864484953908,-1,-1,-6,-2,-1,-3,-4,-2
1533864484968867,-1,1,3,0,3,-3,0,1
1533864484968867,0,0,-5,-2,-6,-3,-4,-2
1533864484975854,0,-2,-1,-2,-2,-5,-2,-5
1533864484975854,0,-2,-6,-1,-1,2,1,-2
1533864484991806,-1,1,-1,1,5,3,-1,-1
1533864484991806,-3,-1,-2,-1,-5,-3,-2,1
1533864484992800,-2,1,1,-1,-13,0,2,2
1533864484992800,0,-1,-2,-1,3,2,0,-1
1533864485004769,0,1,-6,-1,-5,-3,-2,-4
1533864485004769,-2,-3,2,-4,2,-3,-3,-2
1533864485014742,-3,-2,-1,-4,-1,-4,-3,-2
1533864485014742,-2,-1,-8,-4,-13,-1,-1,2
1533864485028908,-2,-1,-2,-2,2,-3,-1,0
1533864485028908,2,0,1,2,2,1,-1,1
1533864485035704,-1,-2,0,0,8,2,-1,-2
1533864485035704,-1,-1,-4,-3,-7,-1,0,-1
1533864485051646,-3,-3,2,5,-3,-6,-4,-5
1533864485051646,0,-2,-3,-6,-4,-1,2,1
1533864485053637,-2,1,-4,-10,5,1,-1,2
1533864485053637,-1,1,-7,0,2,3,-2,-1
1533864485065610,-2,-2,1,-6,-4,-2,0,0
1533864485065610,-1,-3,-3,3,-1,-4,-4,-5
1533864485074581,-1,0,-1,2,-3,0,0,-3
1533864485074581,-1,-2,6,0,2,-1,-2,-2
1533864485088547,2,-1,-4,-5,-2,2,-1,0
1533864485088547,-1,-3,-3,1,9,-5,-1,-1
1533864485095529,0,-2,-4,-5,-11,4,2,1
1533864485095529,-2,0,-3,6,-3,-1,0,-1
1533864485111486,-1,-1,3,-5,6,1,0,-1
1533864485111486,-4,0,-1,-3,-7,-6,-4,-2
1533864485113478,0,0,-3,7,20,5,-3,-1
1533864485113478,-4,-3,0,-7,-16,-3,5,1
1533864485125448,-2,-2,-33,0,-10,2,0,-1
1533864485125448,-1,1,11,-10,-3,3,-1,-1
1533864485134422,-2,-3,0,2,-3,-5,-5,-3
1533864485134422,1,1,1,0,8,0,-3,-1
1533864485148387,-1,-1,2,3,4,-2,-1,-2
1533864485148387,-1,-3,-7,1,-5,-1,1,2
1533864485155365,1,1,1,1,1,1,1,-1
1533864485155365,2,0,0,3,9,1,-2,-1
1533864485172357,2,3,11,-1,0,-1,0,2
1533864485172357,-3,-2,-8,0,-1,-1,-4,-6
1533864485173319,1,0,10,4,15,4,3,2
1533864485173319,-4,-4,-8,0,-18,-7,-3,-1
1533864485194262,-4,0,4,5,-3,-2,-1,-1
1533864485194262,-2,-3,6,6,4,-4,-6,-5
1533864485196255,1,-4,-12,-5,-5,7,1,-1
1533864485196255,-3,-6,-11,-6,-4,-3,-2,-3
1533864485208227,-1,-1,-1,-5,-2,-4,-4,0
1533864485208227,0,3,0,1,2,3,4,3
1533864485215208,1,2,5,3,-10,-5,-2,-1
1533864485215208,-2,-3,-6,0,11,-4,-2,0
1533864485232160,-2,-5,-2,-3,-2,-2,-3,-4
1533864485232160,3,-1,1,3,2,0,-1,-3
1533864485233158,-2,-2,4,-5,-2,2,4,1
1533864485233158,2,2,-2,-1,2,2,-4,1
1533864485254104,0,0,2,-3,0,0,0,0
1533864485254104,0,0,-4,1,-9,-2,-3,0
1533864485256115,-2,2,-3,0,-6,-6,-3,-4
1533864485256115,0,-3,2,1,5,2,-1,0
1533864485268067,0,-4,3,-2,2,1,0,1
1533864485268067,-2,1,5,-7,-12,0,1,-1
1533864485276046,-2,-2,-7,-2,-3,-5,-3,-3
1533864485276046,0,1,-1,-2,4,-1,-1,-3
1533864485291002,-1,0,3,0,2,-2,0,0
1533864485291002,0,1,3,-2,-5,0,0,1
1533864485292205,-2,0,1,1,-3,-1,-1,-1
1533864485292205,-1,-2,-2,1,-1,0,-1,-2
1533864485312944,-2,0,-1,1,1,1,0,-1
1533864485312944,-1,1,-2,0,-9,-8,-5,-5
1533864485320926,0,-3,-5,6,32,0,-4,-1
1533864485320926,1,3,1,-1,-9,5,5,5
1533864485327907,-4,-1,3,1,-6,-2,1,0
1533864485327907,-2,-1,-7,-7,0,4,1,1
1533864485335885,0,-3,0,-5,-11,-6,-4,-3
1533864485335885,-3,-3,4,-1,4,-4,-5,-4
1533864485350842,0,1,-3,-2,4,2,1,1
1533864485350842,-1,-2,-2,1,6,-2,1,0
1533864485351840,-1,-1,-1,-1,-11,-5,-1,-2
1533864485351840,2,0,0,-6,4,0,0,-2
1533864485373781,1,0,4,-1,1,4,0,-2
1533864485373781,-4,-3,-4,6,0,-1,-3,-2
1533864485373781,-1,-1,0,-4,-4,2,-2,-1
1533864485373781,-2,-1,-2,-7,-10,-9,-3,-2
1533864485387778,-1,-3,-6,-2,-5,-7,-6,-2
1533864485387778,3,-1,1,7,39,14,4,3
1533864485395934,-5,-1,-1,-5,-20,-4,-1,-1
1533864485395934,-1,-2,-1,-3,-4,-1,-1,-3
1533864485410686,-2,-2,-1,-1,-8,-5,-2,-3
1533864485410686,-1,-3,0,-7,-14,-5,0,-1
1533864485411680,-1,0,1,-1,6,1,-1,-1
1533864485411680,2,0,3,5,7,-1,1,-1
1533864485433621,-3,-4,-5,0,-3,-3,-3,-3
1533864485433621,-1,-1,-2,-1,-1,0,0,0
1533864485434618,-2,-1,0,-2,2,5,-1,1
1533864485434618,-1,2,1,-4,-3,-1,1,0
1533864485447585,0,1,1,4,10,2,1,-1
1533864485447585,-2,0,0,0,-9,-3,-3,-2
1533864485456563,-2,-7,-10,-2,-1,-7,-7,-2
1533864485456563,-3,0,-3,-2,-8,1,1,0
1533864485470526,0,2,1,-5,-2,-1,0,3
1533864485470526,-1,-2,-3,-2,-3,-3,-1,-3
1533864485471520,-1,0,2,-1,-6,-1,1,-2
1533864485471520,-2,-2,-3,3,6,-1,-4,-3
1533864485493497,0,-1,1,-3,5,1,-1,-2
1533864485493497,0,0,0,-5,-11,-6,-1,0
1533864485494458,-2,-1,1,0,-1,-2,-2,0
1533864485494458,1,-5,-2,-1,1,-1,-2,-4
1533864485507424,-2,-1,-1,0,-6,-3,1,-1
1533864485507424,-2,-1,-6,-3,1,-3,0,-1
1533864485516403,2,2,2,4,6,3,3,-3
1533864485516403,-1,-2,-4,-1,-2,-1,-2,-1
1533864485531361,-1,0,-2,-6,-2,-1,-4,-1
1533864485531361,-1,-1,-4,3,9,-1,-2,-2
1533864485531361,-1,-2,-2,-8,-15,-4,-2,-1
1533864485531361,0,0,1,-3,0,2,0,1
1533864485553483,0,-1,3,-4,-2,0,0,-3
1533864485553483,-1,-2,-7,0,-4,-1,-1,-1
1533864485554299,-1,1,-2,0,-1,-5,-2,1
1533864485554299,0,0,0,1,2,0,-3,-1
1533864485577309,-2,-3,-3,-1,-1,-1,-1,0
1533864485577309,-1,-2,3,-3,1,0,-1,-1
1533864485578261,0,-1,0,1,1,-3,1,-3
1533864485578261,-1,0,-1,-2,-7,-5,-3,-3
1533864485591203,-3,-2,-3,0,2,-2,-2,-1
1533864485591203,1,2,2,-1,-7,3,-6,2
1533864485592201,-2,-4,-5,1,5,3,-1,-1
1533864485592201,-2,-2,-2,-1,0,-3,0,-1
1533864485613141,-4,-2,-5,-3,-7,-4,-3,-3
1533864485613141,-1,-3,-3,-2,-1,-1,2,-1
1533864485614146,1,-3,0,-2,3,-2,-1,-1
1533864485614146,0,1,-1,0,-5,-3,-1,-1
1533864485628307,1,0,2,4,5,6,3,0
1533864485628307,1,1,6,-4,-5,-3,0,1
1533864485629143,-4,-5,-9,0,-7,-4,-4,-2
1533864485629143,-3,-2,0,2,2,-1,1,0
1533864485651085,-1,0,0,4,1,-1,-1,-1
1533864485651085,0,0,0,-2,-1,-1,0,-2
1533864485652082,0,1,2,-5,1,2,-1,-3
1533864485652082,-2,0,-1,2,-8,-5,-3,-1
1533864485674022,-2,-3,-2,-2,-1,0,-2,-1
1533864485674022,-1,-3,-2,-1,1,-3,-5,-3
1533864485674022,0,0,-1,-3,-10,-7,-1,-3
1533864485674022,0,-1,1,-4,1,5,1,1
1533864485687985,0,1,5,1,-1,-1,0,0
1533864485687985,-3,-2,-4,0,-4,-5,-1,-3
1533864485695969,0,-2,-2,0,6,3,3,3
1533864485695969,-1,1,-2,0,7,4,-1,-1
1533864485710948,2,-1,-1,2,4,6,1,-2
1533864485710948,-2,-1,-1,0,3,-3,-3,-2
1533864485711922,-2,-3,1,-12,-16,-3,-1,-1
1533864485711922,-3,-4,-2,9,2,-1,-3,-3
1533864485733867,-3,-4,-7,-6,-3,-6,-6,-4
1533864485733867,-1,0,1,2,4,-2,-3,-1
1533864485733867,0,3,-2,-4,6,1,5,1
1533864485733867,0,1,1,-5,-8,0,1,-2
1533864485747837,1,-1,1,2,11,2,-1,0
1533864485747837,-2,3,0,0,-17,-4,-2,-1
1533864485755809,-1,-4,1,1,-1,1,-1,1
1533864485755809,-3,-6,-8,-5,5,1,-2,-2
1533864485770767,-1,5,3,7,7,-6,-2,-2
1533864485770767,-1,4,5,1,-4,1,4,0
1533864485771765,-3,-15,-16,-6,11,0,-4,-4
1533864485771765,-2,-11,-8,-20,-43,-6,0,-1
1533864485793702,-2,-7,-4,-1,-8,-4,-5,-5
1533864485793702,1,2,4,-6,6,4,-1,0
1533864485794718,2,10,9,13,-3,1,0,0
1533864485794718,-1,-4,-17,2,12,-3,-2,-2
1533864485816644,0,-1,-3,-7,-3,0,0,1
1533864485816644,0,-1,-6,-5,6,3,1,2
1533864485817654,-2,-1,3,1,6,-1,-3,-1
1533864485817654,-1,3,8,2,7,1,0,0
1533864485830617,0,0,0,-3,-10,-3,0,0
1533864485830617,-3,-3,-4,5,6,-1,-3,-6
1533864485831602,0,1,-2,-5,-9,-4,0,-2
1533864485831602,1,4,4,2,8,4,0,3
1533864485853702,-4,-2,-3,-2,-2,0,-1,0
1533864485853702,-1,-7,-6,-4,-7,-2,-2,0
1533864485854541,-3,1,-1,4,-4,-4,-5,-3
1533864485854541,-1,3,3,1,1,-5,-3,-2
1533864485867714,-1,0,-1,-2,3,4,3,3
1533864485867714,-2,-5,-2,-2,-2,0,-2,0
1533864485875610,0,2,1,3,9,2,1,0
1533864485875610,0,3,1,0,-6,-2,2,-1
1533864485891446,-1,4,0,-4,-2,-6,2,-1
1533864485891446,-2,-7,0,-3,-11,-4,1,-2
1533864485891446,-1,-5,-5,-1,1,2,-5,-2
1533864485891446,0,-3,-1,3,9,3,-2,-3
1533864485913500,5,-2,4,4,-2,-6,-2,13
1533864485913500,-6,2,-4,-5,-9,-2,-1,-10
1533864485914498,-1,2,-2,-2,0,0,0,-1
1533864485914498,-3,-1,-1,5,2,-1,-2,-4
1533864485928461,-1,-2,-3,-5,-2,1,1,-1
1533864485928461,3,0,3,-2,7,1,-3,1
1533864485936440,-2,0,-5,8,-6,-2,0,-3
1533864485936440,-2,0,-2,4,2,-2,1,2
1533864485951397,-2,-1,0,2,-2,1,-1,-5
1533864485951397,-2,-2,-2,-4,-1,-2,0,0
1533864485951397,2,-2,2,-10,-7,-4,-4,-3
1533864485951397,2,1,0,-1,3,2,2,5
1533864485973340,-2,-3,-3,-2,1,-1,-3,-3
1533864485973340,-1,0,-1,0,0,-1,0,-1
1533864485974337,0,-1,3,0,-5,-2,-2,1
1533864485974337,-1,-1,0,-3,7,-4,-3,-4
1533864485988300,-1,1,-2,-2,-3,-1,-3,-3
1533864485988300,-2,0,-3,2,-3,1,0,-1
1533864485996280,-1,-1,0,-2,9,-1,0,-1
1533864485996280,-1,-2,0,-6,-27,-1,0,1
1533864486011238,-1,-2,-7,-2,-2,-3,-2,-2
1533864486011238,0,-1,-2,2,-2,-2,-4,0
1533864486011238,-3,-2,2,3,0,2,-1,0
1533864486011238,-1,-1,2,-5,4,-3,-2,-5
1533864486033376,0,-1,1,1,0,-2,-3,-4
1533864486033376,-1,0,-2,1,-1,-4,-1,0
1533864486034180,-2,0,-5,-1,1,1,0,-1
1533864486034180,-2,1,-2,-2,6,1,-1,-1
1533864486048157,-2,0,4,-2,-8,-1,0,-2
1533864486048157,-2,-5,-3,-4,1,-4,-1,-4
1533864486056122,-3,-4,-2,0,-11,-4,2,-1
1533864486056122,-1,0,-26,1,14,4,-7,-1
1533864486071197,1,-1,10,2,-4,9,3,1
1533864486071197,-1,-3,-4,-3,-13,-7,-1,1
1533864486072094,-3,2,0,-5,-5,2,-1,-2
1533864486072094,-2,-1,0,1,-8,-5,-6,-3
1533864486094032,-1,-2,-5,-2,-3,-2,2,0
1533864486094032,-1,-1,0,3,12,5,-4,-2
1533864486094032,-1,-2,-2,-2,-3,-3,-4,-1
1533864486094032,2,0,4,-5,-4,-5,0,0
1533864486116955,-3,-1,-3,-1,6,1,1,-6
1533864486116955,-4,-1,3,2,-5,-4,-3,-9
1533864486116955,-2,-3,-4,0,8,-3,2,0
1533864486116955,-1,1,6,2,5,7,-1,2
1533864486130919,0,-2,-1,0,0,-6,-6,-5
1533864486130919,0,1,-4,-5,1,1,6,4
1533864486131920,-1,-1,0,-1,-6,0,-1,-3
1533864486131920,-2,-2,4,-1,4,-2,1,-2
1533864486153860,-2,-1,-2,-4,-8,1,0,0
1533864486153860,-1,-2,1,1,7,0,-1,0
1533864486154858,-1,-1,-3,-2,-1,-6,-2,-2
1533864486154858,-1,0,2,-1,-6,-1,0,0
1533864486176799,-3,-3,-7,-1,5,-3,-4,-2
1533864486176799,0,-1,-3,-5,-4,6,-2,-1
1533864486177793,0,-2,0,-2,2,-2,0,2
1533864486177793,-3,-1,4,4,-3,-2,-2,-3
1533864486190758,-3,-3,-5,-3,4,-6,-3,-4
1533864486190758,2,0,-1,1,-7,1,1,4
1533864486191767,1,1,2,3,-1,0,-2,-2
1533864486191767,0,1,4,-5,4,12,4,2
1533864486213696,-2,-1,-2,0,-1,-2,1,-1
1533864486213696,0,-2,-3,-4,-6,-9,-3,-1
1533864486213696,0,-2,-5,-3,1,-2,-7,-1
1533864486213696,0,-1,-1,4,2,-5,2,-3
1533864486236635,-1,0,0,-3,-3,5,5,1
1533864486236635,-3,-1,-2,-1,-1,0,-1,0
1533864486237633,-1,-1,2,0,2,3,-2,1
1533864486237633,-3,-3,0,-5,-7,-10,-6,-3
1533864486250811,-1,-1,-8,-4,-2,-1,2,4
1533864486250811,-2,2,2,0,3,5,-1,-1
1533864486251598,-1,-1,-1,-1,-4,-3,-6,-3
1533864486251598,-3,-2,2,-2,-6,1,3,-1
1533864486273675,0,0,0,1,0,3,3,1
1533864486273675,-1,-2,-1,-3,0,0,0,-1
1533864486274536,-3,-3,-2,-1,10,2,4,-1
1533864486274536,-1,-2,-4,-1,3,-5,-7,-3
1533864486296476,0,-2,4,1,8,-4,-4,-1
1533864486296476,-3,-2,-1,-1,-21,0,2,0
1533864486297487,-1,-1,0,-2,-3,-2,2,0
1533864486297487,-3,-3,-6,0,0,-5,-3,-3
1533864486311547,1,3,2,-8,-13,-7,-8,-2
1533864486311547,-1,-3,-7,3,17,-6,-8,-2
1533864486311547,-2,1,0,-2,-14,3,3,0
1533864486311547,1,-1,-2,-2,-7,1,1,0
1533864486333377,-2,-2,0,3,6,5,5,2
1533864486333377,-1,-2,1,-2,-4,-5,-2,-3
1533864486334374,1,0,1,-1,1,-12,-8,-2
1533864486334374,-2,-3,-4,4,6,13,0,2
1533864486356319,-3,0,-1,1,-3,9,2,0
1533864486356319,-1,-1,-4,-3,-2,-1,3,2
1533864486357313,-1,-2,-2,0,-3,-4,-6,-4
1533864486357313,2,0,0,-4,-5,-9,-3,-3
1533864486371277,0,-1,-3,-2,6,-3,-3,-1
1533864486371277,-2,0,-1,-2,-1,-3,-7,-3
1533864486371277,0,-1,-1,-2,-4,-2,3,-1
1533864486371277,-1,-2,1,-2,6,9,-1,-1
1533864486393220,1,-2,-3,0,-7,-3,-3,-4
1533864486393220,-3,-1,2,-1,2,-4,1,-1
1533864486394214,0,1,2,1,-1,4,1,-1
1533864486394214,2,2,0,-2,5,-2,0,0
1533864486416176,-5,-4,-3,2,-19,1,5,2
1533864486416176,-2,-1,1,0,-2,0,-4,1
1533864486417152,0,-2,-3,-2,-2,-1,-2,0
1533864486417152,-1,-2,-3,-6,-11,-15,-12,-7
1533864486431115,0,-1,-4,-7,8,1,5,0
1533864486431115,-1,1,0,3,2,4,-2,-1
1533864486432113,-2,-2,-1,-1,2,1,2,2
1533864486432113,-1,0,-1,2,-10,0,3,1
1533864486453225,-3,-1,-1,-3,-10,-8,-4,-5
1533864486453225,1,1,1,-2,3,-1,3,-1
1533864486454054,0,0,-1,-1,3,3,-2,1
1533864486454054,-4,-3,-5,3,-4,-4,-5,-1
1533864486476130,1,-1,0,1,-3,-5,-5,-2
1533864486476130,1,-1,-2,0,-3,-2,0,-4
1533864486476993,-3,0,2,0,7,-7,1,-4
1533864486476993,0,-1,-5,-2,-3,15,-1,6
1533864486490959,-3,0,4,0,0,4,2,1
1533864486490959,-2,-3,-1,1,2,-3,-2,0
1533864486491953,0,-1,-3,-6,-12,-9,-7,-5
1533864486491953,-1,-1,0,-2,4,-1,5,0
1533864486521876,1,0,0,-2,8,1,-1,2
1533864486521876,-1,0,-2,-3,4,4,0,1
1533864486522869,-2,-3,-5,-1,1,-1,1,0
1533864486522869,-1,2,5,1,-1,-6,0,-4
1533864486537033,-2,-3,-4,2,-1,1,-4,-3
1533864486537033,1,0,0,-4,-4,-7,-1,-3
1533864486537836,0,-1,-5,2,-2,6,2,1
1533864486537836,-1,0,1,-3,0,-2,-6,0
1533864486550795,-1,-2,-8,-2,8,-1,-3,-3
1533864486550795,-1,0,3,2,4,2,2,2
1533864486551793,-4,-2,-3,-1,-9,-6,-5,-3
1533864486551793,-1,-2,-2,-3,-13,-11,-4,-5
1533864486573735,1,-2,1,-5,5,0,6,-2
1533864486573735,2,-2,-5,5,2,1,-8,2
1533864486573735,-1,1,3,1,3,5,0,2
1533864486573735,-1,-2,0,-2,7,1,8,-1
1533864486596673,-2,-1,-2,1,-5,-4,-7,-1
1533864486596673,0,-1,-1,-2,3,2,-1,-5
1533864486597677,0,-1,2,3,3,1,3,3
1533864486597677,-2,-2,1,-2,-6,-7,-5,-3
1533864486610638,1,2,0,-1,-1,-4,-5,-3
1533864486610638,-2,-2,-1,-2,-13,1,9,3
1533864486611632,-2,-1,-2,4,12,2,1,0
1533864486611632,-1,-1,0,-2,1,2,3,0
1533864486633707,0,-2,-2,0,-5,-5,-1,-1
1533864486633707,0,0,-4,-3,-4,-2,-2,-3
1533864486634572,-2,-2,-1,1,-2,0,0,1
1533864486634572,1,1,-2,-1,8,4,3,0
1533864486656513,-1,-1,4,2,9,2,-3,-2
1533864486656513,-6,-7,-6,-5,-30,-25,-13,-12
1533864486657510,-1,0,-2,0,20,6,9,2
1533864486657510,-2,2,3,0,-2,19,3,6
1533864486671473,-3,-2,-3,0,-6,3,3,0
1533864486671473,-3,-1,-1,-4,-8,-1,0,1
1533864486671473,-1,-1,-2,-4,-14,-12,-6,-9
1533864486671473,1,-2,-4,-8,-3,-12,-5,-9
1533864486693495,-1,-1,-2,8,6,4,-3,1
1533864486693495,0,0,2,3,15,3,0,0
1533864486694412,-1,-2,-1,-7,-18,-4,-2,-2
1533864486694412,-2,0,-14,1,7,-1,-3,0
1533864486716353,-5,-7,-13,2,-15,-9,-4,-5
1533864486716353,0,-1,2,0,6,3,2,0
1533864486716353,-1,-1,1,0,-5,-1,-4,-2
1533864486716353,1,1,2,-2,1,-5,-10,3
1533864486730315,-1,1,2,-5,18,5,6,1
1533864486730315,-2,-1,-2,-3,-13,0,2,0
1533864486738297,-3,-1,-5,5,0,0,-3,-1
1533864486738297,-5,-2,-2,-1,-13,-7,0,-5
1533864486753255,1,0,-35,-1,12,-5,-10,2
1533864486753255,2,17,66,0,4,7,0,0
1533864486754267,0,-9,43,-3,-5,-2,3,1
1533864486754267,-2,-7,-15,1,-8,-4,-6,-4
1533864486776192,-1,1,29,1,-2,-3,1,1
1533864486776192,-1,-2,-34,-9,0,2,1,0
1533864486776192,-1,0,-8,-1,1,-2,0,-1
1533864486776192,0,0,11,0,0,1,0,0
1533864486799144,-3,-5,-24,-6,-10,-1,-1,-4
1533864486799144,0,-4,-28,-5,5,0,-4,-4
1533864486800128,0,-1,-8,-3,-4,0,1,0
1533864486800128,-1,-5,1,3,7,0,-6,2
1533864486813109,2,3,8,-5,-5,1,0,2
1533864486813109,-1,-7,-6,1,11,-4,-4,-1
1533864486814092,-2,1,-5,0,-9,0,0,-3
1533864486814092,-2,1,-14,-3,0,-2,3,-5
1533864486836032,1,-1,3,-6,-9,2,6,3
1533864486836032,0,1,31,8,4,-3,-3,1
1533864486837030,2,5,63,3,-2,0,-3,0
1533864486837030,0,1,-20,-4,6,-3,0,1
1533864486850041,-3,-10,5,6,-5,-4,-2,-2
1533864486850041,-2,-1,24,2,11,3,2,1
1533864486858972,-3,-3,-48,-6,-5,-1,-6,-3
1533864486858972,-1,-3,8,2,-7,2,5,0
1533864486874092,-1,0,4,-2,3,1,0,-2
1533864486874092,0,0,-26,-1,-1,-1,-6,1
1533864486874092,0,0,-29,-4,6,2,-4,-2
1533864486874092,1,0,11,0,-3,-3,3,1
1533864486896085,-3,-2,-12,1,-5,-6,-3,-2
1533864486896085,-2,-6,3,3,2,-3,-1,-3
1533864486896870,-2,0,-11,0,-1,2,0,-1
1533864486896870,-4,-1,-12,-7,3,2,2,0
1533864486910832,2,3,13,-6,-14,-6,-1,-1
1533864486910832,-2,-2,-10,-10,-12,0,0,-3
1533864486918811,-2,-7,-3,-2,8,-2,1,-2
1533864486918811,-1,0,0,-2,0,-5,-9,-3
1533864486933930,0,2,7,3,7,-2,-4,5
1533864486933930,-3,-3,-6,-1,-1,0,0,-1
1533864486933930,-1,2,-7,-4,-3,0,3,-2
1533864486933930,-3,1,-64,-7,-6,-3,-1,-6
1533864486955747,0,-12,22,1,4,1,-2,-1
1533864486955747,-3,-4,-3,2,-8,-3,0,-2
1533864486956714,1,-1,6,1,2,-5,-6,-3
1533864486956714,-2,1,-5,6,0,3,4,2
1533864486970708,0,4,-4,-1,5,6,2,0
1533864486970708,-2,-1,-8,0,-6,-1,3,2
1533864486978656,-3,-2,-4,-9,-3,-3,-1,-1
1533864486978656,0,-4,21,0,-2,-3,-3,-2
1533864486993812,0,5,-6,2,0,-1,-2,-3
1533864486993812,1,-2,3,2,4,2,1,3
1533864486994619,-2,2,-2,-6,-4,-2,0,-1
1533864486994619,0,-4,18,-4,-2,-4,0,-1
1533864487015552,-1,-1,2,-5,-4,-6,-5,-2
1533864487015552,-1,2,-11,-4,0,1,-4,-4
1533864487016551,1,1,-1,5,1,0,-1,1
1533864487016551,1,-3,9,4,-1,4,0,-2
1533864487030531,0,-2,-8,-1,6,0,2,-1
1533864487030531,-1,-2,-3,-1,-3,-4,-4,-2
1533864487038676,0,-1,-3,-3,3,1,-2,-2
1533864487038676,-3,-2,15,5,-10,-6,-1,-5
1533864487053469,2,4,-1,-6,2,0,-2,-1
1533864487053469,-3,-3,-4,7,5,2,4,2
1533864487054473,-3,-2,-1,-4,1,-3,-1,0
1533864487054473,-1,-2,0,1,-7,-4,-3,-4
1533864487076512,0,-1,-2,-6,-3,3,0,-3
1533864487076512,-2,-3,-3,-6,-16,-5,0,-1
1533864487076512,-1,-1,1,3,6,6,0,3
1533864487076512,-2,-2,6,-1,3,-3,-1,-2
1533864487099476,0,2,-1,1,1,-2,-3,-4
1533864487099476,1,-3,2,-2,5,0,-2,-3
1533864487100334,-1,-4,-5,1,-3,-5,-2,-4
1533864487100334,-1,0,4,-2,-1,1,0,3
1533864487113291,-2,0,-3,0,-4,0,0,-2
1533864487113291,1,0,-7,-3,0,-2,1,-2
1533864487114289,-1,-2,2,1,-5,-4,-4,-5
1533864487114289,0,0,0,-4,7,0,-2,0
1533864487136229,-2,-1,-1,-1,1,2,3,5
1533864487136229,-4,0,0,-1,-3,0,0,-3
1533864487137227,0,1,4,3,0,0,-3,0
1533864487137227,2,0,3,-4,1,1,-2,1
1533864487159250,-7,-4,-3,-2,-7,-8,-2,-5
1533864487159250,3,1,-1,1,-1,-1,4,2
1533864487160212,0,0,-4,-1,-8,-3,-7,-1
1533864487160212,0,-1,1,0,1,1,4,0
1533864487173140,-1,-2,-1,1,-1,-1,-4,-2
1533864487173140,1,-2,0,-3,-4,0,1,-5
1533864487174128,1,-2,0,-1,3,-1,0,1
1533864487174128,-2,0,-3,1,-1,-1,-4,0
1533864487196071,-3,-1,-4,-1,-1,1,1,-5
1533864487196071,3,0,0,-1,0,2,0,-1
1533864487197073,-6,-1,-2,-5,-4,-5,-7,-6
1533864487197073,0,-1,1,0,6,2,4,-5
1533864487219008,-2,-2,-1,2,-8,-4,-5,-3
1533864487219008,-4,-2,0,-3,1,1,-1,2
1533864487220005,-2,0,-3,-1,-3,-5,1,1
1533864487220005,0,-3,-1,0,1,2,0,1
1533864487233969,-2,0,0,-3,-2,0,-5,0
1533864487233969,-3,-1,-2,-1,1,-1,-3,-1
1533864487233969,0,-1,-1,1,-2,-1,1,-1
1533864487233969,0,0,0,-1,2,1,2,4
1533864487256051,3,0,0,3,0,-3,1,1
1533864487256051,-2,-2,0,0,-15,2,1,-1
1533864487263906,0,-1,2,-3,1,1,1,-1
1533864487263906,-2,-3,-8,1,-8,-8,-1,-3
1533864487278852,-1,-3,-3,-2,8,2,3,0
1533864487278852,0,0,2,2,10,-2,-5,0
1533864487279846,-2,-3,-6,0,-8,-4,2,-2
1533864487279846,0,1,2,-4,-5,-1,-3,-2
1533864487293810,0,-1,-2,-2,-5,-4,-1,-1
1533864487293810,-2,-2,0,-3,5,-1,-2,-6
1533864487293810,1,-2,-8,2,1,1,-4,4
1533864487293810,-1,-3,0,1,3,-1,-1,1
1533864487315753,-1,-2,-1,-2,-9,-3,-2,-2
1533864487315753,0,0,-1,-2,2,-1,1,2
1533864487316747,-1,0,2,-1,2,-1,0,0
1533864487316747,-1,1,0,-1,-8,-4,-5,-1
1533864487339686,-3,0,-1,-2,1,0,0,0
1533864487339686,0,-2,-2,-2,-4,-2,-4,9
1533864487339686,-1,-1,-2,-2,-1,1,-1,-3
1533864487339686,-2,-1,-2,1,4,1,-1,0
1533864487353648,0,-1,0,-5,-3,-1,-1,0
1533864487353648,-1,-4,-35,-7,-3,-4,-3,8
1533864487354655,-3,-1,17,3,0,1,2,-16
1533864487354655,0,0,2,-1,2,2,-4,1
1533864487375590,0,0,1,2,-4,-2,-1,0
1533864487375590,-2,-1,-1,0,0,-2,-3,-5
1533864487376587,2,-1,-7,-5,2,-1,-1,6
1533864487376587,-1,-2,0,-2,-3,-1,1,-2
1533864487399579,1,-1,-2,9,2,3,-2,-3
1533864487399579,-2,-3,6,-3,-3,-12,-3,-6
1533864487399579,-3,-2,-3,-8,-19,-5,1,-3
1533864487399579,1,3,5,7,11,12,-1,9
1533864487413498,-1,0,-2,-6,4,3,-3,3
1533864487413498,0,1,7,9,6,6,1,-3
1533864487414485,-1,0,2,-2,-3,-1,2,-2
1533864487414485,0,1,-2,-5,-3,-5,-1,-7
1533864487436427,0,-4,-8,4,-7,-5,-1,-3
1533864487436427,-2,-1,2,2,1,-1,-1,-2
1533864487436427,0,-3,-2,-3,2,-1,1,0
1533864487436427,1,-1,3,0,1,-3,2,1
1533864487459583,-1,-2,-1,-1,6,-1,-3,3
1533864487459583,-2,-1,3,-3,-1,-4,-4,-6
1533864487460364,0,1,-4,5,-3,-3,-2,-1
1533864487460364,-2,-1,-1,0,3,3,-3,8
1533864487473513,1,0,0,-4,-5,-2,2,-1
1533864487473513,-2,-1,0,0,-2,1,-2,-5
1533864487474326,1,-1,-3,-3,3,2,-2,1
1533864487474326,-2,-2,-5,-6,-12,-5,-2,-6
1533864487496287,-1,0,-1,-3,1,-1,-2,-1
1533864487496287,0,1,-10,-3,-1,0,0,1
1533864487496287,-7,-4,-86,-11,1,1,-1,2
1533864487496287,5,-7,76,10,-1,-3,-1,-13
1533864487519290,0,3,-1,-6,-2,-2,-1,0
1533864487519290,-2,-7,1,5,-4,-2,-1,-1
1533864487520235,-2,1,-1,2,3,1,-1,1
1533864487520235,-3,-6,-31,-4,3,-3,-1,-1
1533864487541146,-3,-4,-16,-10,-16,-4,-4,-5
1533864487541146,2,3,16,4,4,-1,0,-4
1533864487542144,1,0,18,1,1,-1,-1,0
1533864487542144,-2,2,-14,-2,-2,-1,-1,-1
1533864487557103,0,0,17,1,2,-1,0,0
1533864487557103,-1,-3,-17,-4,-5,2,2,2
1533864487557103,2,1,14,2,-2,0,-1,0
1533864487557103,-2,5,-10,-7,0,0,-2,-4
1533864487579226,-5,-8,-26,-2,-3,-5,-3,-3
1533864487579226,-2,1,-6,-3,-3,-5,-5,-2
1533864487580094,1,-7,25,-1,-5,-2,-1,0
1533864487580094,-3,-4,-69,-8,-3,1,1,0
1533864487594092,2,18,35,6,-4,-2,-5,-1
1533864487594092,-3,-16,-18,-4,-4,4,4,1
1533864487594092,0,-3,42,9,0,-2,-1,0
1533864487594092,-2,6,-25,-8,-4,-4,-2,0
1533864487617072,-4,-6,-14,-3,-3,1,1,-1
1533864487617072,0,4,-6,-1,11,-4,-5,-1
1533864487617072,1,-1,-16,-4,-5,-1,-2,-2
1533864487617072,2,1,0,0,-1,-3,1,-1
1533864487639016,1,-3,-3,2,-1,1,-1,0
1533864487639016,-3,0,-19,-1,-1,-5,-1,-4
1533864487640010,-4,0,4,-5,1,1,1,-1
1533864487640010,-2,-3,30,6,3,1,0,0
1533864487653972,0,-4,8,-1,1,1,2,-1
1533864487653972,-1,-3,2,-4,-7,0,-1,0
1533864487653972,-5,7,-106,-22,-1,-5,-8,-7
1533864487653972,9,6,98,12,0,0,0,3
1533864487676047,-3,-11,64,10,6,3,4,3
1533864487676047,-3,-3,22,1,-5,0,-1,-1
1533864487676943,-2,-9,4,5,-1,1,0,-1
1533864487676943,-3,0,-51,-10,-4,-4,-2,-2
1533864487698856,2,4,-46,-8,1,-1,-5,-5
1533864487698856,5,12,74,10,1,0,1,-1
1533864487699871,-4,3,-6,-3,-1,0,1,0
1533864487699871,-3,-6,-79,-12,1,2,0,-1
1533864487712815,6,-21,85,28,11,4,6,7
1533864487712815,-7,-5,-62,-17,-9,-2,-3,-5
1533864487720794,1,-7,6,1,0,-2,-2,-1
1533864487720794,3,1,74,8,3,-7,-4,-1
1533864487735757,-2,5,43,-7,-14,0,1,-1
1533864487735757,-1,0,19,3,6,2,0,0
1533864487736752,1,2,53,8,3,1,1,1
1533864487736752,-7,-5,-26,-2,1,-1,-2,-2
1533864487759690,-3,6,-48,-10,-4,-5,-5,-2
1533864487759690,1,-2,16,-1,-6,-2,-1,1
1533864487759690,0,2,-17,-3,0,-1,-2,-2
1533864487759690,-2,-2,-9,1,-5,0,0,-4
1533864487772655,-3,-1,-26,-5,1,-3,-2,-3
1533864487772655,0,1,-14,-4,-1,0,-1,-2
1533864487780649,-2,-3,2,4,1,-2,-3,-2
1533864487780649,1,1,0,-5,4,1,-2,1
1533864487795597,-2,-3,-15,-3,-5,-3,-1,-3
1533864487795597,0,-5,-5,-1,-3,1,-1,0
1533864487796591,2,3,17,3,11,0,2,1
1533864487796591,0,-7,18,8,-7,-2,-2,-1
1533864487819533,-4,4,-32,-10,-19,-7,-4,-4
1533864487819533,2,1,1,-1,7,0,-1,2
1533864487819533,-1,-5,-10,-3,-6,-3,-1,-1
1533864487819533,-2,3,-2,-3,3,-1,0,0
1533864487832499,0,4,18,-1,7,-3,-3,-3
1533864487832499,2,-6,9,4,0,1,-1,-1
1533864487841474,-1,1,12,3,-2,0,2,1
1533864487841474,-6,-6,-88,-15,-8,-1,-4,-5
1533864487856431,0,-11,18,8,5,3,1,4
1533864487856431,-4,17,-5,-7,-7,-1,-2,-5
1533864487856431,0,-15,7,-4,11,-3,-2,0
1533864487856431,-3,-3,17,3,-10,-7,-1,-1
1533864487879384,-5,-1,-44,-7,-7,-1,-1,-2
1533864487879384,0,3,56,11,10,3,0,2
1533864487880367,0,15,-36,-14,-8,-5,-4,-5
1533864487880367,6,-3,87,6,0,2,4,4
1533864487893335,-4,-7,-19,-1,3,3,1,-2
1533864487893335,2,-2,68,9,-3,-7,1,0
1533864487901314,-6,-3,-11,-1,-6,0,-1,-1
1533864487901314,3,8,28,5,4,2,-3,-1
1533864487916299,0,4,-1,-2,1,-4,-5,-1
1533864487916299,-2,-10,-29,-4,3,-1,-1,0
1533864487917270,3,-1,18,1,-3,-1,1,-1
1533864487917270,-4,2,-14,-3,-1,0,0,-4
1533864487939209,0,-5,-47,-10,3,2,-1,-2
1533864487939209,-3,-2,-38,-3,-11,-5,-1,-2
1533864487940208,2,-2,25,7,-1,2,-3,0
1533864487940208,-4,-3,-2,0,-4,0,-1,-2
1533864487953219,-3,-2,-54,-6,-2,-5,-4,-3
1533864487953219,1,6,16,-6,3,0,-1,-2
1533864487962153,-5,-11,-13,-3,-2,-1,2,0
1533864487962153,1,-4,10,4,5,0,2,-1
1533864487975149,0,3,13,-1,-4,-1,-2,0
1533864487975149,-1,-3,-33,-4,-5,-3,-3,-4
1533864487984089,0,15,-14,-4,0,2,-3,-2
1533864487984089,1,-21,5,1,6,1,2,4
1533864487999049,-3,-2,76,14,-4,-3,3,3
1533864487999049,-4,-9,-44,-5,1,-1,-1,-1
1533864488001044,1,6,21,2,-6,2,-2,-2
1533864488001044,-1,-3,-57,-19,-6,-4,-5,-5
1533864488022023,5,7,71,3,3,-5,-2,-2
1533864488022023,-5,-10,-69,-4,-5,-1,2,0
1533864488023007,-2,-2,40,2,6,1,0,-1
1533864488023007,-4,7,-24,-6,-18,-7,-3,-4
1533864488034954,1,-4,-6,2,4,4,1,-1
1533864488034954,-1,-1,-8,-3,-1,-2,-2,-1
1533864488043966,0,-1,-8,-3,-2,-2,0,-2
1533864488043966,-2,0,-3,1,2,-1,-1,-1
1533864488058905,-1,4,-19,-8,-1,-3,-1,-4
1533864488058905,2,10,16,-2,-3,0,-3,-2
1533864488060884,3,-20,-1,3,3,0,-1,4
1533864488060884,-2,9,-16,3,1,3,-4,-1
1533864488081855,3,2,70,1,-4,-2,0,0
1533864488081855,8,6,78,11,2,1,3,3
1533864488083824,-8,-9,-34,-12,-2,-1,0,-3
1533864488083824,-2,-3,-55,-10,-1,-2,0,0
1533864488094821,-2,-1,-14,4,-2,2,2,2
1533864488094821,-3,-4,-26,-6,-2,-2,-2,-3
1533864488103804,0,1,19,6,-3,-3,-2,-1
1533864488103804,1,5,24,-2,2,0,0,0
1533864488118765,-2,10,-65,-14,5,0,-3,-3
1533864488118765,0,-22,6,0,-6,-2,-1,2
1533864488120731,-1,1,-14,2,5,0,-3,0
1533864488120731,0,-4,6,-6,-2,2,0,0
1533864488141703,-1,-3,-17,3,9,-4,-2,-3
1533864488141703,-1,4,3,2,-4,1,-2,-3
1533864488143698,0,3,4,1,-13,-5,0,-1
1533864488143698,-1,22,-30,-2,10,1,-1,-3
1533864488155631,-4,-16,-18,-7,-8,-3,0,-1
1533864488155631,1,1,86,2,0,-4,-4,-1
1533864488164607,1,10,-11,1,2,0,1,1
1533864488164607,-3,-5,101,0,-3,1,3,4
1533864488179596,0,14,37,-12,-4,-4,-3,-2
1533864488179596,-6,-11,-50,-5,1,-3,-2,-4
1533864488180566,-5,5,16,4,-1,-4,-2,-4
1533864488180566,-5,-27,-39,-8,3,3,4,0
1533864488201511,-1,14,-98,3,-13,-5,-6,-2
1533864488201511,7,2,108,19,-7,5,5,6
1533864488203503,-2,1,-17,-4,3,1,0,-1
1533864488203503,1,1,-42,12,5,0,-3,-1
1533864488215475,-1,-14,-32,-3,7,5,2,-1
1533864488215475,-1,12,-82,-11,-5,-6,-6,-3
1533864488224448,2,-6,-22,-1,-2,-4,-2,2
1533864488224448,1,2,27,-3,-7,-1,1,-1
1533864488239502,-2,-5,-3,6,3,-2,2,-1
1533864488239502,-3,4,1,4,3,-1,0,-3
1533864488241408,-1,-8,8,-2,-2,0,0,0
1533864488241408,-3,-8,-16,-3,-9,-5,-8,-4
1533864488261348,0,9,36,-6,-7,-2,-4,-3
1533864488261348,1,7,-105,-17,14,3,-2,-6
1533864488263358,-3,-13,0,13,-16,-1,1,1
1533864488263358,-3,5,75,9,-4,-4,1,1
1533864488275311,-2,-7,19,6,0,-3,0,1
1533864488275311,-5,-3,-94,-3,8,6,0,-2
1533864488284287,2,10,63,-12,-3,-3,-2,-1
1533864488284287,2,-6,-16,-7,-2,-2,-1,-1
1533864488299250,-2,-5,-25,-6,-7,-2,-2,-2
1533864488299250,-1,-6,-14,3,13,3,1,2
1533864488301242,3,7,-118,-7,0,-1,-2,-5
1533864488301242,-1,-14,80,14,-5,-5,0,3
1533864488321204,-2,-1,7,4,1,2,-1,-2
1533864488321204,-9,-1,8,2,-16,-3,6,3
1533864488323183,-1,-1,-11,-25,10,-1,-10,-12
1533864488323183,-11,2,-31,3,-2,-3,-4,-3
1533864488335317,7,6,-37,1,2,-2,-2,-1
1533864488335317,0,-12,-14,4,-3,-2,2,3
1533864488344126,-1,-6,107,15,1,4,3,-4
1533864488344126,4,0,-84,-32,-2,3,3,-2
1533864488359123,1,9,110,30,9,3,1,7
1533864488359123,-5,5,10,13,2,0,-4,-2
1533864488361081,1,-12,9,1,-4,-9,-2,5
1533864488361081,-3,-6,10,-6,-8,-1,-3,-3
1533864488382067,-3,-10,22,-2,1,1,3,0
1533864488382067,17,6,-23,3,3,-3,-5,1
1533864488383024,-19,2,-44,1,-7,-6,-2,-1
1533864488383024,12,-2,40,14,-1,-6,2,0
1533864488394993,20,-6,-42,-4,5,9,8,13
1533864488394993,-24,-3,27,-12,-5,3,4,-1
1533864488411948,-28,-8,-83,-4,3,1,-7,-17
1533864488411948,-38,-23,-6,14,2,0,-10,-23
1533864488418927,-21,-15,-24,-14,-11,-10,-8,-17
1533864488418927,18,-1,10,-17,-3,-4,2,4
1533864488420922,11,19,-3,36,9,3,2,4
1533864488420922,9,19,-16,-2,0,-2,3,9
1533864488441865,5,-7,-13,-41,-11,-2,-4,-1
1533864488441865,-5,2,-41,-49,-7,-5,-6,-7
1533864488442863,8,-1,21,-3,0,2,3,7
1533864488442863,6,4,-13,26,-1,0,-3,2
1533864488455829,0,2,-16,-89,-9,-8,-3,-3
1533864488455829,-1,-4,-1,-4,-7,-3,-5,-3
1533864488463808,11,2,12,-9,5,6,3,5
1533864488463808,8,-2,36,3,10,4,-1,0
1533864488478767,-12,-1,-33,31,1,3,1,-3
1533864488478767,-4,-4,6,6,-3,-4,-1,-1
1533864488480761,-4,-10,36,2,-17,-8,-1,0
1533864488480761,-2,14,-63,-2,22,3,-1,-3
1533864488501706,0,-7,-9,9,-4,-1,-1,0
1533864488501706,2,6,127,20,-2,-5,-5,-1
1533864488503709,-2,-6,-12,-7,-7,3,3,1
1533864488503709,3,1,-23,-15,-6,-4,-2,0
1533864488516830,0,-5,-9,6,-2,-6,-2,-1
1533864488516830,-1,1,-28,27,16,2,-1,-2
1533864488526255,1,-5,-24,-37,-20,-9,-6,-5
1533864488526255,-3,-4,10,-28,-12,-5,-3,-1
1533864488538635,-5,7,5,6,8,-1,0,-1
1533864488538635,-4,-5,-4,-2,-7,-3,2,-2
1533864488545588,3,2,1,9,5,-1,-2,0
1533864488545588,-1,-4,-7,10,-8,-1,-2,1
1533864488561545,5,0,-2,20,15,1,0,1
1533864488561545,-1,1,-13,-12,-11,4,3,0
1533864488563555,5,1,11,21,9,6,2,3
1533864488563555,-1,1,-5,38,9,-1,1,1
1533864488575536,-3,0,-5,-31,-12,-4,-7,-5
1533864488575536,-5,-6,65,12,-6,-8,-7,-4
1533864488584485,0,5,7,11,2,1,1,-1
1533864488584485,0,-1,-16,-2,-10,0,-1,-2
1533864488599447,-3,-3,32,5,5,0,-1,-2
1533864488599447,0,-4,-15,-6,3,1,0,0
1533864488600442,3,12,-45,-25,2,-1,-2,1
1533864488600442,-4,-12,17,-39,-2,-2,-1,-3
1533864488621396,2,1,-14,-18,-4,0,7,6
1533864488621396,-1,-2,-16,-16,-4,-1,-10,-15
1533864488623380,-3,-10,-46,6,0,-2,-2,-3
1533864488623380,0,5,-12,11,7,1,1,4
1533864488635351,-1,-1,-6,5,-5,0,-2,-2
1533864488635351,-1,1,-6,8,-2,2,3,3
1533864488650311,0,-4,-3,-5,9,-1,1,0
1533864488650311,0,0,4,-22,2,1,0,0
1533864488659284,-3,-4,3,43,-12,-1,-1,0
1533864488659284,0,-1,-19,-20,-2,-2,-1,0
1533864488661282,-3,-1,13,-13,1,-2,-4,-3
1533864488661282,-4,-6,-1,31,-10,-3,-1,0
1533864488681224,2,6,17,33,7,0,-1,-1
1533864488681224,2,0,-7,-7,7,2,2,3
1533864488683221,1,0,-12,-22,-23,-3,-1,-3
1533864488683221,-11,-9,-4,-14,-2,-9,-13,-10
1533864488695191,-2,-2,-17,-18,5,2,2,0
1533864488695191,1,-21,18,4,1,-2,0,-1
1533864488704178,4,11,94,10,9,3,8,9
1533864488704178,7,6,7,-7,-3,-1,8,17
1533864488718308,-2,-5,-3,-4,-2,-1,-11,-23
1533864488718308,3,5,-14,-7,0,-1,0,2
1533864488725111,1,-3,-2,11,1,-2,1,6
1533864488725111,-3,-3,0,5,-2,0,-5,-24
1533864488742062,21,18,19,-3,-2,1,2,10
1533864488742062,-11,-11,-16,28,5,-2,5,2
1533864488743070,-9,-9,-16,-57,-17,-6,-5,0
1533864488743070,9,22,1,-10,-2,0,-11,-11
1533864488755027,-9,-28,-16,2,7,2,3,7
1533864488755027,22,19,5,22,0,-3,-10,-11
1533864488764004,-36,15,36,-5,-5,-2,3,3
1533864488764004,-3,-41,11,8,-4,3,19,28
1533864488778118,-3,-12,0,-11,-7,-5,-8,0
1533864488778118,-8,20,5,5,-3,-1,-4,0
1533864488785102,9,-6,-25,17,5,-3,-6,-2
1533864488785102,16,31,-11,-7,-3,0,-3,7
1533864488802057,-29,-22,4,18,2,0,3,1
1533864488802057,6,0,-29,-9,-3,-4,-1,4
1533864488803057,-10,4,-17,0,-1,-1,-7,-14
1533864488803057,-13,-18,6,-2,5,4,6,7
1533864488815019,17,16,-11,12,-5,-5,-3,-3
1533864488815019,-3,-6,-5,-26,-4,-3,-4,-1
1533864488823995,30,24,4,14,5,0,1,-5
1533864488823995,-6,-11,0,0,-2,-1,-3,-3
1533864488838959,3,11,4,7,4,2,-1,0
1533864488838959,-10,-15,-1,-4,-3,1,-2,-7
1533864488844943,-1,1,-6,4,-3,0,2,5
1533864488844943,-7,-12,-15,-6,-4,-1,-3,-7
1533864488861897,1,2,-6,-10,-3,-3,-2,-6
1533864488861897,-1,1,-1,-4,4,-1,3,5
1533864488862891,3,-15,-1,4,7,2,-1,-3
1533864488862891,-1,8,-1,-13,-3,-2,-4,-7
1533864488875880,-4,2,-27,-2,-3,-3,-4,-5
1533864488875880,-5,-6,1,-12,-11,1,-1,1
1533864488884832,3,-6,-4,4,-1,-2,-4,-2
1533864488884832,3,17,7,4,1,-3,-1,-5
1533864488898798,1,3,10,9,4,1,5,7
1533864488898798,14,32,-6,4,-3,-1,2,-1
1533864488904779,-13,-4,4,10,6,-1,-7,-6
1533864488904779,-19,-39,-25,3,-7,-3,-8,-10
1533864488920772,-1,2,1,-7,-3,-1,-3,-1
1533864488920772,18,-17,-1,9,3,-1,0,-3
1533864488929714,11,15,5,1,-3,-2,-3,3
1533864488929714,4,20,11,12,6,0,0,-1
1533864488935805,-17,-5,1,-5,-2,-2,-1,-3
1533864488935805,2,-5,4,-8,1,0,-3,-2
1533864488944672,-7,-12,-4,-9,1,0,2,3
1533864488944672,0,1,0,-14,-1,-1,1,1
1533864488958645,13,-2,-8,-15,-4,-4,-3,-4
1533864488958645,-16,-1,-5,1,-3,1,2,3
1533864488965619,5,-6,-2,11,1,1,1,-3
1533864488965619,-5,-3,3,6,0,0,1,-1
1533864488981573,2,1,7,-11,0,1,2,0
1533864488981573,-8,-9,-4,11,0,-4,-3,-2
1533864488983568,-6,-6,-6,-2,-2,-1,-1,0
1533864488983568,3,10,4,3,1,-1,-2,-1
1533864489004512,-6,-17,3,9,3,1,3,10
1533864489004512,-20,-17,-9,-11,-6,-3,-7,-14
1533864489005509,23,8,-7,-2,-3,0,1,1
1533864489005509,-13,-15,-1,-11,-7,-3,-4,-3
1533864489018474,-9,-2,-1,5,2,-2,0,4
1533864489018474,23,17,3,0,-1,3,-4,-10
1533864489025466,-22,-6,5,-6,-3,1,-2,-5
1533864489025466,16,-7,-13,-1,-2,-2,3,9
1533864489041416,-11,3,-2,-2,-4,-1,-6,-15
1533864489041416,-3,-5,2,-1,1,0,3,6
1533864489043408,-12,-22,-3,-3,1,0,0,-6
1533864489043408,6,13,-1,-1,-1,-1,0,0
1533864489064401,-1,8,2,0,-2,0,1,3
1533864489064401,7,-9,4,2,0,-1,1,5
1533864489065393,5,5,1,2,0,-2,-1,0
1533864489065393,-10,-2,-8,-8,-3,-1,-1,-1
1533864489079360,13,8,5,-1,0,0,-2,-1
1533864489079360,-8,1,-3,-1,-3,-2,-1,1
1533864489080354,-7,-8,-2,-1,0,-1,-2,-4
1533864489080354,6,0,6,5,5,2,-2,-4
1533864489101300,-5,5,-4,-8,-5,-3,-3,-1
1533864489101300,1,2,-5,-2,-1,1,0,1
1533864489103291,-13,-14,-6,-9,-9,-8,-2,-2
1533864489103291,11,17,2,1,2,0,-1,0
1533864489124236,-2,1,0,0,2,1,0,-2
1533864489124236,1,15,6,3,4,1,1,4
1533864489126230,10,13,-4,-2,-1,-2,-2,-2
1533864489126230,-7,-9,0,2,-1,-1,-1,6
1533864489138200,-3,-5,-5,7,-4,-3,-3,-5
1533864489138200,-2,2,3,-4,-1,0,-1,-2
1533864489145383,8,19,3,4,-2,0,-2,6
1533864489145383,-9,3,3,1,-3,-1,1,-3
1533864489162135,1,-6,-1,0,-1,-1,0,0
1533864489162135,-7,-5,-6,-8,-5,-2,-2,-3
1533864489163144,-3,-9,-1,2,-1,0,2,4
1533864489163144,6,-7,-32,-3,-2,-2,-3,-4
1533864489184079,4,-4,4,0,0,0,0,3
1533864489184079,-8,4,2,3,1,1,-1,-10
1533864489186071,-15,-19,-4,-2,-1,-1,-1,-7
1533864489186071,19,6,3,2,-3,-1,-6,-2
1533864489207018,-2,2,-7,-1,-3,-3,-3,-7
1533864489207018,1,0,-4,-11,-2,-4,0,4
1533864489208012,-3,-15,-24,-3,0,-2,-1,-3
1533864489208012,9,1,9,-3,-2,0,0,-3
1533864489221978,0,5,36,-2,0,0,1,2
1533864489221978,-3,-12,13,6,-2,-2,-1,2
1533864489222972,6,5,0,2,-2,-2,-2,1
1533864489222972,-7,3,4,-1,-2,-1,-1,-2
1533864489243936,-2,-1,-14,-9,-2,0,-2,-1
1533864489243936,-5,-8,-14,7,1,2,1,0
1533864489245911,8,7,9,-9,-2,-1,0,2
1533864489245911,-20,-4,-3,2,-1,-2,0,-3
1533864489258876,1,0,-7,-1,0,-1,-1,-1
1533864489258876,-1,-3,3,-2,-3,0,4,6
1533864489264860,-7,3,-2,13,-2,2,-8,-10
1533864489264860,-1,-3,10,4,-3,-1,-4,-2
1533864489281818,1,-1,-9,5,0,-3,0,-3
1533864489281818,-1,-7,2,2,0,-5,-6,-3
1533864489282812,-1,-2,-3,-12,-4,-2,2,1
1533864489282812,-6,-6,-9,0,-1,0,0,0
1533864489303759,-5,-4,-1,6,-1,-1,-2,0
1533864489303759,6,7,-2,-2,3,-2,0,8
1533864489305767,7,8,-8,-4,1,-3,-4,-7
1533864489305767,-20,-18,-25,-2,1,-4,0,-4
1533864489318719,2,-4,-3,-4,-1,0,2,6
1533864489318719,-23,-12,8,2,-1,2,-4,-11
1533864489325700,3,-2,15,7,1,0,1,3
1533864489325700,2,6,-7,1,-1,-2,-1,-3
1533864489341658,6,4,-4,-5,1,1,1,-3
1533864489341658,-2,6,-14,-11,-2,-1,1,0
1533864489343649,-1,-9,-15,-14,-2,-1,-1,-1
1533864489343649,2,-1,8,-10,-1,-1,-1,4
1533864489364593,-8,3,6,-3,0,-2,-1,-1
1533864489364593,9,4,4,-2,1,0,-2,-1
1533864489365591,-7,-9,-5,-1,-3,-2,0,0
1533864489365591,5,1,12,-4,1,-2,-1,0
1533864489377561,2,-2,1,-3,1,-1,-3,-2
1533864489377561,-2,-2,-5,-2,-1,-1,-1,-2
1533864489386537,2,3,13,9,6,3,3,5
1533864489386537,-3,-3,-2,-6,-2,0,1,1
1533864489401498,-2,-5,-16,-8,-5,-4,-5,-5
1533864489401498,-2,-4,-3,-1,-3,-1,0,-1
1533864489403490,1,-4,5,2,-1,-2,-9,-3
1533864489403490,6,7,8,-1,1,5,2,-3
1533864489424467,1,-1,2,5,1,3,5,3
1533864489424467,-2,-6,-1,-1,1,-2,2,-1
1533864489425470,-4,-2,5,7,-1,-4,1,-3
1533864489425470,0,0,-7,-23,-6,-4,-1,0
1533864489437399,-1,-2,-1,1,-2,1,-5,-1
1533864489437399,-3,-4,-8,-7,-5,-1,2,0
1533864489446375,-3,-3,-3,2,-2,-1,0,-2
1533864489446375,-2,-1,1,1,-2,-4,-2,0
1533864489461334,-4,-4,-1,-1,-2,-1,0,-5
1533864489461334,1,-1,1,3,1,-1,-4,-3
1533864489463330,-1,-2,1,-5,-2,0,0,-2
1533864489463330,-1,0,4,10,1,0,-3,2
1533864489484276,1,-1,-1,-13,-2,-2,-1,0
1533864489484276,0,-1,0,4,-1,-5,-1,1
1533864489486268,-1,-3,-1,-6,-1,1,3,-1
1533864489486268,-2,-2,0,-2,-2,-2,0,-3
1533864489498236,0,1,-4,3,3,3,-3,1
1533864489498236,0,2,35,0,0,4,0,4
1533864489507211,0,-3,0,-2,-1,-2,0,2
1533864489507211,-1,-1,-2,0,-2,-3,-3,-6
1533864489521174,-5,-3,0,-1,-12,-7,-8,-5
1533864489521174,0,-2,-11,-2,7,-4,-1,-1
1533864489523181,-3,0,1,2,1,3,4,0
1533864489523181,0,0,4,0,-11,0,-2,-4
1533864489544116,-3,-4,-6,2,14,-4,-3,-6
1533864489544116,-1,-1,-6,-9,-18,1,-1,1
1533864489546108,-2,0,-3,3,4,-2,1,2
1533864489546108,1,2,-5,2,-2,-1,0,-1
1533864489558255,-4,-5,-3,3,-10,-7,-7,-5
1533864489558255,1,-3,-5,-1,2,-13,-3,14
1533864489567052,0,2,1,-1,3,16,8,-2
1533864489567052,2,3,6,-3,4,13,4,9
1533864489582188,-2,0,0,1,1,-1,4,-1
1533864489582188,-1,-2,-5,-3,-2,-3,0,-6
1533864489583028,-3,-6,-6,-6,-9,-11,-3,-4
1533864489583028,-2,-2,1,0,-7,-8,-7,-6
1533864489603956,3,-1,0,-3,5,-2,-8,0
1533864489603956,-2,-1,-8,2,7,8,3,-5
1533864489605947,-2,1,1,0,3,0,0,-1
1533864489605947,-3,0,0,-4,-7,-5,1,-1
1533864489617919,2,0,3,-2,-9,-4,-3,-1
1533864489617919,-1,-4,-4,1,0,-8,-8,-6
1533864489626892,-1,0,-3,-1,3,4,-10,-7
1533864489626892,-2,-3,-4,3,10,5,8,6
1533864489640890,-1,0,0,-1,-6,-2,1,1
1533864489640890,3,0,-4,-3,-1,-5,0,-3
1533864489647871,0,0,0,-1,1,14,4,5
1533864489647871,-2,-4,-2,1,1,-6,-1,-1
1533864489663813,-2,-4,-3,1,-5,-14,-11,5
1533864489663813,-3,-3,-2,-1,-2,-2,1,-13
1533864489665789,-1,3,2,0,-7,-4,-2,1
1533864489665789,2,1,2,6,9,8,1,-2
1533864489677792,-1,-1,-3,0,2,3,8,1
1533864489677792,0,1,1,0,-6,-2,-10,0
1533864489686733,0,-3,-4,-4,-4,-11,-1,-5
1533864489686733,0,-1,-4,-2,1,0,0,-5
1533864489700733,1,2,1,2,0,4,0,-1
1533864489700733,-4,-3,0,7,-4,0,-3,-1
1533864489707703,-1,-3,-1,-1,0,1,-1,2
1533864489707703,-2,-1,-1,2,-11,1,-2,-3
1533864489724630,-2,-4,-2,2,12,0,-2,-5
1533864489724630,-1,-1,-4,0,1,-7,-6,-3
1533864489725629,0,-1,0,16,-6,-3,-3,-1
1533864489725629,-2,0,-2,-1,-10,-6,0,-2
1533864489737615,-4,-2,-1,2,-9,3,-4,-4
1533864489737615,-1,0,-1,5,9,11,5,1
1533864489746579,-7,0,1,2,1,-6,0,0
1533864489746579,-1,2,0,-3,-6,-4,2,2
1533864489760537,-2,-2,0,-2,0,2,2,-2
1533864489760537,1,-1,-4,-9,-3,-3,-4,-2
1533864489767519,0,-1,-1,-9,-5,-8,0,0
1533864489767519,2,-1,-1,-2,10,0,-13,-5
1533864489784473,0,2,-2,2,5,11,8,3
1533864489784473,-2,0,2,1,-2,4,6,3
1533864489785467,0,-2,-1,3,-4,-3,-2,-3
1533864489785467,-1,-5,-4,4,-1,-5,-4,-4
1533864489798447,0,-2,0,0,-1,-7,-11,-3
1533864489798447,-1,0,-2,4,-4,1,2,-4
1533864489806414,0,0,0,-1,6,3,5,2
1533864489806414,-1,-3,-3,1,-3,-2,-8,-1
1533864489821371,-2,2,-2,-3,-9,-1,4,0
1533864489821371,0,1,2,0,16,0,9,3
1533864489827358,-1,0,0,-16,-2,-4,-13,-5
1533864489827358,-2,-2,-3,-6,-5,-3,-1,-1
1533864489844313,1,0,1,6,8,1,8,6
1533864489844313,-1,-3,0,-2,-1,8,-3,0
1533864489846322,-1,-3,-1,-8,-6,-2,-3,-3
1533864489846322,-4,1,2,-15,-7,0,-1,-1
1533864489858276,-1,-2,-3,-13,-11,-8,-4,-1
1533864489858276,-4,-2,-2,-9,-4,-5,0,-2
1533864489867249,0,-1,2,-7,7,-2,-5,-3
1533864489867249,0,-1,-3,-14,-1,-4,-3,-1
1533864489881221,-4,-1,-2,-6,1,5,10,1
1533864489881221,1,0,-1,-4,-2,3,-6,1
1533864489888193,-2,-4,-2,-2,-8,-11,-9,-5
1533864489888193,0,-3,-1,2,11,3,4,1
1533864489904150,0,2,2,1,-1,4,2,-1
1533864489904150,-2,1,0,-2,-3,-2,-3,-1
1533864489906145,-2,0,-7,-2,-5,-3,0,2
1533864489906145,-2,-3,-3,4,-12,-9,-6,-4
1533864489927089,-1,-2,-2,0,6,-3,5,3
1533864489927089,-2,2,-1,-1,-8,8,9,5
1533864489928086,-3,-2,0,2,3,2,-4,-1
1533864489928086,0,-2,-4,-2,4,-9,-8,-4
1533864489941051,0,-2,-1,-4,-7,-7,-4,-6
1533864489941051,1,1,1,-2,5,3,-7,4
1533864489948032,-5,-2,-1,0,10,3,13,1
1533864489948032,-2,1,2,0,-3,0,-6,-2
1533864489963990,-1,-2,0,-6,-5,-3,-8,-4
1533864489963990,-3,-6,-8,-7,-3,-4,-3,-4
1533864489965985,0,2,1,4,0,6,0,4
1533864489965985,-4,-2,-1,0,-5,0,5,0
1533864489986929,-2,-3,-1,7,13,0,0,-2
1533864489986929,0,-2,-2,1,-6,-9,-5,-6
1533864489987926,0,-5,-6,-5,-14,-8,-4,-2
1533864489987926,1,4,6,2,4,15,2,6
1533864490000894,1,5,7,-1,-2,-2,-1,2
1533864490000894,-4,-7,-9,2,3,-6,-9,-6
1533864490008871,-1,-2,-4,-6,-8,-4,-1,-5
1533864490008871,1,-1,-1,-1,-12,-9,-6,-2
1533864490023830,-2,-2,-2,-3,-7,7,6,4
1533864490023830,-2,0,3,3,1,1,5,-2
1533864490025855,0,0,1,6,4,1,2,-1
1533864490025855,0,-1,0,0,-2,-7,-6,-5
1533864490046768,0,-1,-1,0,20,3,-3,2
1533864490046768,-3,-2,-1,0,-10,-3,1,0
1533864490048762,-1,-2,-3,-1,10,2,-1,0
1533864490048762,-1,-1,-4,-4,0,1,-1,-3
1533864490060731,1,-2,-1,3,-9,-4,-7,-4
1533864490060731,-2,-2,-6,-3,3,-4,9,2
1533864490069707,-1,-2,-2,-1,-9,-1,-3,-5
1533864490069707,-1,-1,-1,0,4,6,6,6
1533864490084670,-4,0,-1,7,1,0,-12,-4
1533864490084670,-3,-2,-4,-5,-3,2,3,2
1533864490085665,-1,1,2,-1,11,0,0,-2
1533864490085665,-3,-5,-7,1,4,-4,3,-4
1533864490106612,0,-3,-5,-3,-7,-9,-6,-3
1533864490106612,0,3,-26,1,2,7,-1,2
1533864490108604,-2,1,8,-3,-12,1,5,3
1533864490108604,-3,-1,1,-3,-10,0,3,-3
1533864490120697,-3,0,6,1,-3,-3,-1,-4
1533864490120697,0,-4,-9,-4,-1,-13,-9,-10
1533864490129548,-1,-1,-5,-3,3,-4,-8,2
1533864490129548,1,1,4,6,16,8,2,5
1533864490144510,0,-1,-6,0,5,6,10,1
1533864490144510,0,8,-19,-1,0,0,-1,-2
1533864490145504,1,-11,23,1,-10,-1,0,-1
1533864490145504,-2,-4,-4,4,-1,-10,-1,-5
1533864490166448,-2,-5,-4,-6,-9,-1,-1,-3
1533864490166448,-1,0,9,5,16,2,-2,0
1533864490168444,-1,0,-20,-5,-6,-3,1,1
1533864490168444,3,4,56,7,3,-2,1,2
1533864490180420,0,8,67,1,2,-3,-4,-5
1533864490180420,-3,-3,16,-4,-17,-2,1,0
1533864490189387,-1,-2,-45,-4,1,4,3,-1
1533864490189387,-4,-8,4,-1,6,-1,-1,-1
1533864490204347,-4,4,-33,-11,-7,-5,-5,-3
1533864490204347,1,1,16,7,3,0,-4,2
1533864490206342,-1,2,-21,2,14,0,-1,-2
1533864490206342,-2,7,16,-2,-12,2,-1,-3
1533864490226291,3,-9,6,-2,2,-2,1,-2
1533864490226291,-4,-3,-23,-8,-3,-1,-2,-6
1533864490228294,-2,-9,21,6,4,-2,5,3
1533864490228294,0,-1,-5,0,4,3,-6,1
1533864490240251,-6,-10,-104,-3,0,1,-1,-2
1533864490240251,-1,0,46,-2,-26,-5,3,3
1533864490249239,-2,2,42,2,3,0,0,-2
1533864490249239,-6,-1,-15,-3,-16,-5,-6,-6
1533864490264187,0,0,-5,4,35,3,-2,1
1533864490264187,-1,-1,-28,-9,-5,3,-2,5
1533864490266184,-6,2,-13,-3,-2,0,-1,-4
1533864490266184,-1,-3,-18,0,12,-1,1,2
1533864490287245,-2,-3,0,-1,-22,-5,-1,-1
1533864490287245,1,-4,2,5,9,-3,-2,-7
1533864490288126,3,7,54,8,-7,-2,-3,3
1533864490288126,3,0,-9,-4,1,-2,1,1
1533864490300091,2,-2,11,2,1,1,-1,-1
1533864490300091,3,-1,15,-1,-2,-6,0,-1
1533864490309067,0,-1,-30,-4,-10,-2,-4,1
1533864490309067,0,-1,-19,-5,6,5,2,0
1533864490324027,-1,2,18,-3,-7,1,2,0
1533864490324027,0,-1,-4,-2,-9,-5,-8,-9
1533864490326022,-1,-4,-17,0,3,-3,1,4
1533864490326022,-2,0,2,-1,-2,2,1,0
1533864490346986,-1,1,11,0,3,2,-5,4
1533864490346986,-2,0,6,2,2,0,3,0
1533864490347962,-1,-3,-8,-5,-10,-4,-2,-8
1533864490347962,2,1,3,1,-6,-2,-3,-3
1533864490359932,-5,-5,-8,4,-21,-3,2,1
1533864490359932,-4,-2,-23,-2,12,3,3,-2
1533864490368972,-2,-9,-85,-19,-5,0,-7,-4
1533864490368972,2,1,27,2,-1,-4,1,2
1533864490383870,0,4,51,-1,-3,-2,0,-2
1533864490383870,1,3,18,3,10,-1,-2,-1
1533864490385862,-1,5,-24,0,-6,-1,1,2
1533864490385862,-1,-2,7,9,1,2,1,0
1533864490406829,0,-6,15,0,3,2,2,-1
1533864490406829,-1,1,-5,-2,-6,-1,0,3
1533864490407823,-3,2,21,2,5,0,-4,-4
1533864490407823,-1,-4,-21,-10,-12,-5,-1,-3
1533864490420771,1,2,-3,2,3,-3,-1,0
1533864490420771,1,-2,1,1,-9,-6,-2,2
1533864490429755,4,1,20,-1,14,14,3,7
1533864490429755,-6,-5,-12,3,-2,-6,-6,-4
1533864490444707,-3,-3,-19,-5,-10,-4,1,-4
1533864490444707,0,-7,-5,-4,-3,8,8,-2
1533864490445701,1,-2,15,2,15,-11,-18,-2
1533864490445701,-2,0,-11,-2,-1,-5,0,-1
1533864490466649,-2,0,-9,-2,-11,2,0,-2
1533864490466649,-3,-4,1,-5,-3,-2,2,-5
1533864490468641,-1,2,13,0,-12,-4,2,-5
1533864490468641,2,-1,-5,2,22,3,1,3
1533864490480608,-3,-2,-7,-7,4,-2,-5,-1
1533864490480608,-4,-1,3,3,1,2,-4,-3
1533864490489584,2,1,9,-2,-1,3,8,5
1533864490489584,-5,-6,-13,0,-14,-9,-13,-9
1533864490504576,3,-3,-1,0,26,5,11,6
1533864490504576,-3,-1,-2,-7,-9,1,-2,3
1533864490505581,-4,-2,2,2,-21,-4,-4,1
1533864490505581,1,4,2,-6,-1,0,2,-3
1533864490526488,-4,-3,-5,1,-1,0,-3,-4
1533864490526488,1,-2,0,0,4,-2,-5,-1
1533864490528480,0,-2,4,0,-3,-3,0,-4
1533864490528480,1,-3,-2,-3,4,6,5,2
1533864490540461,-2,-4,-8,0,-5,-6,-7,-4
1533864490540461,-2,-2,-5,-2,1,-6,-4,-2
1533864490549424,-2,-1,1,1,5,2,-1,-3
1533864490549424,-1,0,-2,0,0,1,1,0
1533864490564402,0,1,-2,-1,-2,-1,0,-1
1533864490564402,-1,-2,-6,-2,-8,-8,-4,-3
1533864490565381,-4,-1,4,-3,-11,-3,-4,-2
1533864490565381,-1,-1,-2,0,11,4,1,0
1533864490586341,-2,-1,0,-3,-10,-1,-3,-1
1533864490586341,1,0,4,-6,4,4,3,0
1533864490594305,-2,-2,-3,-3,-13,-5,-1,-2
1533864490594305,1,-3,-5,-4,-8,-3,2,-2
1533864490600291,1,1,1,1,3,6,6,4
1533864490600291,1,-1,0,4,10,-5,-6,-1
1533864490609264,1,2,5,-7,-6,-2,-1,-3
1533864490609264,0,-2,-1,-1,-4,2,-1,-2
1533864490624227,-4,-3,-9,2,4,1,1,-3
1533864490624227,-2,1,-1,-3,-16,-3,-1,-3
1533864490626222,-1,-1,0,1,11,4,-2,3
1533864490626222,-1,1,2,-4,0,-7,-7,-2
1533864490647163,0,3,2,3,-10,-1,1,0
1533864490647163,-2,-2,2,8,4,-1,0,0
1533864490648160,-5,-5,-9,-6,-6,-7,1,-5
1533864490648160,-3,-2,-1,-2,-6,-3,0,-2
1533864490660131,0,-1,0,-1,10,-1,-4,-1
1533864490660131,-2,-1,1,-5,-14,-1,-1,-1
1533864490669108,2,0,3,5,12,1,2,-1
1533864490669108,-3,-3,-8,-1,0,0,-1,-1
1533864490684075,-1,-3,-5,-4,-7,-3,2,0
1533864490684075,0,0,3,3,0,4,-1,-1
1533864490686059,-3,-2,-2,-3,15,-2,-3,-4
1533864490686059,-1,2,0,-4,-16,-4,2,2
1533864490707006,-1,-2,-6,1,5,0,0,4
1533864490707006,-2,0,-2,3,-11,1,1,1
1533864490708000,0,2,2,-3,6,3,2,0
1533864490708000,-2,0,0,-3,-12,-5,-3,-3
1533864490719971,0,-2,-1,-3,-4,-4,-4,-5
1533864490719971,-3,-3,-7,-1,6,-7,-5,0
1533864490728944,-1,-1,-3,3,0,3,-2,-2
1533864490728944,-1,0,1,-1,4,-3,1,0
1533864490743907,1,-1,3,-3,3,4,-2,1
1533864490743907,0,-1,-1,-3,-5,0,1,-1
1533864490745906,-2,-2,1,4,-6,-5,1,-2
1533864490745906,-1,0,1,0,3,-1,-2,-2
1533864490766866,0,-2,-4,-5,-5,0,0,-1
1533864490766866,-2,0,4,-1,3,-2,1,-3
1533864490767840,-2,-2,-7,1,-7,-4,0,-1
1533864490767840,-2,0,-2,0,15,1,-5,0
1533864490780806,-2,2,0,-3,-19,-1,2,0
1533864490780806,0,-3,-1,-6,2,-1,-1,-2
1533864490789782,1,-1,0,-4,1,-2,0,-1
1533864490789782,-4,-4,-1,5,-3,0,-6,-1
1533864490803747,-1,0,1,-4,-2,-8,-3,-4
1533864490803747,1,1,-2,1,7,6,5,3
1533864490805738,1,0,4,-2,-4,-2,-1,2
1533864490805738,-2,-5,-7,-4,0,-1,0,-1
1533864490826686,-1,-2,-1,-1,0,-4,-6,-3
1533864490826686,-3,-3,-9,-3,-7,-4,-3,-2
1533864490828677,-1,1,-1,1,2,0,-1,-1
1533864490828677,-2,0,1,1,-2,2,0,0
1533864490840645,-2,-2,0,-5,5,-2,-5,-3
1533864490840645,0,-1,-2,3,-5,2,1,0
1533864490849622,0,-3,-10,-2,4,0,-4,-2
1533864490849622,-1,-3,-7,-5,-3,-6,-1,-1
1533864490871566,-3,-1,-3,4,-5,-2,-2,-2
1533864490871566,-1,1,3,-2,12,0,-4,-2
1533864490873566,-1,-2,1,-2,-10,4,-1,0
1533864490873566,0,2,4,6,9,0,0,0
1533864490886526,0,2,-2,-4,-6,-4,1,-1
1533864490886526,-3,-2,-2,-6,-10,-6,-7,-4
1533864490888517,0,-1,-1,-4,-3,2,5,1
1533864490888517,1,1,6,-9,3,3,3,-1
1533864490909464,-4,-4,-6,8,0,0,-3,-3
1533864490909464,1,-2,0,6,20,1,-2,1
1533864490910458,-3,-1,-2,-7,-23,-6,-1,0
1533864490910458,-2,-1,0,-3,-4,-4,-1,0
1533864490924424,1,0,4,-4,6,-1,-1,-2
1533864490924424,-1,-3,-3,-1,-6,-2,0,-2
1533864490926416,-1,-2,1,5,11,-1,-3,-2
1533864490926416,0,-1,-4,-1,-1,3,4,2
1533864490946367,1,3,6,-9,5,-1,-1,1
1533864490946367,-3,-4,-5,3,2,0,-3,-3
1533864490948362,1,-3,-6,-5,-2,-4,-1,-3
1533864490948362,-4,-1,-5,1,-10,-1,-2,-2
1533864490969304,1,-2,2,-3,-1,0,-1,-2
1533864490969304,1,0,0,-1,1,0,-1,0
1533864490971296,-1,0,-1,2,-3,-1,-1,-2
1533864490971296,-2,-1,0,-2,1,0,-1,-3
1533864490984264,-2,-4,-32,-4,-6,-6,0,-3
1533864490984264,-2,0,32,1,-3,-3,0,0
1533864490986257,-2,0,-1,3,-2,-2,-2,-3
1533864490986257,1,-3,-3,0,10,2,-3,4
1533864491007200,-2,-2,1,-1,-1,-4,-6,0
1533864491007200,0,0,-7,-3,-4,1,3,0
1533864491008208,-3,0,2,2,3,0,-2,0
1533864491008208,-1,-3,2,-3,-2,3,0,-3
1533864491029154,-1,-2,1,0,-10,-1,0,-2
1533864491029154,-2,-1,-7,-4,2,-6,-4,-3
1533864491031143,2,-1,5,2,1,7,2,0
1533864491031143,-2,-1,-9,-1,-7,-7,-4,-3
1533864491044104,-4,-2,3,-2,-1,-6,-3,1
1533864491044104,-1,-1,-7,-6,-3,-3,0,-2
1533864491050085,-2,0,-6,-1,0,-3,-3,-2
1533864491050085,1,0,17,-1,5,1,0,0
1533864491067043,0,5,4,-1,-5,1,0,-1
1533864491067043,-2,-13,-2,1,1,1,-1,0
1533864491068037,-1,-2,5,0,-3,-1,-2,0
1533864491068037,-3,-3,-31,-3,-5,-1,-1,-2
1533864491089978,0,0,29,5,-6,-2,1,-1
1533864491089978,0,3,-3,-4,6,2,0,2
1533864491090990,-1,1,-8,-8,-1,-9,-3,-2
1533864491090990,-2,-3,-3,2,3,-1,-2,-4
1533864491103941,2,0,-7,4,3,11,4,6
1533864491103941,-3,-1,-6,-4,-7,1,-2,-1
1533864491110925,-1,-1,4,0,1,-1,-1,-1
1533864491110925,-1,2,3,-3,-2,-5,-1,-3
1533864491126883,0,-5,-3,-2,-5,-9,-3,-3
1533864491126883,-1,2,-1,-2,13,3,-1,-1
1533864491127877,-2,-2,-8,2,-3,-6,-2,1
1533864491127877,0,-2,4,-1,-26,0,4,1
1533864491148824,-4,-2,-5,-2,4,-2,-2,-2
1533864491148824,-1,0,-9,-1,-9,-3,-2,0
1533864491150817,-2,1,-20,-2,7,-1,-1,-3
1533864491150817,6,10,92,11,10,-2,0,1
1533864491163781,-5,-2,-46,-6,-3,-1,-3,-1
1533864491163781,2,12,86,7,-5,-5,0,0
1533864491170817,-6,-18,-23,-1,0,3,-2,-2
1533864491170817,0,1,-45,-6,0,0,-1,0
1533864491186723,0,-8,48,5,3,3,3,3
1533864491186723,-2,-1,-8,3,-1,-1,-2,-1
1533864491188714,-1,1,-30,-4,-1,-1,-1,-1
1533864491188714,0,-1,24,-5,-4,1,-3,-1
1533864491209661,-1,6,-13,-2,1,-4,-4,-3
1533864491209661,0,-2,-41,-8,-4,-1,-1,-2
1533864491210656,-1,-2,38,4,0,0,1,2
1533864491210656,-2,-10,-20,-3,5,-2,-1,1
1533864491223624,-4,-5,-1,-1,0,-3,0,-1
1533864491223624,-4,-3,-4,-2,-5,0,-1,0
1533864491230602,-1,0,-19,-5,-2,1,-3,-3
1533864491230602,1,-6,5,-3,2,0,0,1
1533864491246559,-1,-1,-18,-2,5,0,-2,-1
1533864491246559,-3,8,-40,-7,-13,-6,-5,-4
1533864491248555,1,2,33,3,3,-2,2,1
1533864491248555,-5,-8,-29,-1,-2,-1,0,-1
1533864491269502,2,4,62,5,9,0,0,-1
1533864491269502,-4,6,-22,-10,-4,-1,-3,-3
1533864491270496,-1,-16,-37,3,-4,-2,-2,-1
1533864491270496,2,6,17,3,-4,-4,-1,2
1533864491282467,-5,-10,-31,-4,1,1,-3,-1
1533864491282467,-1,-7,12,3,3,3,1,-1
1533864491291439,1,9,5,-6,-2,0,-2,0
1533864491291439,-3,-2,-20,-2,-1,-2,-4,-2
1533864491306403,-1,3,-17,-5,-7,-3,-1,0
1533864491306403,1,-2,3,3,9,-1,1,2
1533864491308401,-2,-6,-1,-3,-13,-1,1,-2
1533864491308401,0,2,-14,-8,1,-1,-1,-3
1533864491329343,-1,-8,0,2,-6,1,-1,0
1533864491329343,2,0,27,3,0,-2,-1,0
1533864491331333,-3,0,-19,-4,2,-2,-1,-1
1533864491331333,-1,1,5,1,-1,0,-2,-1
1533864491343304,0,1,-57,-6,-6,-2,-2,-2
1533864491343304,-1,-7,4,0,6,2,0,0
1533864491352286,3,5,5,-6,-5,-5,-1,1
1533864491352286,-2,0,42,-2,-17,-4,-4,-1
1533864491367241,-3,4,-37,-9,-9,-3,-2,-4
1533864491367241,-2,-9,-30,2,-4,0,0,-2
1533864491368234,-3,7,25,-1,1,0,0,0
1533864491368234,-3,-13,-8,6,8,-1,0,0
1533864491389178,0,0,8,0,3,4,-1,-1
1533864491389178,-6,-4,0,-2,-1,4,-1,0
1533864491391174,-4,3,-8,-2,4,-1,-3,-4
1533864491391174,-3,-3,-47,-10,-1,-2,-3,-5
1533864491403167,5,4,20,4,5,-2,0,1
1533864491403167,1,-2,-6,-1,-4,-3,-3,-1
1533864491412119,0,-2,11,1,1,1,-2,0
1533864491412119,-3,-2,-32,-3,-2,-1,0,-2
1533864491427077,3,2,84,5,3,-2,0,-1
1533864491427077,0,-5,-5,-9,-8,-2,-1,0
1533864491428074,-3,0,-7,5,2,2,0,-5
1533864491428074,1,-2,25,-1,4,-1,1,1
1533864491449022,-6,3,-116,-18,-10,-2,-4,-5
1533864491449022,2,-12,53,12,5,2,7,4
1533864491451013,-2,-6,1,0,4,-1,0,0
1533864491451013,1,4,5,5,-2,1,2,-1
1533864491462992,0,4,-12,-4,-4,-3,-4,-2
1533864491462992,-2,5,-14,-6,3,0,-2,-3
1533864491471957,0,-10,-4,3,3,1,0,0
1533864491471957,-2,0,1,2,5,-3,0,0
1533864491486917,0,3,21,4,7,7,2,0
1533864491486917,2,-1,-14,-4,-2,0,-1,-4
1533864491487916,1,2,17,0,-13,-2,-2,-2
1533864491487916,-2,3,-12,-1,-5,0,-1,-3
1533864491508865,-4,-9,13,1,0,-3,0,-1
1533864491508865,2,6,-1,2,3,-2,0,2
1533864491510853,-1,-5,3,-6,5,-1,-2,-1
1533864491510853,-3,2,-48,-4,-13,0,-2,-1
1533864491522820,-1,-3,29,-3,-1,-1,2,0
1533864491522820,-3,-5,-27,1,1,-3,-4,-3
1533864491531797,4,1,57,3,-1,-2,0,-1
1533864491531797,-2,-1,-8,-3,0,0,-2,-1
1533864491546792,1,-4,12,0,-2,-1,1,0
1533864491546792,-2,1,-12,-4,-9,-3,-2,-2
1533864491548753,-2,3,-27,-3,-7,-1,-2,-2
1533864491548753,1,-1,6,-6,4,0,0,-1
1533864491569732,-3,-4,3,3,-2,-3,0,0
1533864491569732,0,-1,7,-6,3,-3,-1,-1
1533864491570693,-2,0,-13,2,-9,-4,-2,0
1533864491570693,-1,-3,14,-3,9,0,-1,-3
1533864491582674,1,-1,-2,-2,-2,0,-2,-2
1533864491582674,-1,0,-6,-1,-3,-1,-1,-2
1533864491591640,1,2,1,-3,-2,0,0,1
1533864491591640,0,-2,1,1,0,-4,-4,-2
1533864491606597,-1,-6,-10,-1,-12,-4,0,0
1533864491606597,-3,-2,0,-2,-1,2,-4,-3
1533864491608591,0,0,-4,-3,3,-2,2,-1
1533864491608591,-1,-1,9,6,-9,-4,-1,-2
1533864491629537,0,1,1,2,17,3,0,-1
1533864491629537,-3,-1,3,-6,-4,-4,1,-1
1533864491630533,-4,-1,-4,1,3,-1,-1,-1
1533864491630533,-5,-6,-40,5,-3,-1,-3,0
1533864491642504,-1,0,17,2,2,-2,-3,-1
1533864491642504,1,-2,-1,-1,-6,1,1,-1
1533864491651483,2,2,2,-5,4,0,-2,-1
1533864491651483,1,-3,0,1,-4,-1,1,-2
1533864491666440,0,2,-5,4,-3,-2,-2,0
1533864491666440,-1,0,8,-4,-2,-2,-1,-1
1533864491668432,-1,-1,-8,-2,-3,-2,-3,-2
1533864491668432,1,3,11,-1,-1,1,1,1
1533864491689379,-1,-1,-4,-6,0,-2,-6,3
1533864491689379,-1,0,2,1,0,-3,-4,-2
1533864491690373,-3,-2,-5,1,-5,-1,0,-2
1533864491690373,-3,-1,8,3,-8,-4,-4,-4
1533864491703344,0,-3,3,-7,11,4,2,0
1533864491703344,-4,-4,-10,6,-9,-8,-5,-1
1533864491712313,0,-2,-4,-18,5,2,6,6
1533864491712313,1,2,7,0,-3,2,1,-3
1533864491726280,0,-1,1,19,6,7,4,-2
1533864491726280,-2,-2,-4,6,-10,-3,-4,-1
1533864491733263,-4,-6,-38,-56,-14,-3,-3,-2
1533864491733263,1,8,20,-2,16,0,2,4
1533864491749218,0,-12,63,-1,-35,-9,-5,-3
1533864491749218,0,-15,41,14,15,3,5,10
1533864491751210,-3,1,1,23,2,-2,-6,-15
1533864491751210,-3,-4,7,-9,0,0,8,9
1533864491763178,-5,0,-38,-5,3,-1,-14,-28
1533864491763178,-1,6,-19,-5,2,1,0,-1
1533864491772154,1,0,23,16,5,-1,5,11
1533864491772154,-4,-4,-17,-14,-7,-2,-10,-17
1533864491786116,0,2,-9,5,1,-3,5,3
1533864491786116,0,-5,-50,-3,-5,-2,-4,-2
1533864491793101,-3,2,-2,-20,0,1,-3,-2
1533864491793101,2,4,5,14,8,2,-3,2
1533864491809055,-1,1,-8,-17,-6,-3,1,7
1533864491809055,-5,-4,3,-10,-7,-5,-5,-9
1533864491811050,0,-4,-3,11,-1,1,-3,0
1533864491811050,0,-3,3,10,4,1,0,3
1533864491831997,-2,1,-1,12,1,-1,1,3
1533864491831997,3,7,1,-8,12,4,3,3
1533864491832991,-1,0,1,2,-16,-5,-4,-3
1533864491832991,-2,-2,7,-6,8,-3,-3,-1
1533864491845957,3,0,-12,-26,-5,1,4,9
1533864491845957,0,2,7,0,-6,-1,-2,-5
1533864491852938,-4,-4,-1,11,4,-6,-2,-4
1533864491852938,1,-1,-5,-16,-10,-6,-3,-4
1533864491868898,-2,3,-20,22,27,5,7,6
1533864491868898,7,-10,28,17,7,15,3,25
1533864491870890,-6,-2,-28,3,-7,-2,-4,-9
1533864491870890,-4,-6,32,12,-5,-2,2,3
1533864491892051,-4,-1,7,-5,-4,-7,-7,-8
1533864491892051,0,0,-32,-14,-1,-7,3,4
1533864491893969,2,5,10,15,2,1,1,1
1533864491893969,0,-7,-11,23,2,-1,-5,-3
1533864491905822,-1,1,-6,-46,-21,-6,-1,2
1533864491905822,-8,-2,-7,-1,-1,-4,-2,-9
1533864491912779,8,2,5,-36,-6,-4,-3,1
1533864491912779,-4,3,-13,12,-1,-1,-2,-4
1533864491928738,0,2,17,15,4,2,-1,-1
1533864491928738,0,3,1,6,-1,-1,-2,-4
1533864491930730,-2,-2,3,15,3,-1,-4,-5
1533864491930730,1,2,3,-1,0,4,2,2
1533864491951677,-1,-5,-12,-2,2,0,-2,-3
1533864491951677,-7,1,2,-3,-6,-5,-6,-7
1533864491953668,-9,-10,5,32,11,5,2,3
1533864491953668,7,3,-9,10,-2,0,0,-2
1533864491966637,-5,-7,-7,-33,-14,-4,-6,-3
1533864491966637,9,1,-1,-8,-3,-6,0,-4
1533864491972621,-7,-1,-1,-48,-3,-2,-6,-1
1533864491972621,-8,-9,-14,-25,-1,-2,0,4
1533864491989573,-2,-1,8,13,8,2,-1,-8
1533864491989573,11,7,6,6,0,-4,0,-9
1533864491990570,5,0,-10,-8,-6,-4,-1,8
1533864491990570,-1,1,4,4,-2,0,-6,-13
1533864492011514,4,-1,-10,2,-4,-3,-3,0
1533864492011514,-10,-10,8,3,-1,2,0,5
1533864492013526,32,12,44,21,7,0,6,2
1533864492013526,-28,-13,-18,-26,-6,-2,3,3
1533864492025682,15,25,9,10,-4,-2,-1,2
1533864492025682,-22,-54,-4,34,-2,0,-3,-6
1533864492034452,5,4,-23,-36,-10,-2,3,-4
1533864492034452,5,-8,2,1,0,3,-6,-7
1533864492049416,-9,-10,0,2,-1,-2,-3,-6
1533864492049416,5,16,-1,11,4,-1,2,1
1533864492050409,-10,0,-3,13,-1,-1,-1,-3
1533864492050409,6,2,-2,-9,-2,-3,0,1
1533864492071357,-6,3,-5,7,1,-3,0,-1
1533864492071357,4,11,4,-20,-4,-2,-2,-2
1533864492073358,-11,-17,-10,14,0,0,-2,-1
1533864492073358,2,10,2,-7,-3,-2,1,1
1533864492085319,3,-4,9,19,7,2,-1,2
1533864492085319,1,14,-11,-11,-6,-2,-3,-1
1533864492094292,-6,0,-1,0,-3,-2,-2,0
1533864492094292,0,-5,-4,2,0,-1,0,1
1533864492109255,-2,1,2,-8,-5,-3,0,-4
1533864492109255,-3,-3,-2,-17,-2,-3,-3,-3
1533864492111250,-5,6,2,10,4,2,-2,-2
1533864492111250,1,5,0,-3,-1,0,1,1
1533864492132191,-8,-22,-6,-3,-4,-4,0,0
1533864492132191,-1,9,5,-5,-1,1,1,-2
1533864492133188,0,-7,-1,-1,1,-2,-2,-2
1533864492133188,2,3,-2,6,-2,-2,-1,-2
1533864492145159,0,0,0,-6,2,-1,2,12
1533864492145159,-3,-2,-1,1,1,-1,-10,-17
1533864492154135,-2,0,-4,-4,-3,-1,0,9
1533864492154135,1,-4,-2,-10,-3,-1,3,6
1533864492169260,-3,3,0,3,1,-1,-6,-16
1533864492169260,4,-3,0,-6,0,-1,-2,2
1533864492171088,-3,7,2,-1,-1,-1,-2,2
1533864492171088,-20,-15,-6,-2,-4,-3,0,-6
1533864492192034,-2,-9,3,6,0,2,0,1
1533864492192034,-4,0,-3,-3,1,0,2,6
1533864492193028,3,-4,3,6,-1,1,-3,-9
1533864492193028,-5,3,1,7,3,1,0,3
1533864492205003,-1,1,-11,-8,-2,-1,7,8
1533864492205003,-6,-1,-1,-3,-1,-2,-11,-21
1533864492213990,-7,1,-1,4,2,-2,4,6
1533864492213990,1,1,2,5,2,-2,-2,-3
1533864492228933,4,2,2,2,-1,0,8,32
1533864492228933,-7,4,-2,-13,-8,-2,-13,-37
1533864492230941,1,-6,-6,-4,-3,-4,-2,-3
1533864492230941,4,3,1,-7,-1,-1,-4,-2
1533864492250873,1,0,-3,9,1,0,-1,-5
1533864492250873,3,-2,-2,6,-5,-1,8,23
1533864492259850,-1,-1,5,9,4,1,2,-9
1533864492259850,13,6,-7,-14,-6,-2,-3,7
1533864492265836,-15,2,-1,-4,-2,-1,-6,-13
1533864492265836,-9,-42,-7,-1,-2,1,2,4
1533864492274826,-3,-6,-2,3,1,-1,-2,-8
1533864492274826,6,1,3,1,-2,-1,2,8
1533864492288776,1,-2,-4,-13,-2,-2,0,1
1533864492288776,6,15,-4,-1,-1,0,4,5
1533864492290768,-1,-3,-1,-1,-1,-1,1,1
1533864492290768,-2,-6,-1,2,-2,-1,-2,-6
1533864492311748,-4,4,-5,2,-3,-4,-13,-8
1533864492311748,-4,-11,2,-1,2,0,6,8
1533864492313738,-1,3,-3,5,-3,-3,-3,-4
1533864492313738,0,2,-1,-15,-2,-1,-2,-4
1533864492325717,2,-3,-2,-4,-1,0,0,7
1533864492325717,0,8,3,-1,1,-2,2,-1
1533864492334679,-1,1,-2,0,0,-1,-4,2
1533864492334679,-4,-5,0,8,-2,-2,-2,-5
1533864492349642,11,1,-1,-4,-2,1,2,5
1533864492349642,-9,5,0,0,0,0,3,5
1533864492350635,-2,-4,-7,-5,-6,-2,-6,13
1533864492350635,4,-6,-4,-1,-2,0,-4,-8
1533864492371581,-16,-1,-8,-2,-4,-2,-2,-16
1533864492371581,26,11,1,-2,2,-1,1,7
1533864492373574,-7,7,6,9,4,1,2,-7
1533864492373574,2,-17,0,-4,1,-1,2,0
1533864492385545,0,-2,-5,10,-4,-5,-6,-5
1533864492385545,-5,-3,-5,-26,-6,0,2,5
1533864492394526,6,4,4,-2,2,1,5,7
1533864492394526,-2,7,3,8,4,2,3,3
1533864492409481,-4,2,0,-2,2,-1,-1,-14
1533864492409481,3,15,9,9,4,2,0,12
1533864492410476,-9,-15,-9,-6,-4,-2,-5,-12
1533864492410476,-3,3,2,-2,0,-2,-2,-2
1533864492431420,0,-8,-3,-3,-3,-3,0,1
1533864492431420,2,-7,-2,6,-2,-2,2,5
1533864492433425,3,4,1,-8,-2,3,1,-1
1533864492433425,0,3,0,0,-2,-3,1,8
1533864492446387,-5,-17,-1,-5,-1,-2,-2,-9
1533864492446387,1,7,2,1,-1,-5,-4,-8
1533864492454359,0,2,-3,0,-2,-4,-3,-5
1533864492454359,2,5,-1,1,-3,-3,0,0
1533864492469319,-3,1,0,6,3,1,-1,1
1533864492469319,-9,-6,-12,-7,-7,-4,-5,-7
1533864492471418,-3,-7,-2,-1,-2,-2,1,-1
1533864492471418,-1,-3,-2,-1,-1,-1,-1,-1
1533864492492272,2,3,2,-3,-2,-1,0,0
1533864492492272,-3,-5,2,7,1,0,0,-4
1533864492493255,-7,-4,-1,-3,1,1,0,2
1533864492493255,13,7,-5,-17,-5,0,-3,-6
1533864492505225,2,7,8,9,2,3,-3,0
1533864492505225,4,-13,2,-4,1,-1,0,4
1533864492514209,2,-8,-6,-7,-5,-3,-2,-3
1533864492514209,-6,-4,-2,4,0,1,-4,-7
1533864492528363,0,-2,-5,-6,-2,0,1,0
1533864492528363,6,5,1,10,1,-3,-1,2
1533864492537137,-4,1,3,3,2,-1,-2,0
1533864492537137,-6,-2,1,1,-3,-3,-3,-2
1533864492552101,2,-1,-1,0,-1,-2,-2,-1
1533864492552101,-9,2,-1,2,0,1,0,-1
1533864492553094,1,-1,3,-4,-2,-2,0,-1
1533864492553094,-8,-3,-9,-8,-7,-3,-4,-6
1533864492565066,1,-1,-2,1,0,0,1,5
1533864492565066,-4,2,0,-4,1,2,-1,-5
1533864492574042,0,0,-1,-1,1,2,0,-3
1533864492574042,1,-1,-1,2,3,0,-1,1
1533864492588999,-2,-1,3,5,1,-1,0,-1
1533864492588999,-6,-2,-5,-10,-4,-2,-4,-5
1533864492590993,-1,-1,-3,2,-3,-4,-1,-2
1533864492590993,-4,-2,1,0,0,0,0,2
1533864492611940,0,-2,-3,-7,-2,-1,-2,-1
1533864492611940,-1,0,2,4,1,0,-2,-3
1533864492612934,-1,-3,-5,-7,-6,-1,-1,-1
1533864492612934,-3,-2,0,-2,2,-2,1,-1
1533864492625903,-1,-1,3,12,0,-2,-2,-2
1533864492625903,2,1,2,-8,4,-9,-4,-3
1533864492634890,-2,3,-4,-12,8,11,-3,-4
1533864492634890,-3,0,0,8,-8,-3,2,0
1533864492648842,2,3,3,-2,-14,-4,3,0
1533864492648842,-2,0,-1,3,18,6,1,0
1533864492650832,-5,-4,-5,-21,-21,-7,-2,-3
1533864492650832,0,0,-1,-2,-3,-4,-3,-2
1533864492671780,-3,-5,-7,-6,14,2,-4,0
1533864492671780,-3,-2,-1,-1,-11,-5,0,-2
1533864492673776,1,-1,-2,4,3,-5,-5,-2
1533864492673776,-2,-4,-2,-2,-2,1,-1,-2
1533864492685743,-2,-1,-1,-5,-4,0,2,-2
1533864492685743,-1,0,-1,2,2,6,2,-2
1533864492694715,-2,0,-1,8,5,-1,-2,1
1533864492694715,-2,2,0,-3,-3,-5,-1,-1
1533864492708681,-1,-2,0,-3,0,-4,-4,-1
1533864492708681,0,-1,-3,1,-4,0,-2,2
1533864492715663,-2,-5,-7,1,-9,-4,-2,-5
1533864492715663,0,-3,-3,-8,1,2,1,-1
1533864492731620,-1,-2,-3,-12,1,0,1,-2
1533864492731620,-2,-2,0,9,-6,-1,-1,-1
1533864492733612,0,2,4,11,3,-3,-1,-2
1533864492733612,-1,0,1,3,3,3,0,2
1533864492745580,-3,-4,-10,-29,-9,-2,-2,-2
1533864492745580,-1,0,-7,-5,-7,-6,-2,-4
1533864492754570,0,-1,0,-1,3,0,3,1
1533864492754570,-2,-1,2,9,4,2,0,-3
1533864492768781,0,-1,4,16,-2,0,-2,4
1533864492768781,-2,0,0,-8,-2,-4,-1,-3
1533864492775528,1,3,3,4,0,-1,2,1
1533864492775528,-3,-4,-4,-5,0,1,-7,-12
1533864492791485,-1,-2,2,8,2,-1,-3,2
1533864492791485,0,3,-6,-12,-5,-2,5,10
1533864492793452,-4,-5,-2,11,0,-1,-8,-21
1533864492793452,1,2,3,-6,-2,-2,0,1
1533864492814401,0,-3,-4,-2,0,-1,0,-1
1533864492814401,6,7,3,-2,2,1,0,0
1533864492815393,-13,4,9,21,3,1,9,19
1533864492815393,13,4,-8,13,-4,-5,-5,-9
1533864492829355,0,-12,-8,-42,-8,-5,-10,-21
1533864492829355,19,12,5,2,3,3,2,6
1533864492830369,1,-15,-2,-13,0,-2,-1,0
1533864492830369,-7,-6,0,-4,2,3,2,3
1533864492852299,-2,1,0,10,1,0,1,-8
1533864492852299,-5,-5,-1,-4,-2,0,-3,-8
1533864492853307,11,12,3,-11,0,0,-2,7
1533864492853307,-3,-5,-5,-4,0,-1,-2,-2
1533864492874235,-3,-15,0,12,-1,-4,1,5
1533864492874235,-7,-5,-7,-17,-5,-4,-5,-1
1533864492876235,1,1,-2,4,1,-3,-3,-11
1533864492876235,-6,-8,-3,-14,-3,-1,2,8
1533864492888198,0,7,4,-1,0,2,3,5
1533864492888198,-5,-3,1,-6,2,0,-4,-8
1533864492895183,1,-6,-3,-13,-1,0,-1,2
1533864492895183,1,2,2,-8,-2,-3,-2,3
1533864492912134,0,5,-2,11,-3,-3,-2,1
1533864492912134,-5,-11,-2,-4,-3,2,-2,-4
1533864492913133,-3,-5,-8,-10,-6,-3,-2,-6
1533864492913133,4,9,-7,-3,-2,-3,1,2
1533864492934079,-5,-4,0,19,3,0,-2,4
1533864492934079,0,-8,1,11,1,-3,-3,3
1533864492936069,-10,8,-8,-8,-6,-1,0,-4
1533864492936069,5,7,7,19,3,0,2,-3
1533864492949039,-5,-16,-6,8,-3,-5,-2,-1
1533864492949039,-5,-3,-2,20,-1,-2,-1,1
1533864492956017,9,4,4,10,1,1,2,3
1533864492956017,-4,-4,-2,4,1,1,-4,-10
1533864492971977,2,7,-1,-3,0,2,2,-1
1533864492971977,-6,1,0,0,-1,-1,1,-2
1533864492972990,-6,-15,-5,-8,-5,-4,-5,-4
1533864492972990,-3,2,0,-4,0,-1,-2,0
1533864492994048,2,1,1,-4,0,-2,-1,1
1533864492994048,-4,-1,1,4,0,0,-2,-2
1533864492995910,-2,3,-5,-1,-2,0,2,-1
1533864492995910,-4,-8,-3,-2,-2,-2,-5,0
1533864493008875,-1,1,-4,-8,-1,-1,-3,-6
1533864493008875,0,-1,3,9,2,-2,1,4
1533864493014859,4,2,-2,-8,-6,-5,-2,-1
1533864493014859,-6,-1,5,3,0,2,0,1
1533864493031814,0,0,-12,-22,-9,-5,-3,0
1533864493031814,-3,-2,-5,-4,-5,1,-3,-5
1533864493032811,3,-5,3,6,2,-2,-2,2
1533864493032811,-6,3,3,1,0,-1,0,0
1533864493053759,2,8,2,-2,1,1,2,0
1533864493053759,-3,-5,-3,-4,-2,-2,0,-4
1533864493055749,-1,-2,-1,-1,2,1,-1,-1
1533864493055749,1,-5,2,0,1,0,0,2
1533864493068718,-1,-3,-6,-6,-3,-2,0,-1
1533864493068718,-4,-5,-5,-9,-4,-4,-2,-3
1533864493075700,3,3,5,5,4,1,1,3
1533864493075700,-2,-4,-12,-3,-6,-4,3,3
1533864493091657,-5,-5,-3,2,-3,0,-8,-19
1533864493091657,5,4,0,1,-3,-1,-1,-2
1533864493093648,-4,-3,0,-2,2,0,2,4
1533864493093648,-2,-3,-1,-7,-3,-1,-5,-9
1533864493114596,2,2,3,2,2,-1,1,4
1533864493114596,0,9,-2,-4,-1,-1,-1,1
1533864493115589,-5,-6,0,12,3,1,-1,-2
1533864493115589,-1,0,2,5,0,-2,-2,3
1533864493128624,-4,-3,-5,-8,-8,-2,-2,-1
1533864493128624,2,-2,-1,-1,-2,-2,-2,-3
1533864493135609,-3,4,0,-1,0,-1,-3,1
1533864493135609,4,2,7,4,4,1,-1,1
1533864493151567,-1,1,3,3,3,-1,3,1
1533864493151567,-5,2,3,2,2,1,0,-2
1533864493153558,1,-1,-8,2,-3,-3,1,-3
1533864493153558,-3,-2,-1,13,-2,0,0,-3
1533864493174505,0,-2,-4,6,-1,-1,-3,-2
1533864493174505,-4,-6,-4,-9,-5,0,-1,0
1533864493175499,0,-1,3,-7,0,1,0,0
1533864493175499,-1,-5,-3,-15,-2,-3,-4,-5
1533864493188465,-3,-2,5,-1,2,1,-1,5
1533864493188465,3,21,-1,-6,-1,-1,-1,-1
1533864493195445,2,1,-2,-9,-3,-3,-3,1
1533864493195445,-6,-12,-3,-5,-3,0,1,2
1533864493211403,0,-6,0,8,0,-4,-1,-4
1533864493211403,9,-4,-7,-22,-4,-2,-1,2
1533864493213397,-13,-5,-2,-2,-2,-1,-2,-3
1533864493213397,5,6,-2,-6,0,-2,-1,2
1533864493234345,-1,0,0,1,-1,2,-1,-1
1533864493234345,-1,-8,2,4,0,-1,6,10
1533864493235339,-6,0,-6,1,0,-4,-12,-23
1533864493235339,-3,-8,-6,-8,-1,0,-1,1
1533864493248305,-1,-1,-1,-5,-1,1,-1,-2
1533864493248305,-5,-3,1,7,-2,-2,1,2
1533864493255289,12,-3,-1,2,-2,0,6,12
1533864493255289,-2,16,7,5,-1,-1,-4,-3
1533864493272241,-23,-13,-6,-1,-2,-2,0,-2
1533864493272241,9,2,2,20,3,-3,-4,-3
1533864493273238,-7,-7,-3,-7,-2,-1,-1,0
1533864493273238,1,-17,-2,6,-1,0,-2,-5
1533864493294185,14,12,-1,-19,-4,-3,-1,3
1533864493294185,-7,-6,0,-4,1,0,0,-4
1533864493296177,2,-6,-5,-4,-6,-2,-1,1
1533864493296177,12,13,-1,-3,0,-1,0,3
1533864493308361,-18,-3,0,7,-1,-2,-2,-3
1533864493308361,10,-5,-3,1,-1,0,-2,0
1533864493317133,2,11,3,2,-1,-1,-3,-4
1533864493317133,-3,-17,-7,-10,-3,-2,-1,-3
1533864493332084,1,0,0,4,0,-3,3,6
1533864493332084,-7,-4,-4,-3,-2,-4,-3,-6
1533864493333077,2,-4,-6,-3,-3,-1,0,0
1533864493333077,-8,-3,-2,1,-1,-2,-1,-1
1533864493354025,13,-1,3,0,0,0,-1,0
1533864493354025,-19,14,-5,-1,-2,-1,-3,-3
1533864493356017,-1,-20,2,-1,3,1,2,0
1533864493356017,-2,1,-1,2,-1,-1,-5,-5
1533864493367988,10,0,-2,-6,0,0,4,7
1533864493367988,6,6,3,5,-1,0,-7,-13
1533864493376960,-15,3,3,1,2,0,1,-2
1533864493376960,3,-6,-2,4,-1,-2,-1,1
1533864493391924,4,8,6,0,-1,1,1,-4
1533864493391924,-11,-14,-7,-2,-4,-3,-1,0
1533864493392922,3,5,3,-1,-1,0,-1,-1
1533864493392922,-2,2,1,-3,0,-3,-2,-3
1533864493413875,-1,1,-7,4,1,-2,-3,-1
1533864493413875,4,-5,-1,-2,-3,0,2,6
1533864493415865,-9,-5,-4,-2,-3,-2,-4,-10
1533864493415865,1,7,-2,2,-1,-1,1,3
1533864493427828,1,6,1,-3,0,-1,-3,-2
1533864493427828,-6,-13,-5,-8,-4,1,-1,-1
1533864493436820,2,2,1,-1,-1,1,1,3
1533864493436820,-9,-6,-4,-2,-3,-1,0,-4
1533864493451764,-2,-1,-1,2,-1,-1,-1,-1
1533864493451764,-2,-2,-2,-3,-1,-4,-2,-1
1533864493453755,5,4,3,-8,0,-2,-2,3
1533864493453755,1,5,-3,-9,-2,-2,1,-2
1533864493474699,-1,-3,3,0,0,1,0,1
1533864493474699,1,-1,1,1,1,0,0,-1
1533864493475700,1,-3,-4,4,-2,-1,-2,-1
1533864493475700,2,-2,6,-1,-1,2,0,3
1533864493487699,-7,5,-5,0,-1,-3,-5,-5
1533864493487699,-2,-2,-2,-7,-1,-1,0,0
1533864493496648,1,0,-6,0,-5,-7,-6,0
1533864493496648,-1,-2,-1,4,3,1,5,-1
1533864493511678,2,1,6,3,1,5,2,1
1533864493511678,-2,0,-3,-1,2,0,-3,-4
1533864493513596,-2,0,0,0,-4,-1,2,-3
1533864493513596,-2,2,-1,0,-3,-5,-3,-1
1533864493534542,-2,-5,0,-6,-2,-6,-1,-3
1533864493534542,-3,-2,-5,-2,-4,-4,-11,-3
1533864493535536,2,1,-3,-1,-5,-3,1,-2
1533864493535536,-2,-2,-2,-4,-1,-1,1,-1
1533864493547508,4,-1,0,0,25,0,5,6
1533864493547508,-5,-1,-2,-7,-25,8,8,-1
1533864493556484,1,1,0,2,6,-5,-5,2
1533864493556484,-3,-1,-5,-3,-6,-2,-4,-6
1533864493571440,0,-2,2,5,5,9,1,0
1533864493571440,0,0,2,2,1,4,5,2
1533864493578422,-2,-2,-2,0,-7,-3,0,-1
1533864493578422,-2,-4,-2,-3,-6,-8,-8,-6
1533864493594379,-2,-5,-6,-6,7,-8,-13,-4
1533864493594379,0,0,2,3,-2,-1,0,0
1533864493596373,-3,-1,-2,-8,-2,3,5,1
1533864493596373,-2,-1,-1,4,14,0,0,4
1533864493616324,-3,-2,-4,-4,-26,-13,-17,-6
1533864493616324,-4,-4,-5,-6,-2,-16,-5,-6
1533864493617318,1,0,-3,-1,6,19,12,3
1533864493617318,2,3,1,-1,6,13,15,4
1533864493630297,-4,-1,1,3,-1,13,9,3
1533864493630297,-1,0,1,2,5,-7,-7,4
1533864493646254,-2,-2,0,1,-6,-10,-7,-3
1533864493646254,-2,-3,-4,-7,-6,-14,-11,-8
1533864493653225,2,-6,-5,-5,-6,-2,-9,-5
1533864493653225,1,-2,-2,-5,-1,-3,-2,-3
1533864493654219,0,0,0,0,4,2,-1,1
1533864493654219,0,-2,-2,-2,3,4,8,3
1533864493676163,-6,-2,-4,-1,-8,-12,-2,-6
1533864493676163,-1,2,2,1,5,2,-4,2
1533864493677158,2,2,3,3,-1,8,6,4
1533864493677158,-3,0,1,0,10,5,-1,1
1533864493690127,-4,-4,0,-7,-24,-5,-1,0
1533864493690127,-2,-5,-5,-4,2,1,-2,-5
1533864493699102,-1,0,-1,-3,-3,-10,-6,-3
1533864493699102,0,-3,-2,-5,-10,-4,-10,-6
1533864493713062,-1,-2,-2,2,10,6,0,0
1533864493713062,4,1,2,2,1,-4,2,2
1533864493714058,1,1,0,2,2,4,1,0
1533864493714058,-1,-1,0,-4,-6,-5,0,-1
1533864493736004,1,2,4,5,6,-2,-6,-3
1533864493736004,-4,-5,-8,-5,-6,-8,9,-2
1533864493736997,-4,-3,-4,-2,-2,4,0,-4
1533864493736997,1,3,5,6,3,6,2,1
1533864493750978,-2,-3,-4,1,-1,4,4,0
1533864493750978,0,0,1,2,-7,-5,-5,-2
1533864493758942,0,-1,1,3,0,-9,-4,-5
1533864493758942,-4,-5,-11,-6,3,-3,-4,-3
1533864493773899,0,0,1,-1,-7,-1,1,1
1533864493773899,-1,-2,1,2,6,-2,0,-4
1533864493773899,-5,-2,-3,-5,-23,-11,-5,-6
1533864493773899,0,4,6,5,8,14,-8,2
1533864493795840,3,1,1,2,4,-5,8,3
1533864493795840,-2,-3,-1,5,11,18,9,1
1533864493796853,-1,-1,-2,-2,1,-5,-4,-4
1533864493796853,-3,-2,-4,-3,-10,-14,-6,-3
1533864493810801,-1,-1,-3,-4,3,-5,-2,1
1533864493810801,2,1,4,1,5,7,6,1
1533864493818782,-3,-1,1,0,4,8,2,5
1533864493818782,-1,-4,-5,1,-8,-1,-2,-4
1533864493833742,-1,0,-1,-3,-4,-7,-2,-3
1533864493833742,0,-2,-3,11,8,-9,-11,-6
1533864493834736,2,1,4,0,7,-3,-7,-4
1533864493834736,-2,2,-3,-12,-17,2,7,4
1533864493856697,-3,-1,0,2,3,5,0,-5
1533864493856697,-2,-7,-8,-18,-38,-19,-10,-4
1533864493856697,1,-1,-1,2,12,-5,3,3
1533864493856697,1,0,4,5,7,2,0,-1
1533864493870861,-1,2,3,8,3,19,12,5
1533864493870861,-1,-1,-3,3,3,7,2,4
1533864493878839,-2,-5,-5,4,-4,-5,-6,-6
1533864493878839,-3,-5,-3,-2,-13,-16,-10,-7
1533864493893803,1,-4,-7,-6,0,-9,-4,-6
1533864493893803,2,1,5,-5,11,9,1,0
1533864493894822,-1,1,1,-7,-2,3,1,5
1533864493894822,-1,1,1,-2,7,8,9,2
1533864493924727,-4,-2,0,-1,-4,-3,-2,-3
1533864493924727,-1,-4,-7,-12,-5,-8,-13,-7
1533864493924727,-2,-3,-5,-6,-19,-27,-15,-4
1533864493924727,0,1,3,7,16,23,16,3
1533864493930771,-3,1,-3,-4,-15,2,4,4
1533864493930771,-4,-2,-3,-6,-3,-5,-1,-1
1533864493938683,-4,-4,-6,-11,-10,-13,-22,-9
1533864493938683,-1,-5,-6,-12,-16,-16,0,-6
1533864493953887,6,3,6,0,14,16,2,9
1533864493953887,1,3,4,3,5,13,0,2
1533864493954723,0,0,-1,-1,5,4,5,0
1533864493954723,-1,-1,-3,-1,-1,-13,-13,-7
1533864493975670,-2,-2,-5,-3,-6,-7,0,-5
1533864493975670,1,-1,0,3,-1,-7,-4,-5
1533864493976666,0,-1,0,3,7,8,8,2
1533864493976666,0,1,0,6,26,12,7,5
1533864493990851,-1,2,5,-9,-22,-6,-4,-2
1533864493990851,-2,-1,-1,2,-10,-9,-14,-3
1533864493998652,-3,-5,-5,-4,-17,-17,4,-5
1533864493998652,0,-2,0,1,7,15,8,6
1533864494013566,0,2,4,11,28,21,1,4
1533864494013566,-6,1,0,1,20,-3,2,0
1533864494014564,-5,-3,-32,-2,-21,-4,-4,-3
1533864494014564,-5,-2,26,-10,-44,-45,-44,-20
1533864494036504,1,-6,-4,-8,-1,0,21,4
1533864494036504,0,4,-1,6,9,23,7,8
1533864494036504,1,1,31,2,24,14,13,3
1533864494036504,-1,-1,-8,2,-1,-4,-5,-1
1533864494050471,-4,-7,-8,1,-5,-17,-14,-13
1533864494050471,1,1,6,4,2,-9,-11,-5
1533864494058446,6,4,1,1,8,14,10,9
1533864494058446,-1,1,-40,3,-2,2,3,2
1533864494073406,-1,3,11,3,2,-9,-6,-2
1533864494073406,0,-7,25,0,-6,0,6,0
1533864494074403,-4,6,5,-1,18,-1,-8,-5
1533864494074403,0,-12,18,-1,-21,1,6,3
1533864494096344,-1,1,0,0,41,-8,-11,-4
1533864494096344,-7,-6,-59,-32,-101,-17,1,3
1533864494096344,-2,-3,23,2,19,6,2,-4
1533864494096344,-1,7,11,-6,-20,-10,-11,-2
1533864494110311,1,-4,-18,0,17,6,17,2
1533864494110311,2,-2,0,4,24,11,6,-1
1533864494118286,0,-2,-51,-2,4,19,2,4
1533864494118286,-1,1,-64,0,19,10,-1,2
1533864494133249,-2,11,80,2,-26,-40,-17,-5
1533864494133249,1,-8,10,0,10,22,14,-2
1533864494134247,-4,-6,7,-2,-11,-2,-3,-3
1533864494134247,0,-7,-11,4,21,-6,12,1
1533864494156198,-3,3,-87,-9,-13,3,-12,1
1533864494156198,5,-3,53,9,12,-18,-3,-1
1533864494157183,4,1,51,8,-1,2,1,-2
1533864494157183,-3,-3,18,-3,-7,3,-3,-6
1533864494172142,-2,-10,1,-4,-12,-8,4,-2
1533864494172142,-3,11,-58,-7,11,2,1,-2
1533864494178126,2,-2,37,5,4,0,-3,1
1533864494178126,-2,14,-30,-13,-14,-3,1,-2
1533864494202062,1,-19,105,12,-14,4,-2,5
1533864494202062,-6,-9,-37,-1,12,0,-2,-2
1533864494202062,-2,-1,-8,12,1,-2,-3,-2
1533864494202062,-1,5,4,-5,2,-14,-14,-2
1533864494216028,0,0,-54,-19,-26,11,0,0
1533864494216028,0,3,4,5,29,12,7,1
1533864494217030,1,1,-7,5,8,-2,5,2
1533864494217030,-7,-5,23,-14,-84,-20,2,-1
1533864494229986,-4,-3,-37,-10,-8,-10,-11,-11
1533864494229986,4,-1,22,-2,-13,1,-4,-4
1533864494239123,-3,2,-10,-7,14,-6,17,4
1533864494239123,2,1,-9,11,49,61,1,7
1533864494253927,-7,1,-5,6,-3,-9,1,0
1533864494253927,-4,2,5,-1,-6,-24,-10,-6
1533864494253927,-1,-6,-22,-6,-7,-8,-10,-6
1533864494253927,3,-8,3,1,4,-14,1,-5
1533864494275865,1,-2,-5,1,3,11,5,-1
1533864494275865,-1,0,13,4,8,3,-2,-1
1533864494276871,0,-2,-16,-11,-17,-7,-2,-3
1533864494276871,-3,-8,7,6,2,-5,4,-2
1533864494289838,1,2,0,0,11,6,-6,-3
1533864494289838,-2,-1,-15,1,-3,-7,1,0
1533864494299009,-1,0,-6,-5,-10,4,-9,1
1533864494299009,-1,1,14,5,16,1,3,-2
1533864494313779,-3,-2,-12,3,5,-6,-3,-5
1533864494313779,0,-5,-2,6,-9,-4,7,8
1533864494314762,-2,-4,-8,-12,-20,3,-9,-1
1533864494314762,-1,2,13,5,23,6,8,1
1533864494335729,-3,-2,-12,-6,-3,-9,-8,-5
1533864494335729,0,2,7,-14,-22,1,-10,-7
1533864494336712,1,-2,-6,5,4,2,5,7
1533864494336712,0,-3,-4,-4,-1,-4,4,-4
1533864494350668,-2,-1,4,1,0,0,4,0
1533864494350668,-1,0,-1,-5,4,-9,-2,-5
1533864494365628,-1,-2,-7,1,4,-6,3,-1
1533864494365628,3,-1,2,13,18,12,-9,2
1533864494373606,-2,0,0,1,-10,13,10,1
1533864494373606,-4,0,3,2,1,-1,-3,1
1533864494374600,-5,-1,-4,-15,-12,-12,-5,-4
1533864494374600,-1,-3,-1,3,6,-6,-2,-1
1533864494395554,3,-1,2,-3,3,2,-5,-2
1533864494395554,-1,-2,-7,-4,-13,-2,2,-3
1533864494396542,-1,3,4,-7,-11,-3,-2,-4
1533864494396542,1,-12,-15,-11,-3,-3,-1,1
1533864494419484,1,0,20,5,3,1,0,2
1533864494419484,-4,-4,-4,-5,-6,-4,-9,-5
1533864494420484,1,-3,-3,8,26,-2,-3,2
1533864494420484,-3,2,-2,-4,-22,2,6,2
1533864494433443,-1,2,-10,-3,2,7,5,4
1533864494433443,0,-1,2,1,14,-12,-17,-5
1533864494434439,-3,-3,1,4,-13,6,9,-5
1533864494434439,1,1,4,-10,-4,-21,0,0
1533864494456382,2,0,-5,12,24,24,-2,8
1533864494456382,-2,-1,2,0,21,22,13,1
1533864494456382,0,0,-5,-10,-8,-3,-6,-3
1533864494456382,-6,-3,-4,0,-15,-15,-3,-9
1533864494470377,-2,-4,-5,-8,-10,-15,-6,-5
1533864494470377,1,2,1,5,5,-3,-3,-1
1533864494478351,-2,-2,-2,5,-4,4,0,-2
1533864494478351,3,3,7,5,21,7,3,0
1533864494493501,-2,0,-2,2,-11,-12,-9,-2
1533864494493501,1,2,3,2,1,-9,-12,-4
1533864494494280,-1,-4,-11,-11,-22,-2,7,10
1533864494494280,-3,0,-2,-10,-14,-2,-2,-2
1533864494516222,-1,-3,-4,11,-1,11,11,3
1533864494516222,-1,2,2,-3,17,8,1,2
1533864494517219,-6,-3,-6,1,-13,-11,-5,-7
1533864494517219,-1,-1,-1,4,16,4,-5,0
1533864494530185,-1,0,-5,-8,1,-11,-6,-9
1533864494530185,-2,0,4,4,-2,10,5,9
1533864494538166,0,1,6,12,11,3,-6,-3
1533864494538166,-1,-3,-4,-3,-6,-1,0,-1
1533864494553306,1,0,0,-5,3,-6,-3,-5
1533864494553306,1,1,8,7,-9,-4,0,-2
1533864494554121,-1,2,1,6,12,5,-6,-3
1533864494554121,-5,-3,-3,6,2,0,-2,0
1533864494576065,0,2,0,-13,-10,-3,-1,3
1533864494576065,-3,-3,-6,2,7,-2,1,1
1533864494577059,5,0,-6,-5,9,7,4,-1
1533864494577059,-2,-4,-18,-9,-10,-10,-5,-4
1533864494590024,-1,-3,1,3,0,2,-1,1
1533864494590024,2,1,-9,-17,-10,-3,4,-1
1533864494599000,-1,-6,5,3,17,-3,-4,-2
1533864494599000,-1,-1,20,2,3,11,-1,0
1533864494613961,-2,-4,-9,-3,10,0,2,0
1533864494613961,-4,-2,1,-5,-20,-6,-3,3
1533864494613961,-2,3,0,-2,3,5,-1,-3
1533864494613961,2,2,0,-7,-1,-3,0,2
1533864494636037,-3,-1,3,-3,-4,-1,-1,-3
1533864494636037,-2,-3,1,5,1,-1,4,-3
1533864494636901,-3,-1,-6,-4,-5,-9,-4,-2
1533864494636901,-4,-3,-7,7,7,-4,-4,-1
1533864494657846,1,0,2,1,-8,-2,2,-1
1533864494657846,2,-2,-13,-7,-4,0,-1,2
1533864494665836,-3,0,5,-1,6,-1,-6,-2
1533864494665836,-3,-3,1,1,-12,2,2,1
1533864494674002,-1,-2,-10,-4,0,-1,1,1
1533864494674002,-2,-1,0,-5,5,-1,-3,0
1533864494674979,0,2,4,3,-11,-1,-2,0
1533864494674979,-1,1,5,5,0,1,-1,-1
1533864494695746,0,1,2,1,-2,-3,-6,-3
1533864494695746,0,-2,0,8,22,6,7,1
1533864494696745,-1,0,-1,4,-15,-4,-1,-1
1533864494696745,0,1,3,-16,-25,2,4,2
1533864494719678,-5,-4,-10,-17,-11,-14,-7,-1
1533864494719678,-4,-1,4,3,-1,-3,-5,-5
1533864494719678,2,-2,-8,-12,9,3,4,0
1533864494719678,2,3,-3,1,-1,-3,-1,-1
1533864494733642,-1,0,6,5,4,7,0,1
1533864494733642,-2,0,-2,-9,-21,-1,3,1
1533864494734638,0,1,8,-1,10,-1,-3,-3
1533864494734638,2,-2,-2,-3,-2,-3,-4,-2
1533864494756582,-3,-2,-4,3,-2,0,-2,-1
1533864494756582,-1,-1,-2,3,6,-9,-5,-2
1533864494757576,-2,-3,-3,-2,-10,3,0,0
1533864494757576,4,3,4,6,26,10,4,1
1533864494779517,-2,2,5,5,2,-3,-2,-1
1533864494779517,-3,-5,-6,8,-15,-7,-6,-3
1533864494780519,-1,1,7,3,-6,-4,-6,-4
1533864494780519,-2,-3,-13,-7,6,0,-1,0
1533864494801458,-4,-3,-2,-3,-8,-13,-6,-3
1533864494801458,5,5,8,-1,18,8,-4,-2
1533864494802468,-2,-3,-4,11,7,8,5,2
1533864494802468,-3,-1,2,2,-15,-7,-4,-3
1533864494816593,-4,-3,-5,-1,-16,-13,-6,-2
1533864494816593,-1,1,3,-8,-11,-12,-7,-5
1533864494816593,-2,-3,-11,-5,2,-7,-4,-3
1533864494816593,4,1,2,4,15,17,20,11
1533864494839361,4,1,3,5,23,19,10,2
1533864494839361,-4,-4,-6,6,-1,-5,0,-1
1533864494840355,-1,-1,-2,-10,0,-10,-13,-5
1533864494840355,-6,-8,-11,-3,-18,-20,-16,-8
1533864494853320,4,4,3,-5,9,13,4,1
1533864494853320,-3,-2,-1,3,-10,1,2,-1
1533864494854317,-1,-4,-6,-1,-9,-4,4,4
1533864494854317,1,1,2,-5,3,4,-3,-1
1533864494876262,0,0,-1,-1,-3,-5,-5,0
1533864494876262,3,0,0,-14,5,-2,1,1
1533864494877255,-4,-3,-7,-6,-18,-11,-1,0
1533864494877255,-2,-2,0,-2,3,0,-4,-5
1533864494899197,-1,0,-4,-4,3,-1,-4,-4
1533864494899197,1,0,2,-7,-9,1,8,2
1533864494900198,3,2,2,11,16,22,9,7
1533864494900198,-4,1,8,2,2,-8,-3,-3
1533864494913161,-1,-4,-12,-4,-4,-15,-15,-5
1533864494913161,-7,-8,-6,-7,-37,-22,-5,-5
1533864494914159,8,4,5,3,18,33,14,5
1533864494914159,-6,-3,2,7,-4,-11,-12,-6
1533864494936300,-4,-5,-3,-6,-9,-6,0,-2
1533864494936300,2,1,-1,5,10,14,8,1
1533864494937095,-3,0,4,-6,-9,-12,-10,-4
1533864494937095,3,2,-3,1,1,0,2,2
1533864494959037,0,0,-1,-4,-16,-4,-1,-2
1533864494959037,-2,-6,-11,0,-14,3,-2,0
1533864494960034,-6,-4,-4,-2,-6,-8,-3,-6
1533864494960034,4,2,5,-5,1,2,2,5
1533864494973996,-3,-2,6,4,9,2,4,-1
1533864494973996,0,0,0,5,11,4,-2,0
1533864494973996,0,2,-1,-9,-3,-6,-1,-2
1533864494973996,-2,-2,-5,2,-13,-18,-12,-7
1533864494995949,-1,4,7,-11,-5,0,-6,-1
1533864494995949,-2,-2,-3,0,11,-13,-1,-1
1533864495003917,4,0,3,13,-3,20,14,8
1533864495003917,0,1,2,-1,28,31,9,2
1533864495018878,-4,-2,0,1,-2,2,0,-2
1533864495018878,-1,0,0,1,4,-7,-11,-8
1533864495019875,-2,-1,3,-3,-3,-19,-8,1
1533864495019875,1,-6,-9,0,1,10,3,-2
1533864495034030,-7,-5,-6,-11,-28,-6,-2,-3
1533864495034030,-1,-2,-10,-17,-3,-6,-5,-2
1533864495034845,0,-1,-1,-2,-5,-7,-1,-4
1533864495034845,2,1,1,2,4,3,-3,-4
1533864495055782,-3,-5,-9,2,1,-11,-9,-6
1533864495055782,-1,0,3,4,2,13,4,0
1533864495056776,3,0,-1,-6,5,9,1,-1
1533864495056776,-3,-1,-5,-9,-19,-7,0,1
1533864495079713,4,4,5,3,23,-4,-3,0
1533864495079713,-2,-3,1,11,-15,7,3,-4
1533864495079713,-5,-3,-3,-9,-12,-6,-5,0
1533864495079713,-3,-1,3,-1,-2,-7,-3,2
1533864495093878,5,0,3,8,-1,11,0,1
1533864495093878,-2,1,-2,-6,14,0,0,-1
1533864495094676,-7,-6,-8,13,2,-9,0,-5
1533864495094676,-4,-4,-3,-11,-15,-9,-6,-6
1533864495116617,0,-2,-3,22,16,3,1,2
1533864495116617,-3,-5,-8,-24,-31,-3,-4,-3
1533864495116617,1,1,-1,-6,5,-5,-3,-2
1533864495116617,0,-2,-4,5,2,0,-2,-3
1533864495139558,1,2,3,5,7,9,9,3
1533864495139558,2,4,7,6,17,3,1,2
1533864495139558,2,2,-1,-4,-16,-6,-5,0
1533864495139558,-2,-3,-2,15,1,-3,0,-2
1533864495153735,2,0,-8,-19,6,6,1,0
1533864495153735,1,2,0,4,-1,0,1,1
1533864495154524,-5,-12,-3,-3,-8,-4,-3,-4
1533864495154524,0,-2,1,-4,-3,-5,-5,1
1533864495176674,-7,2,-3,2,5,4,5,-1
1533864495176674,10,3,5,-12,4,4,3,7
1533864495176674,-6,-5,-8,13,-2,-6,-5,-6
1533864495176674,1,1,-6,-11,9,0,-1,-1
1533864495199398,-2,6,-1,-5,-27,-8,-3,-3
1533864495199398,-10,-5,-96,-14,5,-10,-14,-13
1533864495200391,9,12,-4,3,16,6,4,3
1533864495200391,-6,-10,4,-6,6,7,9,4
1533864495212360,-6,-9,29,-1,-7,-2,3,2
1533864495212360,-3,-9,19,8,10,1,1,1
1533864495221373,-7,-6,-24,1,-25,-9,-6,-6
1533864495221373,2,18,-32,-14,11,-13,-6,-6
1533864495236299,5,-4,11,0,-3,20,9,3
1533864495236299,-4,3,20,2,4,-3,-5,-3
1533864495236299,2,5,45,-1,-13,0,-2,1
1533864495236299,-3,-3,-4,-17,-27,-15,-5,-2
1533864495259436,0,1,-14,18,4,19,8,1
1533864495259436,7,1,20,-14,25,0,1,2
1533864495260272,-5,-3,-17,-15,-19,-9,-1,-3
1533864495260272,-4,-10,-7,8,-4,-3,-3,-3
1533864495273200,0,-2,-9,0,-2,-7,-2,-1
1533864495273200,-2,-1,-1,-9,-17,-1,-3,-2
1533864495281179,4,2,13,-3,20,6,-1,-1
1533864495281179,5,0,6,4,-4,6,4,5
1533864495296155,-5,-3,0,-4,-4,-12,-4,-1
1533864495296155,-2,4,-42,7,-2,2,0,-6
1533864495297141,4,-2,30,2,8,-2,-1,1
1533864495297141,-3,-14,-15,-1,-4,1,-2,-3
1533864495319081,3,4,61,3,7,-5,0,3
1533864495319081,-5,-7,-4,4,-4,-1,3,5
1533864495320072,-4,-22,-19,-1,5,-1,1,1
1533864495320072,0,4,-31,15,6,2,0,-3
1533864495333165,5,-7,48,5,8,-1,-1,1
1533864495333165,-6,-2,-64,-7,-24,-6,-4,-4
1533864495341015,4,6,95,-5,1,0,-1,0
1533864495341015,-3,-5,19,32,17,3,3,1
1533864495363958,-5,-5,-38,-9,-4,-6,-4,-5
1533864495363958,0,-1,45,11,-1,5,2,3
1533864495364956,-4,0,-56,-6,5,1,-2,-2
1533864495364956,3,4,7,-10,-1,1,1,-1
1533864495378914,2,5,-5,-9,-6,-6,-4,-3
1533864495378914,-4,0,0,9,-3,-5,-3,-1
1533864495379910,1,1,-21,-9,-2,-2,1,-1
1533864495379910,0,6,14,-7,-6,0,0,1
1533864495392880,-1,-6,-22,2,6,-5,-3,-1
1533864495392880,3,-8,14,-1,-1,1,0,1
1533864495401033,0,7,-14,-2,2,3,-5,-1
1533864495401033,-4,-6,12,-3,-11,-3,0,-2
1533864495415815,-3,6,-79,-16,-11,-9,-5,-6
1533864495415815,-3,-4,-14,-5,2,1,0,-2
1533864495416812,-3,2,22,7,-8,-2,-2,-1
1533864495416812,-1,1,10,-7,-12,0,-1,1
1533864495439752,-1,-4,13,-6,20,-2,-4,-3
1533864495439752,-3,6,-41,1,-11,-3,-1,-2
1533864495439752,-4,-10,37,10,9,3,2,1
1533864495439752,-3,-7,-13,-4,-17,-4,0,0
1533864495452723,-4,-10,-12,-2,-5,-3,0,-1
1533864495452723,3,-3,-27,-1,-1,-2,-3,-1
1533864495460697,-2,-1,-4,-2,0,-4,-1,-2
1533864495460697,3,3,12,-6,4,0,0,-1
1533864495475788,1,-2,-4,-5,-9,0,1,0
1533864495475788,4,13,60,2,8,1,1,3
1533864495476653,-6,-18,-29,4,-5,-4,-2,-1
1533864495476653,1,3,1,-2,1,2,-1,-1
1533864495499595,-2,1,-16,-3,-8,0,0,-1
1533864495499595,-2,1,10,3,1,0,-1,-1
1533864495499595,0,2,12,-2,5,-1,-1,0
1533864495499595,-3,-2,15,2,7,-1,-2,-1
1533864495512575,1,0,8,5,-5,0,0,1
1533864495512575,-1,-5,-5,-13,4,-10,-7,-6
1533864495521690,2,17,24,9,-3,5,5,3
1533864495521690,-9,-11,-19,1,21,1,-3,-2
1533864495536502,-1,2,4,-11,-24,-4,1,3
1533864495536502,-3,1,19,2,-3,-2,0,2
1533864495536502,-10,0,-39,-8,-4,-5,-6,-7
1533864495536502,3,0,-1,-3,-4,-5,-3,-1
1533864495559432,0,-1,2,6,14,4,0,-1
1533864495559432,2,-6,20,3,-2,2,0,-1
1533864495560430,2,5,-16,-6,-4,-2,-1,-2
1533864495560430,-1,2,2,4,-4,3,-1,-3
1533864495572396,-1,0,6,-3,0,-5,-2,-1
1533864495572396,-2,0,0,-2,-2,1,-1,-1
1533864495581376,-2,0,-14,-1,-3,-1,-1,0
1533864495581376,-2,1,0,0,-2,-1,0,0
1533864495596335,0,1,-3,-3,4,0,-2,-1
1533864495596335,-4,-3,7,3,-6,-4,1,0
1533864495596335,-2,-3,-10,-5,2,-1,0,0
1533864495596335,2,-2,2,0,-2,-1,0,0
1533864495619398,2,0,0,0,-2,-3,0,-1
1533864495619398,4,-1,13,1,0,1,-1,1
1533864495620295,2,-4,-5,-6,-4,-2,0,-1
1533864495620295,2,2,-5,-8,-2,-1,-2,-2
1533864495642336,-2,-1,-2,-1,0,4,-1,-1
1533864495642336,-3,1,6,6,-11,-3,-1,0
1533864495642336,-2,-3,-9,2,1,0,1,-2
1533864495642336,-2,0,-2,1,-2,-4,-3,0
1533864495656177,-3,-1,0,3,5,0,-2,-2
1533864495656177,0,-4,4,1,2,2,-2,-1
1533864495657170,-1,-1,-2,-3,-1,1,0,-4
1533864495657170,-2,2,2,0,-7,-2,1,0
1533864495679113,-3,-2,-1,8,8,-1,-3,-1
1533864495679113,-2,0,0,2,7,0,-1,1
1533864495680109,-2,1,-4,-6,-10,-3,-1,0
1533864495680109,0,0,-2,-5,-5,-1,-1,2
1533864495702053,0,-1,-1,-5,-3,-2,0,-3
1533864495702053,0,-3,-3,3,1,0,13,7
1533864495702053,-1,-2,-5,-6,2,-2,-14,-11
1533864495702053,-5,-3,-3,-3,-1,-1,-1,0
1533864495724028,-2,0,-3,0,-6,-2,-4,-4
1533864495724028,-2,-3,1,-3,0,-2,-3,-4
1533864495724993,2,-3,-3,5,-4,-6,-1,-7
1533864495724993,-3,0,0,-6,-3,-2,3,10
1533864495739142,2,2,2,1,4,7,5,6
1533864495739142,0,-2,-2,-5,-1,2,0,4
1533864495739967,-2,-2,-4,1,-7,2,-3,0
1533864495739967,2,0,0,6,7,-3,-6,-8
1533864495761890,-1,-1,-1,6,-4,-3,0,0
1533864495761890,-3,-2,0,-25,-6,-1,-7,-6
1533864495762895,1,-2,-1,-3,7,1,1,3
1533864495762895,2,2,5,12,5,2,1,-3
1533864495776065,-6,-8,-15,-11,-10,-7,-5,-3
1533864495776065,-2,1,4,11,-13,-6,-1,-4
1533864495776850,-1,1,7,22,11,1,3,1
1533864495776850,-4,-4,-10,-54,-20,-4,0,-1
1533864495799902,0,0,-1,19,28,0,-2,-4
1533864495799902,0,-1,-4,-51,-11,0,-3,-2
1533864495799902,-3,-4,-8,5,-14,-4,-2,2
1533864495799902,4,-3,4,-8,2,3,0,0
1533864495821807,1,1,6,17,-3,-3,-2,0
1533864495821807,0,-7,0,10,7,0,3,1
1533864495822730,5,18,-14,-3,13,0,1,1
1533864495822730,-5,-27,33,-23,-18,-1,-6,-4
1533864495835695,0,0,9,7,-6,-1,1,-1
1533864495835695,2,1,8,33,12,3,1,1
1533864495836691,-2,-5,-2,-27,-4,-3,1,2
1533864495836691,-4,4,-13,55,6,-2,-3,-1
1533864495866829,0,-1,-6,-44,-4,-2,0,0
1533864495866829,-2,-4,-1,14,1,-2,-3,-2
1533864495867644,-2,-2,2,-11,3,4,0,-2
1533864495867644,1,4,-10,-8,2,-3,0,-2
1533864495881743,-4,-3,5,-9,-9,1,0,2
1533864495881743,0,2,-9,49,12,2,-2,-5
1533864495882568,0,-6,-4,-31,-6,0,0,0
1533864495882568,-5,-1,-10,-20,-23,-3,-2,-4
1533864495896529,-2,-1,-6,4,1,-3,-1,0
1533864495896529,-3,-1,-2,-11,4,-6,-4,-5
1533864495896529,8,1,11,28,19,6,14,31
1533864495896529,-2,4,3,4,4,8,-11,-33
1533864495919468,-6,-4,-5,-7,-7,-3,1,-3
1533864495919468,-3,14,1,-3,-3,-2,-7,-1
1533864495920465,-15,-12,-7,-20,-10,-9,-2,-7
1533864495920465,4,7,2,31,16,-2,5,11
1533864495942419,16,8,3,7,2,-1,-4,-6
1533864495942419,2,-6,3,43,4,1,1,-2
1533864495942419,-5,1,-7,9,-3,0,-4,-8
1533864495942419,-3,-2,-9,-38,-6,-4,-2,7
1533864495956436,-6,-6,1,30,-2,0,-1,-2
1533864495956436,2,3,4,-9,-1,0,3,7
1533864495957366,1,-1,1,-18,-9,-2,-3,-6
1533864495957366,-1,-3,3,13,8,1,0,0
1533864495979328,0,-1,-2,-18,-3,1,1,4
1533864495979328,1,1,8,77,17,5,0,0
1533864495980305,2,-6,-5,-62,-20,-3,-3,-6
1533864495980305,-12,-7,-10,16,-3,-4,-3,0
1533864496002246,-1,-2,-10,-41,-7,-7,-4,-4
1533864496002246,-8,-8,-9,-67,-29,-4,-3,-4
1533864496002246,20,15,10,49,13,1,-2,0
1533864496002246,-24,-22,1,19,10,1,5,1
1533864496016210,-1,7,-1,6,5,3,1,-2
1533864496016210,-1,-5,-3,5,6,1,-2,-1
1533864496017208,-7,-5,0,18,1,-1,-2,2
1533864496017208,19,11,2,-12,4,0,-1,2
1533864496039254,-7,-6,0,14,1,-3,-4,-2
1533864496039254,-5,-3,-4,-32,-7,-3,-1,-2
1533864496040146,3,2,7,4,-2,1,-1,1
1533864496040146,5,1,-8,11,-5,-2,-2,-1
1533864496062086,-4,-4,1,-1,-1,0,-1,0
1533864496062086,3,1,-4,-19,-8,-3,0,3
1533864496062086,-9,-5,-6,-7,-2,-4,-5,-4
1533864496062086,0,5,3,9,4,2,1,1
1533864496076229,-2,-3,-2,2,-3,0,-1,1
1533864496076229,0,-4,-5,-10,-1,0,-1,-3
1533864496077075,-3,-4,-3,13,7,-1,0,-3
1533864496077075,0,0,1,-6,-11,-8,1,-1
1533864496099035,2,-1,0,3,-8,3,0,1
1533864496099035,3,0,3,-11,14,3,-1,-2
1533864496099986,-9,-5,-4,19,10,3,0,-4
1533864496099986,3,6,0,12,-11,-3,4,5
1533864496121930,-6,-8,-14,-63,-19,-7,-6,-5
1533864496121930,-2,-1,1,7,-6,-4,-4,-4
1533864496122924,-1,2,6,2,8,-3,-3,-3
1533864496122924,1,-1,-2,8,11,-1,-1,-1
1533864496136098,0,1,4,17,3,6,8,1
1533864496136098,-5,-2,-3,-1,-1,1,1,-2
1533864496143883,2,-1,1,-6,1,-2,0,0
1533864496143883,1,0,0,-14,-5,4,0,2
1533864496158828,0,-2,-1,8,-6,-5,-4,-3
1533864496158828,-2,-4,-5,-13,-6,-6,-10,-3
1533864496159840,-1,-3,0,3,-12,-4,0,-2
1533864496159840,1,-1,-2,-8,2,-5,1,1
1533864496181950,2,2,3,7,11,19,7,4
1533864496181950,0,1,0,1,7,5,0,2
1533864496182800,-5,-4,-7,-8,-22,-9,0,-3
1533864496182800,-4,-3,-5,0,-1,-10,-10,-9
1533864496195730,0,0,0,2,1,-13,6,-4
1533864496195730,3,4,2,-4,2,7,4,6
1533864496203709,-1,0,1,4,5,6,2,1
1533864496203709,1,2,3,-6,-2,0,-1,-2
1533864496219666,-3,-4,-6,-4,-3,-6,-8,-5
1533864496219666,-3,-6,-6,-1,0,-6,-3,-4
1533864496219666,-1,-3,-1,-6,-11,-6,-5,-3
1533864496219666,-2,-1,2,2,4,-1,1,0
1533864496241626,1,5,6,5,3,9,0,5
1533864496241626,-2,-2,-2,-3,-4,-3,4,2
1533864496242604,0,-1,-3,0,-2,1,1,0
1533864496242604,-2,-2,-5,-13,-6,-2,-5,-3
1533864496255573,-1,-1,0,-2,-3,-8,-6,-5
1533864496255573,0,0,-1,-6,-3,-5,-2,-1
1533864496263548,-2,0,0,1,-1,1,-2,-3
1533864496263548,2,2,0,2,5,6,5,1
1533864496279505,-2,-1,0,7,12,3,1,2
1533864496279505,-3,-2,-2,-6,-6,0,0,-2
1533864496280518,-3,-3,-2,6,-6,-5,-3,0
1533864496280518,-1,0,-3,-20,-8,-1,-3,-2
1533864496301447,0,0,2,5,-7,-3,-2,-2
1533864496301447,-2,-1,-5,-9,-4,-2,-3,-4
1533864496303442,1,0,2,-3,5,2,-3,0
1533864496303442,0,-1,-1,4,7,2,-3,2
1533864496315618,0,0,0,3,-1,-5,0,0
1533864496315618,-1,-2,-1,-3,0,-3,2,0
1533864496324396,-4,-6,-7,-3,-7,-6,-2,-3
1533864496324396,-3,-4,-6,0,-5,-3,-6,-3
1533864496338361,-1,-3,-2,-2,-2,-2,-1,-2
1533864496338361,1,1,1,2,-3,-2,-3,-2
1533864496347324,-1,0,1,-1,9,4,-1,0
1533864496347324,1,1,2,-1,-6,2,4,2
1533864496362285,-3,-3,-2,-1,-3,-3,-2,-2
1533864496362285,-1,-4,-1,0,5,0,-2,-5
1533864496363281,-1,-2,-3,-2,-7,-6,-3,-4
1533864496363281,-2,-1,-1,2,5,3,1,2
1533864496375253,-1,1,-3,2,-18,-3,-2,0
1533864496375253,-2,-1,-2,2,3,-1,-1,-3
1533864496384226,0,-1,0,3,-1,-2,-1,1
1533864496384226,0,0,1,2,1,2,0,-1
1533864496398307,-2,-2,-2,0,-2,-1,1,0
1533864496398307,-2,-1,0,-1,-7,-6,-1,-1
1533864496407171,-1,-2,-2,-5,1,0,-2,-6
1533864496407171,0,0,2,-1,-3,1,-2,0
1533864496422127,-1,-2,-1,-8,-6,-7,-6,-4
1533864496422127,-2,0,-1,1,1,-1,4,1
1533864496424119,-2,-1,0,0,0,-3,5,4
1533864496424119,0,1,-1,-6,-10,-1,1,-3
1533864496435123,1,2,2,2,14,8,3,2
1533864496435123,-2,-2,-3,-7,-11,0,-3,2
1533864496444252,-1,-1,0,1,4,3,0,-2
1533864496444252,-3,-3,-2,1,2,-8,-3,-6
1533864496458032,-1,-1,-2,-3,-2,-9,-9,-6
1533864496458032,0,3,2,1,-4,3,4,-2
1533864496467004,2,1,0,0,6,6,3,4
1533864496467004,-3,-3,-1,-1,6,3,1,-1
1533864496481977,-1,-1,0,-1,-1,-2,-3,-2
1533864496481977,-1,-4,-4,-1,-1,-5,-3,-2
1533864496482961,-1,-3,-3,-5,-9,-7,-3,-3
1533864496482961,1,0,1,1,-1,-3,-7,-1
1533864496503911,0,-2,2,2,6,1,-3,-1
1533864496503911,-1,-1,1,-1,-2,5,4,1
1533864496505905,-2,0,-1,-1,-5,1,-1,-2
1533864496505905,-2,-3,-3,-1,6,-3,0,-1
1533864496518865,2,1,1,8,33,4,1,-1
1533864496518865,-1,-3,-6,-5,-26,-10,-1,-1
1533864496525847,-5,-3,-9,-16,-25,-7,1,0
1533864496525847,-3,-1,-1,-4,-28,-1,3,0
1533864496549879,-2,-2,-2,1,-2,0,2,1
1533864496549879,-2,-2,-1,3,9,0,-4,-1
1533864496550780,-1,-2,-3,1,8,-4,-5,-3
1533864496550780,0,1,-3,0,6,-1,1,1
1533864496563749,-2,-2,0,-2,-1,3,2,-1
1533864496563749,-1,-1,1,4,6,-4,-3,-3
1533864496565747,-1,-2,-1,1,-6,-2,-2,-2
1533864496565747,-2,0,0,-1,6,-2,-4,1
1533864496578705,0,-1,-1,-4,-3,-1,-2,0
1533864496578705,-1,-1,-3,-5,-4,-4,-2,-1
1533864496585690,-2,-2,0,-1,4,1,-5,-3
1533864496585690,2,1,0,0,-3,-2,1,1
1533864496601655,-1,0,-1,-3,-12,0,5,1
1533864496601655,-1,0,-2,-2,5,-2,-3,0
1533864496603651,-1,0,2,3,5,3,3,0
1533864496603651,-5,-4,-8,-4,0,0,1,-3
1533864496624616,-2,-3,-2,-4,-14,-3,-5,-3
1533864496624616,1,0,1,5,10,4,2,1
1533864496626584,1,1,3,3,6,0,-3,-4
1533864496626584,0,-1,-3,-8,-4,-6,-5,-1
1533864496638549,-3,-5,-9,-5,-9,-9,-1,-2
1533864496638549,-1,0,5,2,-6,3,1,-2
1533864496645526,-3,-2,-3,5,15,-1,-1,-1
1533864496645526,0,-1,5,5,8,5,-5,-1
1533864496661485,-2,-1,-1,0,-12,-2,-2,-5
1533864496661485,1,-2,-1,-5,1,-2,-5,-4
1533864496663493,2,0,1,-3,1,-3,1,1
1533864496663493,-4,-3,-3,-2,2,-3,3,-2
1533864496684426,2,1,1,4,11,13,-11,6
1533864496684426,-2,0,2,3,-1,5,7,1
1533864496685428,-2,-1,-2,-7,-2,0,-3,-4
1533864496685428,-3,-6,-6,-2,-2,-8,2,-3
1533864496698386,-1,-3,-2,-1,1,-3,3,-2
1533864496698386,-1,-1,-2,-3,-4,-1,-15,-4
1533864496707360,-1,-2,-1,1,-8,-4,2,-1
1533864496707360,-2,0,-13,3,-5,0,1,-1
1533864496721327,0,3,36,0,-4,-4,3,-1
1533864496721327,-1,0,1,-4,5,-3,-1,1
1533864496723318,-3,-1,-2,2,-6,-4,-5,-4
1533864496723318,-2,-3,1,2,1,3,2,-3
1533864496744439,0,-2,-11,-1,0,-5,-6,-4
1533864496744439,-2,-3,-11,-6,-6,1,2,0
1533864496746259,-2,0,4,-1,-9,0,-4,-1
1533864496746259,1,2,-15,-3,8,2,-5,-2
1533864496758227,3,-7,41,-10,-2,-1,1,0
1533864496758227,-3,1,-39,1,11,-1,0,0
1533864496767226,0,-14,33,5,-4,-4,-1,3
1533864496767226,-1,-2,-10,-17,-9,3,-2,-4
1533864496782161,-2,17,24,-4,-9,-4,-2,1
1533864496782161,-5,-15,-70,0,-8,-2,-5,-3
1533864496783158,1,6,60,0,3,3,2,-1
1533864496783158,1,6,14,8,13,2,0,3
1533864496804106,-3,10,1,12,6,1,3,-2
1533864496804106,-4,-6,-17,-16,-16,-7,-4,-5
1533864496806097,-2,0,-56,0,3,0,1,2
1533864496806097,2,-5,42,11,-4,-7,-8,-1
1533864496818069,-5,-5,-32,-3,3,-2,2,-2
1533864496818069,3,6,33,8,9,-1,0,0
1533864496827053,1,-2,-42,-4,-15,0,0,-4
1533864496827053,-2,2,-4,-1,-3,-11,-6,-6
1533864496842102,-6,-12,-5,0,3,-3,-2,-1
1533864496842102,1,6,25,3,11,4,0,0
1533864496843104,-4,-3,10,-5,-14,0,3,-1
1533864496843104,-3,-3,-35,-7,-5,3,5,5
1533864496863946,-3,3,-19,-4,-24,-6,-19,-3
1533864496863946,0,3,18,0,6,-1,0,-2
1533864496865945,0,-1,-43,1,7,-5,-7,-5
1533864496865945,-2,-4,9,11,3,-1,1,-4
1533864496877905,-2,-8,-6,-3,-6,-1,3,1
1533864496877905,-1,1,14,6,6,7,7,5
1533864496886915,-2,0,-10,7,8,6,3,-1
1533864496886915,-3,-2,7,-5,1,-5,-4,-4
1533864496901861,3,-2,-6,-3,-3,-1,-2,-2
1533864496901861,0,-5,-16,1,-4,-8,-7,-5
1533864496903835,3,4,15,26,37,11,3,2
1533864496903835,-2,-2,-4,-79,-89,-13,-4,0
1533864496923786,-5,5,-27,-13,-4,-4,-1,-4
1533864496923786,-1,-3,17,1,-8,0,1,1
1533864496925781,4,6,96,4,-1,-7,0,2
1533864496925781,-1,3,-44,15,0,-1,-4,-5
1533864496937748,4,-4,-8,-2,44,3,3,2
1533864496937748,-2,9,3,-11,-33,-2,-1,3
1533864496946736,-2,-9,-20,-1,9,-2,-4,-4
1533864496946736,-3,-6,-22,6,-6,1,-3,-3
1533864496961681,-1,-4,12,-5,-4,-11,9,-4
1533864496961681,2,3,-8,9,22,11,-5,6
1533864496963676,-5,0,-25,-14,-35,6,-3,1
1533864496963676,3,5,15,17,37,5,5,2
1533864496984623,-4,-9,-21,0,-7,-7,-7,-6
1533864496984623,1,-2,16,-3,-11,-13,1,-1
1533864496985617,0,5,-1,-11,-3,-7,-2,-3
1533864496985617,0,1,22,7,9,2,-1,-3
1533864496997588,-3,-4,-4,2,-13,-1,-3,-5
1533864496997588,1,-3,-26,-5,12,2,0,2
1533864497006564,0,6,-2,-11,14,2,0,3
1533864497006564,-1,2,-6,24,15,4,3,3
1533864497021520,-3,-12,-7,0,-31,-2,-1,2
1533864497021520,-7,-6,15,-12,23,-15,-7,-8
1533864497023516,9,5,44,11,7,12,5,3
1533864497023516,-8,-2,-9,-14,-26,-2,1,-2
1533864497044463,1,5,9,10,-11,-1,2,-1
1533864497044463,-2,-7,-2,-7,1,-1,3,1
1533864497045483,1,-5,-17,-3,13,5,2,0
1533864497045483,2,1,7,-4,13,-1,-2,-3
1533864497058427,-2,-3,3,7,-6,0,2,-3
1533864497058427,1,2,-3,1,-4,0,-6,-5
1533864497074391,-1,-2,-21,-5,-5,-9,-7,-5
1533864497074391,2,1,11,7,10,17,9,14
1533864497089343,-5,-4,-21,1,10,4,2,2
1533864497089343,1,4,5,-10,-12,-3,0,-2
1533864497091335,-5,-3,-13,-4,-13,-13,-6,-7
1533864497091335,-1,-14,-10,-2,-19,-9,-6,-5
1533864497104299,5,3,-2,-1,26,2,-7,4
1533864497104299,-1,3,7,7,2,1,4,-5
1533864497106298,-2,-4,0,-7,-15,-2,5,-1
1533864497106298,-1,-2,4,0,6,-1,-13,-4
1533864497118265,-3,4,8,10,-1,-3,-1,4
1533864497118265,-3,-5,-1,18,4,8,0,-3
1533864497127238,-5,-7,-22,-46,-24,-11,-2,-1
1533864497127238,1,1,2,7,25,4,3,0
1533864497142200,-3,4,0,3,2,-7,-5,-6
1533864497142200,0,-3,16,15,-13,-1,1,0
1533864497143195,-2,-7,-3,1,12,-3,2,4
1533864497143195,-1,0,5,-6,1,3,1,3
1533864497164139,1,3,3,-12,-11,1,0,1
1533864497164139,-1,-3,9,-3,2,-1,1,-3
1533864497166134,-1,0,-11,9,1,-2,-4,-4
1533864497166134,0,-2,-4,-7,-4,-6,-3,-2
1533864497178103,-2,-8,-29,1,3,3,2,0
1533864497178103,6,19,88,5,-4,-1,-1,1
1533864497187078,-6,-12,4,7,6,-1,-1,-1
1533864497187078,-4,-6,1,2,-4,-8,-1,-4
1533864497202183,2,1,9,-13,8,4,1,-1
1533864497202183,-2,-6,-30,-5,-4,-1,-3,-3
1533864497203036,0,6,-12,-2,-10,4,2,1
1533864497203036,1,-3,4,3,13,-1,2,-1
1533864497224002,-3,-3,-16,-10,-22,-12,-3,-5
1533864497224002,-3,-7,-34,0,16,-5,-6,-1
1533864497225976,1,0,4,-7,-5,3,1,5
1533864497225976,-6,-2,-12,2,5,-4,-2,0
1533864497237942,0,-2,0,4,7,12,3,1
1533864497237942,-5,-5,-12,-7,-19,-10,-4,-2
1533864497246919,-2,3,-1,12,11,-9,-8,-5
1533864497246919,0,-1,1,-11,-11,2,3,-3
1533864497261046,-1,1,-15,-10,-11,-7,-3,-4
1533864497261046,-2,-6,-9,0,-4,2,1,1
1533864497267865,-1,-2,0,8,10,6,-3,-2
1533864497267865,0,2,4,-4,-3,-1,-2,-3
1533864497283827,-2,-3,7,4,-2,-3,-3,1
1533864497283827,-2,1,-8,-8,-7,-11,-9,-4
1533864497285815,1,-2,-4,8,0,5,1,0
1533864497285815,1,-2,-8,-4,-1,6,7,4
1533864497297782,1,4,11,14,24,13,6,1
1533864497297782,0,4,-15,-15,-10,-9,-3,-2
1533864497306830,-6,-5,-2,-11,-26,-5,-2,-5
1533864497306830,2,2,2,14,31,3,-4,-3
1533864497321909,-6,-11,-13,7,6,-1,-4,-4
1533864497321909,-3,0,-3,-2,-8,1,4,2
1533864497323713,0,-1,-9,-5,-7,-8,-3,0
1533864497323713,-3,3,-12,-6,-29,-6,-4,-5
1533864497344785,2,-2,9,-9,-5,-4,-2,1
1533864497344785,-1,1,-7,1,15,-3,-7,-5
1533864497345655,3,1,6,-7,-3,-3,1,3
1533864497345655,4,0,5,7,7,3,3,3
1533864497357621,0,0,-2,-4,-2,10,3,1
1533864497357621,-5,2,-14,-4,-20,0,2,1
1533864497366598,0,-3,36,12,15,6,2,0
1533864497366598,0,0,7,-5,-1,-5,-5,-3
1533864497381606,-1,-5,-4,15,-3,-6,-4,-3
1533864497381606,0,-2,1,-8,2,5,3,0
1533864497383589,0,5,-9,-1,-3,0,-1,-2
1533864497383589,1,0,-9,-8,-2,-5,-3,-2
1533864497404509,-1,-1,3,0,5,-1,1,1
1533864497404509,-1,-4,-6,9,-3,4,2,1
1533864497405511,-3,-3,-16,-1,3,1,-6,-4
1533864497405511,-3,-2,-3,-4,-4,-5,-3,-4
1533864497418460,2,4,1,-4,0,-1,2,0
1533864497418460,-1,-4,-4,-1,6,5,4,0
1533864497426439,-4,-1,-12,-4,-4,-3,0,-2
1533864497426439,0,2,-11,4,-14,-1,0,-1
1533864497442394,3,2,40,4,1,2,0,-2
1533864497442394,-1,1,-4,-1,-4,-2,-5,-4
1533864497443403,-1,-8,-9,1,-3,-5,-4,-1
1533864497443403,2,-1,15,-2,4,-3,-4,-1
1533864497464475,-1,1,-6,-11,-5,-5,-4,0
1533864497464475,0,5,-25,-3,-2,2,4,0
1533864497465472,7,17,99,12,4,2,4,5
1533864497465472,-9,-15,-23,-4,-16,-6,-2,-2
1533864497477440,-3,-1,-9,-7,1,-3,-5,-2
1533864497477440,1,-4,15,6,-5,-1,-1,1
1533864497486417,0,6,-46,-8,1,5,1,-3
1533864497486417,-4,-10,2,-1,-11,-1,3,1
1533864497501376,0,-1,8,-2,-3,-6,-2,-1
1533864497501376,-1,-6,-15,-11,-3,1,1,-1
1533864497503371,-4,-3,-17,4,-4,-7,-6,-3
1533864497503371,-4,3,7,1,10,1,0,-1
1533864497524318,1,4,-21,0,2,-5,-1,-2
1533864497524318,-1,-4,-16,-16,-2,-3,-4,-3
1533864497526309,-1,3,-59,-8,1,-4,0,-1
1533864497526309,0,-4,72,13,5,3,1,3
1533864497546272,-6,-8,-10,-4,-8,-4,-4,-1
1533864497546272,4,18,64,4,8,2,-2,-1
1533864497548253,0,-19,10,3,17,0,0,0
1533864497548253,-4,-2,-30,-8,-27,0,-3,-2
1533864497562215,-4,2,6,-4,-7,-1,1,-1
1533864497562215,1,-6,-7,9,7,5,-1,-1
1533864497563213,-5,-5,-18,-1,-19,-3,-3,-3
1533864497563213,3,8,8,1,11,-4,-3,-3
1533864497584361,4,1,24,-1,3,3,2,1
1533864497584361,-4,-16,-24,-4,-15,-5,-7,-2
1533864497586151,1,-5,24,-3,-14,3,0,-1
1533864497586151,0,5,-36,-11,9,-1,-3,-1
1533864497607097,1,6,-9,-7,-8,0,3,0
1533864497607097,-9,-8,-20,-1,-3,-5,-1,-3
1533864497608091,1,-11,20,7,8,-2,2,2
1533864497608091,-5,-4,-26,-7,-10,-6,-4,-3
1533864497622095,-2,-1,-6,-3,-3,0,-2,-2
1533864497622095,1,-2,-2,3,13,2,-4,1
1533864497623055,-4,7,-21,-2,-9,-1,-2,-4
1533864497623055,5,1,0,2,26,-4,-1,-2
1533864497644033,1,-1,-5,-4,-21,4,-1,-4
1533864497644033,-1,1,5,8,-9,0,5,1
1533864497645989,-4,-3,-22,-23,-14,-4,-2,-1
1533864497645989,-3,-4,3,7,-14,-5,-3,-2
1533864497666933,-4,-6,-1,-2,13,0,-3,-1
1533864497666933,0,-1,-7,-3,7,-5,-4,-3
1533864497667930,-1,7,-4,0,-1,-1,-2,-3
1533864497667930,3,-14,8,12,11,5,1,2
1533864497680934,-1,-6,26,0,-4,-1,-1,-2
1533864497680934,-1,-8,-25,-3,-6,1,0,-1
1533864497687914,0,-2,4,-1,4,-2,-3,-2
1533864497687914,-2,20,46,8,0,2,1,1
1533864497703859,-3,-10,-38,-4,-1,0,-1,0
1533864497703859,-2,5,-29,1,0,-2,-1,-4
1533864497705829,1,-10,75,11,3,-1,-3,2
1533864497705829,-5,-1,-39,-3,0,4,-1,-2
1533864497726814,-2,1,-4,3,5,-6,-2,-3
1533864497726814,2,0,14,0,5,-4,-1,-1
1533864497728784,-2,3,-29,-5,-8,4,1,-1
1533864497728784,-2,-1,3,-6,-2,3,2,0
1533864497740770,-3,7,-21,-6,2,-3,-1,-2
1533864497740770,7,-1,51,11,12,1,1,2
1533864497749712,-3,2,-16,7,3,-4,-2,-3
1533864497749712,1,-4,-13,-3,-3,-3,0,0
1533864497764707,-2,5,20,-2,-1,-2,-4,0
1533864497764707,-2,23,48,-11,-13,-3,0,-1
1533864497765685,-5,-13,-15,-8,-2,3,1,0
1533864497765685,2,4,39,-2,2,0,0,0
1533864497786648,0,-1,-8,6,6,-1,-1,-1
1533864497786648,-3,2,-41,-6,-7,-3,-2,-4
1533864497788608,1,-2,27,7,3,-2,0,2
1533864497788608,-4,-7,-11,-7,0,-1,-2,-3
1533864497800610,-1,0,-15,-2,-1,-2,-2,-2
1533864497800610,-7,-14,-8,0,3,0,-3,-2
1533864497809584,-2,8,-21,-6,2,-1,-3,-1
1533864497809584,-2,-6,-24,-1,-3,-2,-3,-2
1533864497824550,-2,-1,-5,3,-3,-1,0,1
1533864497824550,-5,-10,34,7,3,0,0,1
1533864497825543,-5,-1,-10,-6,0,-4,-3,-2
1533864497825543,-2,5,0,-4,-6,-1,-3,-2
1533864497845455,0,-7,3,-1,2,-1,-2,-3
1533864497845455,5,19,-4,-10,-9,-1,-4,-5
1533864497854431,2,-21,69,14,10,1,5,3
1533864497854431,-3,-13,-34,-3,-8,-3,1,2
1533864497860415,-4,-1,-24,1,14,4,2,1
1533864497860415,-3,-2,-105,3,-7,0,-2,0
1533864497869391,-1,14,6,-19,-16,-5,0,-3
1533864497869391,-2,-10,11,10,6,1,2,0
1533864497884386,2,7,30,-13,-14,-1,-2,-1
1533864497884386,1,-9,-4,5,10,1,-3,0
1533864497886395,3,0,4,-1,4,0,-1,-2
1533864497886395,3,4,17,0,1,0,-4,-2
1533864497906327,2,0,19,1,-2,0,1,-1
1533864497906327,1,-4,17,-3,-5,-3,1,0
1533864497908290,1,7,-42,-3,-1,-3,-2,-2
1533864497908290,-1,4,3,-3,-2,-1,-1,0
1533864497920287,-1,-4,-8,4,-2,-1,-3,-1
1533864497920287,-3,5,-2,-6,-2,-2,-3,-2
1533864497929245,1,-19,43,17,2,1,2,4
1533864497929245,-2,-4,-80,-10,-6,-4,-5,-6
1533864497944230,-1,-6,23,8,6,2,1,1
1533864497944230,-2,-4,3,-8,-11,-1,1,-2
1533864497946196,-1,5,10,0,-1,-2,-1,0
1533864497946196,-2,-7,-4,-1,-3,0,2,0
1533864497967165,3,5,21,-6,-1,-6,-4,0
1533864497967165,-4,-4,30,5,4,-1,-1,0
1533864497968128,-2,1,-50,-3,2,0,-3,-2
1533864497968128,-1,0,26,-1,-2,-4,0,-1
1533864497980096,0,1,-23,-1,9,0,-1,-1
1533864497980096,-1,-2,-28,-10,-14,-1,-1,0
1533864497989104,1,7,21,-5,-13,-6,-6,-5
1533864497989104,-2,-6,-4,-4,13,3,1,2
1533864498004035,-3,-9,-23,-5,-9,-3,-3,-1
1533864498004035,-3,-6,6,0,0,0,0,0
1533864498006027,-8,-2,-31,-1,-3,1,-3,-2
1533864498006027,3,8,16,-1,-2,-3,-4,-3
1533864498026971,2,4,-7,4,3,1,1,0
1533864498026971,3,-21,30,9,3,1,3,1
1533864498027969,-2,-2,-39,-8,-2,-2,-1,-2
1533864498027969,1,9,28,9,2,1,2,1
1533864498040933,-3,-6,-2,2,2,1,0,-1
1533864498040933,-1,1,-8,3,-1,-5,1,1
1533864498054896,-1,2,-13,-5,4,0,0,1
1533864498054896,-4,-5,-4,3,-2,0,-2,-1
1533864498063871,-2,3,-9,4,0,-1,-3,-3
1533864498063871,-1,3,38,-2,-5,-3,-4,-1
1533864498065866,0,6,0,0,-1,1,-3,-2
1533864498065866,2,5,-5,-7,1,-2,1,0
1533864498086819,-5,-11,-4,4,-6,-1,0,-2
1533864498086819,-4,1,-10,-8,-2,-2,-2,-3
1533864498088806,-3,-4,4,7,7,1,2,-1
1533864498088806,-1,0,-5,-1,-15,-2,-2,0
1533864498100802,0,-2,-7,-8,5,2,-1,-1
1533864498100802,4,4,-6,-5,-1,-1,-1,-2
1533864498109750,1,-4,-20,-16,-16,-2,-1,-3
1533864498109750,0,0,2,2,10,-1,-3,-3
1533864498124709,-1,-1,1,-4,-9,-5,-1,-2
1533864498124709,-3,-1,-3,-1,4,2,-2,-2
1533864498125725,0,2,1,3,6,1,-1,0
1533864498125725,-4,-5,-5,-8,-11,-7,-2,-2
1533864498146678,1,1,7,-1,-5,-1,0,-1
1533864498146678,-1,0,-4,0,7,1,1,1
1533864498148645,0,-4,-4,7,2,2,1,0
1533864498148645,-3,-1,-4,-9,9,0,1,-4
1533864498160614,-1,-1,-8,-9,-14,-4,-1,-4
1533864498160614,-2,-1,-3,4,-2,-3,0,-2
1533864498169589,-1,-2,-1,-1,1,-3,-2,-2
1533864498169589,1,-3,1,-3,0,-3,-1,0
1533864498184550,0,2,-2,-1,3,1,-4,-1
1533864498184550,0,-3,-44,9,-2,-1,-2,0
1533864498185548,-1,-1,22,-14,-2,-5,-3,-2
1533864498185548,-1,-4,-7,-3,-3,-1,-1,-2
1533864498206492,-2,-1,9,6,4,2,0,0
1533864498206492,-3,-1,-1,-2,-7,-1,-2,-1
1533864498208485,-1,-3,-12,10,10,-2,0,-3
1533864498208485,1,3,2,-13,-16,-3,0,-1
1533864498220454,-4,-2,-9,-3,-2,0,-2,0
1533864498220454,-1,-9,14,-3,-4,-5,-5,0
1533864498229429,-5,1,-11,-3,-9,-5,-4,-3
1533864498229429,-1,6,6,2,15,4,0,2
1533864498243404,1,-8,17,6,-7,0,3,3
1533864498243404,-2,-3,-79,-7,2,3,2,-3
1533864498250374,0,2,20,8,-1,4,2,1
1533864498250374,-2,-14,-22,4,-4,-4,-4,-4
1533864498266331,-3,-13,-16,0,6,-4,-1,-1
1533864498266331,1,13,90,5,-1,-4,-1,1
1533864498268327,-1,-9,-8,-8,-3,-2,-3,-3
1533864498268327,-3,4,-13,1,-2,1,0,-3
1533864498280294,0,5,-12,3,-2,-2,-3,-3
1533864498280294,2,-6,3,1,8,-2,-3,-3
1533864498289270,-1,1,-16,-1,-4,2,-1,0
1533864498289270,-1,1,28,-3,-3,-4,0,0
1533864498303232,0,2,-6,-11,-4,-3,-3,0
1533864498303232,-5,-3,-1,6,-1,-1,-1,-5
1533864498310212,-2,2,2,-14,-3,-3,-3,-2
1533864498310212,-1,-3,-23,6,-8,-3,-1,-1
1533864498327168,-4,-3,6,6,30,3,2,-1
1533864498327168,-1,4,1,15,0,2,-1,2
1533864498328166,-1,-3,-27,-9,-4,0,0,0
1533864498328166,-1,-2,33,-16,-21,-2,-4,0
1533864498349108,-3,-1,0,-10,-7,-4,-2,-2
1533864498349108,0,-1,13,-2,1,4,-1,1
1533864498351103,1,-2,-4,17,2,-2,-4,-1
1533864498351103,0,1,-2,7,6,0,1,-1
1533864498364075,0,3,-1,-2,-7,-1,-2,2
1533864498364075,-2,-7,-17,1,3,-1,-1,-8
1533864498370052,5,7,44,-8,-2,0,1,-1
1533864498370052,-5,-20,-14,-15,-3,-1,-2,-3
1533864498387007,-4,1,33,23,0,-4,-1,-2
1533864498387007,2,3,5,-15,-2,-1,-1,2
1533864498388026,-3,-3,-21,-7,-5,0,-3,-2
1533864498388026,2,7,8,51,27,7,3,4
1533864498400988,-3,-3,-22,-5,-19,-9,-6,-6
1533864498400988,-3,-10,-14,11,-26,-7,-4,-4
1533864498408950,0,2,11,14,15,4,5,3
1533864498408950,2,6,-5,-24,-3,1,-3,2
1533864498424121,0,-1,-27,29,1,-1,3,0
1533864498424121,-2,4,21,-10,4,0,-3,-3
1533864498431097,-3,-6,-3,13,-3,-4,3,8
1533864498431097,2,3,6,26,7,0,1,2
1533864498446847,-3,-3,-11,0,1,1,-8,-18
1533864498446847,-2,-3,-5,-13,-4,-2,-4,8
1533864498448843,-3,-2,-2,-5,0,-1,-5,-9
1533864498448843,-1,-1,1,9,-2,0,2,0
1533864498469786,1,1,9,-3,0,-4,1,0
1533864498469786,-1,1,-16,-27,-2,0,4,0
1533864498470784,-6,-5,-8,31,0,-1,-2,2
1533864498470784,-3,-1,-4,-10,-5,-1,-3,-4
1533864498483752,5,0,3,-10,-3,4,3,4
1533864498483752,1,2,4,4,6,1,0,-2
1533864498490730,-6,-7,-8,59,0,-2,-3,0
1533864498490730,6,-5,-11,-111,-23,-6,-6,-8
1533864498506755,-2,1,2,11,-3,-2,-1,-1
1533864498506755,3,8,3,19,7,-2,1,1
1533864498508684,-5,-15,-7,-35,-3,-3,-5,-7
1533864498508684,0,2,0,25,3,0,2,0
1533864498529626,3,0,8,-7,5,3,2,8
1533864498529626,-4,-5,-7,-12,-3,2,-4,-2
1533864498530623,1,6,4,15,-3,0,-3,-4
1533864498530623,-4,-2,-1,9,1,-3,-4,-3
1533864498543592,-1,-3,-17,-22,-2,-4,-4,-1
1533864498543592,-1,3,9,7,3,-2,1,-5
1533864498550574,8,4,0,-21,-1,-3,0,2
1533864498550574,-2,-1,2,12,1,-2,-1,7
1533864498566531,-5,-2,4,6,4,1,1,-5
1533864498566531,3,-1,-2,-7,-3,-2,3,9
1533864498568522,-1,8,-5,-20,-1,-1,-4,-21
1533864498568522,4,-1,-6,9,-4,-2,-3,-5
1533864498589469,2,3,0,-7,0,0,-1,2
1533864498589469,-9,-9,-11,7,1,0,2,0
1533864498590463,2,-5,57,-11,0,1,3,7
1533864498590463,-3,1,5,15,2,-2,2,1
1533864498603429,-5,-2,-4,-6,-3,-1,-3,-6
1533864498603429,-2,-5,-2,-9,-4,-1,-3,-3
1533864498611407,0,1,-19,-1,-4,-3,-2,4
1533864498611407,-5,-5,-9,-3,-2,-2,-3,-6
1533864498627368,0,-6,13,9,-1,1,-1,2
1533864498627368,4,4,-3,5,-2,-3,-2,-3
1533864498628362,-2,-1,-8,-6,-2,0,-1,1
1533864498628362,-5,0,-2,-3,-2,0,0,-2
1533864498649306,1,5,-1,7,0,-1,1,2
1533864498649306,-4,-6,-10,-8,-10,-6,-3,-2
1533864498651300,-2,1,-3,0,2,0,0,-2
1533864498651300,-4,-5,-1,23,6,2,3,0
1533864498663269,5,7,6,-29,-8,-3,-3,-2
1533864498663269,-7,-19,-6,11,2,-1,0,-4
1533864498672245,2,1,37,0,-2,0,0,2
1533864498672245,-2,1,0,17,3,0,-1,0
1533864498687208,-2,-3,1,12,5,1,-1,0
1533864498687208,0,3,1,-31,-4,0,-2,-2
1533864498688223,-3,-4,-26,-5,-7,-6,-1,-2
1533864498688223,3,1,1,-4,4,-3,-2,-2
1533864498709322,-2,-2,2,10,2,-1,-3,-1
1533864498709322,-1,0,-4,6,-1,-1,-3,-3
1533864498711142,-2,-1,-6,1,0,1,1,0
1533864498711142,0,1,2,-9,-5,-2,-1,-1
1533864498723216,5,1,-2,12,2,-1,4,8
1533864498723216,-13,-3,6,-14,0,-4,-2,-15
1533864498732102,-3,6,-14,-5,-3,-2,-5,-6
1533864498732102,-1,-1,-2,-8,-4,-1,-3,-3
1533864498747044,-1,-4,-6,-10,-5,0,1,-2
1533864498747044,6,2,4,1,0,0,-1,4
1533864498748042,1,-1,-4,-7,1,0,0,0
1533864498748042,-1,0,-2,-2,-1,0,0,2
1533864498768989,-4,-7,-9,-22,-10,-4,-5,-4
1533864498768989,3,3,4,7,-1,1,0,3
1533864498770980,0,-1,-3,4,1,-1,4,4
1533864498770980,-4,-1,-23,-15,-3,-1,-5,-1
1533864498782952,7,-13,8,-2,-1,-2,-2,-3
1533864498782952,-2,6,0,6,1,-1,-1,-1
1533864498791925,0,-6,-4,1,-2,-2,-3,0
1533864498791925,0,1,-7,-4,0,-2,1,0
1533864498806888,-3,6,-1,-2,3,2,-1,-3
1533864498806888,-3,-3,-2,6,-1,-2,-7,-3
1533864498808879,-1,0,-5,-10,-1,-1,0,3
1533864498808879,-2,-1,7,3,-2,0,0,-2
1533864498828849,-5,-2,-6,-3,-3,1,-3,-1
1533864498828849,3,1,4,10,0,1,2,2
1533864498830827,-2,0,-3,-4,0,-1,-2,0
1533864498830827,0,-4,-2,-7,-5,-2,0,-2
1533864498843789,-3,-2,1,0,0,-1,0,-1
1533864498843789,1,0,-3,4,4,1,0,0
1533864498850767,-2,-5,-6,-8,-7,-2,-1,-3
1533864498850767,0,-1,7,-8,2,1,-1,-3
1533864498866760,0,-1,-6,13,-3,-4,-3,-2
1533864498866760,-7,-6,-4,0,-6,-2,-1,-1
1533864498868755,0,0,-1,-6,0,0,0,1
1533864498868755,1,4,8,11,1,3,-1,3
1533864498889666,-1,2,-1,-4,0,1,1,0
1533864498889666,1,0,1,0,3,-1,-2,-1
1533864498890660,-2,-4,-5,-2,0,-1,-1,-3
1533864498890660,-3,-2,-3,1,-2,-3,-1,-4
1533864498903844,-2,0,-1,-2,-1,-1,0,-2
1533864498903844,-1,-4,-2,-18,-3,-1,1,0
1533864498910610,0,0,3,7,1,-2,-2,-1
1533864498910610,-1,-1,-1,-7,0,-1,-2,1
1533864498926767,-4,-4,-6,-7,-4,-4,-2,-4
1533864498926767,2,1,2,1,0,0,1,0
1533864498928560,-3,-5,-5,-17,-9,-3,-1,-2
1533864498928560,-4,-2,-1,13,1,0,-2,-3
1533864498949504,-3,0,0,-8,2,-3,-1,1
1533864498949504,1,1,-1,15,1,-1,-4,-2
1533864498955488,3,-1,-2,-4,-1,-1,0,-2
1533864498955488,-2,-3,-1,-8,-11,-5,-1,-2
1533864498962469,1,2,0,-1,4,5,0,-2
1533864498962469,1,4,-2,-2,0,2,1,3
1533864498972442,-1,0,2,1,1,0,-1,-1
1533864498972442,-1,-3,-3,0,-4,-4,-2,-2
1533864498986404,-3,-3,-2,-4,-2,-6,-3,-3
1533864498986404,0,-1,0,-3,11,-4,-2,-4
1533864498988400,-1,-4,-4,0,0,1,-4,-5
1533864498988400,-2,1,1,2,-2,3,3,0
1533864499009342,2,1,1,-1,12,10,4,2
1533864499009342,-2,-2,-2,-2,1,3,1,0
1533864499011340,-3,-4,-7,-11,-44,-19,-4,-3
1533864499011340,-3,-4,-3,-5,2,-7,-7,-5
1533864499023369,-1,0,0,3,1,10,-4,-2
1533864499023369,-2,-1,-1,0,9,1,-2,2
1533864499032290,1,1,1,11,22,7,4,-1
1533864499032290,0,-4,-5,-11,-21,-5,2,-1
1533864499046244,2,0,0,0,-5,-2,7,6
1533864499046244,-1,-2,0,-2,2,2,-2,-1
1533864499048238,-4,-2,-8,0,1,1,-4,-3
1533864499048238,-2,-2,-2,9,6,-3,-8,-7
1533864499069183,0,-1,1,-1,6,-2,-1,-2
1533864499069183,0,-1,-3,-1,-23,-6,-1,2
1533864499071178,-1,-1,0,1,7,2,0,-1
1533864499071178,-1,-3,-3,-5,-13,-8,-6,-2
1533864499083149,-2,-5,-3,-1,-1,-14,-9,-10
1533864499083149,0,0,2,1,2,15,4,0
1533864499092122,2,4,3,3,1,13,8,6
1533864499092122,0,1,2,4,15,2,2,2
1533864499107085,-3,0,-3,-8,-24,-3,3,1
1533864499107085,0,0,1,-2,6,-5,-4,1
1533864499108079,-5,-4,-5,0,4,-1,-4,-2
1533864499108079,1,-2,1,-2,-3,4,-1,-1
1533864499129023,-5,-4,-3,-3,-5,-4,5,-6
1533864499129023,0,0,0,-2,-5,-1,3,-3
1533864499131017,0,0,3,2,6,-2,-4,3
1533864499131017,1,0,-1,-1,-1,-3,-3,0
1533864499142988,-4,-2,-4,-1,-4,-9,-8,-1
1533864499142988,-2,-3,-3,-4,-3,-4,-5,-5
1533864499151962,-2,-1,0,-1,-2,1,0,-2
1533864499151962,3,2,2,0,4,2,3,6
1533864499166926,-2,1,0,1,2,13,4,1
1533864499166926,-2,-2,-2,-1,-7,2,5,0
1533864499167919,-3,-3,-3,-1,2,-9,-4,-4
1533864499167919,-3,-2,-1,-2,-1,-1,1,-3
1533864499188866,1,2,-1,-2,-1,-8,-6,1
1533864499188866,-2,-2,-5,-4,-5,-9,-7,-2
1533864499196844,-4,-3,-2,-2,0,-5,-8,-4
1533864499196844,1,2,1,-2,6,8,8,3
1533864499202871,-3,-1,-2,-1,-1,4,-6,-2
1533864499202871,-3,-3,-5,-1,-12,-14,-6,-10
1533864499211802,0,1,1,-2,14,8,6,-2
1533864499211802,0,-1,-2,-1,-4,4,4,7
1533864499225764,-4,-4,-2,1,5,1,2,1
1533864499225764,0,1,-2,3,-2,2,-2,-1
1533864499232750,1,1,0,2,-3,-2,1,-1
1533864499232750,-1,-2,-2,1,-4,-9,-7,-7
1533864499249704,0,-4,-1,-2,-5,-1,-1,-2
1533864499249704,0,-3,-1,-3,2,3,-1,0
1533864499250698,2,0,1,0,-5,-1,-2,-1
1533864499250698,-2,-3,-2,-4,0,-5,-12,-6
1533864499262666,0,-2,-2,-1,-1,-3,6,-1
1533864499262666,2,1,1,1,13,2,6,5
1533864499271641,-2,-3,-2,-3,-13,-8,-6,-4
1533864499271641,2,2,1,3,4,11,5,3
1533864499285853,-1,0,2,-3,-5,-3,-3,-1
1533864499285853,-4,-4,-5,-4,-3,-2,-3,-2
1533864499292836,0,-5,-3,-4,-2,-9,-6,-4
1533864499292836,-2,-1,1,0,2,6,1,-3
1533864499309787,2,2,3,1,6,3,3,3
1533864499309787,-2,-1,-1,6,-3,1,-1,3
1533864499310785,0,-3,-3,12,-1,-6,-4,-2
1533864499310785,-2,-2,-3,-1,-15,-15,-14,-5
1533864499322752,0,1,-2,1,2,0,7,0
1533864499322752,-2,0,1,-1,7,-2,-1,-3
1533864499331729,0,-1,1,1,-3,-1,2,2
1533864499331729,-4,-2,-4,-1,2,2,4,3
1533864499345691,-1,0,-3,4,5,4,-6,-1
1533864499345691,-3,-4,-8,-8,-6,-9,-5,-4
1533864499352676,-2,-3,-6,-11,-14,-2,0,-5
1533864499352676,3,-1,3,-4,-5,-2,3,0
1533864499369630,0,-1,0,-3,-5,-5,-13,-5
1533864499369630,0,0,-1,-3,17,13,10,2
1533864499370624,3,6,5,1,-5,7,6,8
1533864499370624,-3,-10,-6,-6,-5,0,2,-2
1533864499382597,-2,-4,-6,-4,-5,-7,-8,-4
1533864499382597,0,-4,-2,0,-5,-15,-21,-7
1533864499391572,2,0,0,-3,8,2,15,4
1533864499391572,1,4,4,1,7,16,2,1
1533864499406532,-3,-1,1,-2,1,-3,6,1
1533864499406532,-3,-3,-4,-2,-13,-7,-6,-7
1533864499412514,-2,-2,-3,-3,2,-3,0,0
1533864499412514,-1,2,0,-3,-3,-4,-7,-4
1533864499428470,2,-2,-1,3,6,2,5,3
1533864499428470,2,5,8,1,6,11,1,5
1533864499437453,-7,-4,-9,-6,-13,-7,-6,-3
1533864499437453,-1,-3,-2,-2,1,-7,-4,-7
1533864499452406,-1,-2,-1,-5,-4,0,6,0
1533864499452406,0,-1,0,1,-5,-9,-9,0
1533864499453403,1,0,4,4,24,13,0,1
1533864499453403,-1,-2,0,-2,-5,4,4,4
1533864499474517,-2,-2,-2,-1,-6,-7,-2,-4
1533864499474517,-2,-3,-8,-3,-4,-6,-2,-5
1533864499476342,-1,-1,30,-3,-11,-10,-4,-7
1533864499476342,-3,-1,1,2,-22,-11,-8,-1
1533864499489497,1,0,1,3,11,16,2,7
1533864499489497,-2,1,3,-5,-11,-3,8,2
1533864499490305,0,2,-19,-8,6,2,-8,-7
1533864499490305,-3,-6,0,0,0,-15,-10,-11
1533864499512246,-5,-3,-5,-7,-13,-14,5,-4
1533864499512246,4,3,17,10,21,22,-1,10
1533864499513244,-1,1,-25,1,9,9,3,1
1533864499513244,-4,1,-5,-4,-16,-6,4,1
1533864499527209,-2,-2,0,3,-4,-6,-7,-7
1533864499527209,-3,-2,-26,-4,9,-4,4,-5
1533864499533190,0,-5,2,-1,-3,-9,-6,-3
1533864499533190,-2,-3,-52,8,13,11,7,2
1533864499549147,-1,2,-16,2,14,8,-1,0
1533864499549147,1,10,-39,0,-11,-4,10,2
1533864499551142,-5,-11,62,4,-5,-5,-10,-3
1533864499551142,-4,-4,18,-5,-31,-13,-3,-3
1533864499572089,3,3,0,-1,30,6,3,2
1533864499572089,-4,-3,-11,-4,-31,-10,-5,4
1533864499573083,-4,-7,-33,2,-10,7,-2,-3
1533864499573083,1,7,32,9,15,-4,-4,-3
1533864499586091,-1,2,-5,-3,-6,3,-7,2
1533864499586091,2,8,51,4,12,1,0,-5
1533864499594109,-4,-7,-17,3,3,-4,2,3
1533864499594109,-1,4,42,0,1,1,0,-1
1533864499608986,-1,-12,28,-5,-13,-6,-5,-2
1533864499608986,-3,-4,-97,-17,-1,-1,-2,-8
1533864499611001,4,7,73,2,-9,-5,-1,-2
1533864499611001,0,-3,34,7,12,6,2,10
1533864499631927,-6,2,18,4,-3,-2,-6,-1
1533864499631927,-2,-7,-7,-15,2,-5,-1,-2
1533864499632925,-1,-2,-45,-4,5,0,0,-1
1533864499632925,-2,-2,-36,-4,-2,0,3,-4
1533864499645903,-1,-1,-31,-10,-14,-13,-10,-8
1533864499645903,2,-7,5,2,11,0,-5,7
1533864499654898,5,5,-8,3,6,6,-4,7
1533864499654898,1,4,16,1,28,23,11,4
1533864499668861,-4,-3,-25,1,-23,-9,-4,-6
1533864499668861,-2,-3,21,-1,1,-3,-4,-10
1533864499670822,-2,2,1,1,-5,-10,-1,-5
1533864499670822,2,-2,-35,-7,22,1,-2,6
1533864499691800,-2,-3,-6,-3,-16,-3,4,0
1533864499691800,-2,-2,17,0,-11,-9,-9,-8
1533864499693761,-3,2,-1,-1,-15,2,6,5
1533864499693761,-1,3,-16,-2,16,-1,-2,-5
1533864499705729,-2,-2,-21,3,3,2,5,0
1533864499705729,-2,-7,44,9,7,-2,-1,3
1533864499714715,-3,0,-37,-16,-28,-9,-7,-7
1533864499714715,3,-5,2,-5,-11,-5,-3,-3
1533864499729665,1,0,7,0,6,-1,1,2
1533864499729665,0,-2,-6,11,-14,-1,0,-2
1533864499730662,0,-2,-12,0,25,10,5,2
1533864499730662,0,-1,-3,-4,-17,-11,-3,-3
1533864499752629,1,1,8,8,2,10,6,0
1533864499752629,-4,-4,-7,-8,-10,-3,-9,-7
1533864499753617,-3,3,13,3,1,7,11,2
1533864499753617,-2,-8,-5,-3,-9,-11,-2,-5
1533864499765576,3,1,12,11,16,21,-2,11
1533864499765576,0,0,7,1,11,6,3,1
1533864499774545,-3,-3,-40,-17,0,-5,0,-1
1533864499774545,-3,-3,-6,-8,-4,-3,-2,-4
1533864499789505,1,3,7,-4,-3,-7,-6,-4
1533864499789505,-2,-3,5,6,-3,1,1,-2
1533864499790502,0,-3,-1,8,2,-2,-6,-3
1533864499790502,-1,-1,-11,1,-1,0,0,-1
1533864499811463,0,-2,-1,-2,-5,-5,-1,-3
1533864499811463,0,2,-4,7,5,2,1,5
1533864499813440,0,3,6,-3,-4,-3,-1,-4
1533864499813440,0,-9,2,-4,-10,1,-5,-4
1533864499825411,0,2,13,10,6,8,-2,6
1533864499825411,-5,-3,-3,-5,-10,-6,1,-4
1533864499834385,-3,-1,5,1,10,-2,-5,-3
1533864499834385,0,7,15,-5,-4,-6,-1,-3
1533864499849348,-3,-1,-5,-4,6,-4,-6,-5
1533864499849348,-5,-7,-6,3,0,2,0,-2
1533864499851339,2,-2,8,-1,1,-4,-5,3
1533864499851339,2,0,-7,4,2,6,6,3
1533864499872283,-1,-2,-1,-10,-15,-8,4,-2
1533864499872283,3,3,10,0,2,1,-1,1
1533864499873281,-4,-10,-7,1,16,-8,-4,-5
1533864499873281,-5,-7,-15,3,-7,11,-8,-4
1533864499885252,-1,3,2,-7,-3,-1,4,0
1533864499885252,1,-1,-2,-11,-11,3,4,1
1533864499894224,4,10,16,1,18,-2,-2,0
1533864499894224,-12,-17,-92,-2,-28,-9,-8,-3
1533864499909184,-3,-11,56,13,5,-8,-2,-1
1533864499909184,-3,-1,10,-3,4,-1,3,2
1533864499911179,-2,-6,-36,-11,-8,-2,-2,-2
1533864499911179,5,8,60,6,17,4,4,4
1533864499932126,-4,-2,-28,-7,-3,-4,-2,-6
1533864499932126,-2,0,-2,-7,-6,-9,-10,-4
1533864499933120,2,1,6,-5,-11,5,6,5
1533864499933120,-1,3,4,4,21,-2,-1,1
1533864499945089,-1,-3,-14,-9,-9,-1,-2,-4
1533864499945089,-1,0,13,-5,-9,-2,3,1
1533864499954068,-5,-2,-4,6,-12,1,-3,-2
1533864499954068,0,0,-2,-14,-1,-2,-1,-3
1533864499969027,1,3,8,2,13,-3,-2,-1
1533864499969027,-3,0,-34,4,6,1,1,-2
1533864499971019,0,-2,30,2,-3,-2,1,-1
1533864499971019,-1,-4,5,1,2,-12,-6,-2
1533864499991963,-3,-1,-7,-1,-14,7,-1,2
1533864499991963,-2,0,7,-10,-1,-6,-2,2
1533864499992960,1,2,-1,2,-12,3,-3,-4
1533864499992960,3,1,17,10,15,1,5,0
1533864500005929,-1,-2,-12,1,-16,-12,-9,-3
1533864500005929,-2,-3,-4,8,-5,17,6,4
1533864500014917,-2,0,3,-17,2,1,5,1
1533864500014917,-8,-2,-12,0,-12,-6,-4,-6
1533864500028867,1,1,-10,-9,13,3,1,-1
1533864500028867,3,3,10,10,9,-3,-1,-2
1533864500030859,-4,-4,-2,25,-13,-13,-6,-3
1533864500030859,1,1,-13,-20,-2,7,3,2
1533864500051803,-2,-2,-3,0,-16,-1,-2,-1
1533864500051803,-1,-4,2,0,-1,-2,-6,1
1533864500053797,1,2,0,2,5,8,2,0
1533864500053797,-1,0,3,3,-12,-8,0,-3
1533864500073778,-2,-1,-4,1,13,-6,-4,-1
1533864500073778,1,1,-5,-10,-4,2,0,-2
1533864500075739,-1,-4,2,1,-7,-5,-2,1
1533864500075739,-2,-2,-1,4,2,3,-3,2
1533864500087733,-3,-2,-3,-8,-11,-3,-2,-3
1533864500087733,2,-2,-2,-11,12,-3,3,2
1533864500104662,-3,0,2,-8,4,0,-7,-5
1533864500104662,-3,-2,3,3,0,-8,-5,-3
1533864500111642,0,0,-3,-10,3,-16,-16,-7
1533864500111642,-3,-1,-5,12,-10,-2,-2,1
1533864500113639,4,3,1,2,4,12,15,3
1533864500113639,4,2,5,1,22,22,10,4
1533864500125605,-2,-1,-3,1,-8,-6,-2,-4
1533864500125605,-5,-2,-1,-6,10,-4,-3,-4
1533864500134582,-1,-3,-1,3,-12,-10,-8,-1
1533864500134582,0,-2,0,-11,-12,-9,-4,-1
1533864500148563,-2,-1,-1,1,3,2,7,0
1533864500148563,-1,-3,1,-7,-15,-5,-3,-3
1533864500155525,-3,-1,2,13,1,-1,-4,0
1533864500155525,-2,2,9,6,5,1,0,-1
1533864500171486,-3,0,-20,-3,-1,2,-1,-2
1533864500171486,1,-9,-5,-3,-7,-1,0,-3
1533864500173477,0,-1,-7,-4,18,6,3,1
1533864500173477,-2,1,4,-10,-26,-4,-1,2
1533864500185448,-1,-3,-7,-3,6,1,1,-1
1533864500185448,5,9,12,-2,2,3,0,-1
1533864500194421,-5,-4,-2,-2,-12,-9,-9,-6
1533864500194421,-4,-6,-12,10,2,0,2,-2
1533864500209384,0,1,0,-5,8,9,6,6
1533864500209384,-3,0,-1,7,-26,3,0,1
1533864500211376,-1,-1,6,-12,3,-3,-3,-2
1533864500211376,-3,0,-4,1,-3,-8,-3,-2
1533864500232323,1,-1,9,2,3,-3,0,-2
1533864500232323,-1,3,-6,7,1,-4,-4,-2
1533864500233318,2,-6,3,-5,-1,-4,0,0
1533864500233318,0,-2,-3,-1,-2,-2,-1,0
1533864500245286,0,-2,-3,-2,-11,1,-1,-1
1533864500245286,0,-2,-17,-2,7,2,-1,-1
1533864500254261,-5,0,-90,-13,-4,0,-1,-4
1533864500254261,6,3,67,9,15,7,3,5
1533864500277341,3,9,26,3,-13,2,0,1
1533864500277341,-3,0,-7,-4,1,-12,-3,-2
1533864500278198,-3,-11,-6,-1,3,8,4,2
1533864500278198,-5,-5,-41,-23,-26,1,-1,-2
1533864500292162,-1,1,13,-3,16,-1,1,0
1533864500292162,-1,2,4,3,-7,1,-2,0
1533864500293188,-2,1,2,3,-5,-7,-5,-2
1533864500293188,1,-3,20,1,5,-3,-3,-1
1533864500306327,2,2,-20,-3,-1,1,1,-1
1533864500306327,-1,-2,1,-7,3,-3,-1,-2
1533864500314113,1,-1,20,1,0,-2,-2,0
1533864500314113,0,2,-33,-4,3,0,-1,-2
1533864500329062,-2,9,58,8,-3,-3,-3,1
1533864500329062,-4,-10,-11,1,4,3,0,0
1533864500331057,2,4,29,3,-3,2,1,3
1533864500331057,-3,-1,-1,5,3,-2,-3,-2
1533864500352123,-1,-1,-30,-3,9,-4,-3,-2
1533864500352123,-1,-9,-39,-6,-22,-2,-1,-1
1533864500353999,-1,13,7,-4,-1,-5,1,-1
1533864500353999,-3,-18,-27,-8,0,-5,-4,-3
1533864500373945,1,-9,38,15,4,2,3,3
1533864500373945,-7,-2,-1,0,5,2,0,-2
1533864500375936,-4,-12,-13,-17,-12,-5,-5,-5
1533864500375936,0,8,-21,4,7,4,0,-2
1533864500387911,-1,-5,-33,-11,-7,-5,-4,-5
1533864500387911,3,6,19,6,6,-4,0,-2
1533864500396881,0,12,-25,-5,-8,1,-2,-2
1533864500396881,-2,-6,8,2,1,-3,-2,2
1533864500411840,-4,2,-12,-7,-5,3,2,0
1533864500411840,-2,-23,3,0,5,-2,-2,1
1533864500413834,-1,-6,-8,3,6,-2,-1,0
1533864500413834,2,11,17,2,0,-2,-3,-4
1533864500434778,-4,-14,-100,-14,-14,0,-3,-3
1533864500434778,2,7,68,9,3,1,0,3
1533864500435777,-1,-2,10,4,-3,-1,0,-3
1533864500435777,0,3,-31,-5,2,-1,1,-1
1533864500448744,-2,-5,46,8,-4,0,-1,-1
1533864500448744,-4,2,-21,-6,4,1,-2,-3
1533864500455726,-2,1,-27,-5,3,-2,-4,-1
1533864500455726,-5,4,28,11,3,-3,1,3
1533864500470683,-4,0,-10,-8,1,-3,-3,-2
1533864500470683,4,25,32,-2,-2,-3,-4,-4
1533864500479678,-3,-14,42,9,6,5,6,3
1533864500479678,0,-3,-11,-7,-6,1,0,-2
1533864500494624,0,-4,16,4,-2,-1,-1,1
1533864500494624,1,9,4,-4,2,-3,-1,-2
1533864500495616,4,6,-6,-8,-7,-6,-6,-4
1533864500495616,0,14,-40,-7,-14,-4,-5,-4
1533864500507610,-2,-15,12,3,-1,4,4,2
1533864500507610,-1,-9,-5,4,6,2,0,-2
1533864500516559,-1,-6,0,-4,-2,4,-1,-2
1533864500516559,1,1,-20,-1,-15,-2,0,-2
1533864500531549,-4,4,-44,1,-2,-5,-4,-4
1533864500531549,-1,7,-10,-5,-1,-2,-3,-3
1533864500533515,0,-6,30,6,5,0,5,5
1533864500533515,-4,-20,4,4,6,-4,-3,-1
1533864500554458,-1,-4,-22,-8,8,0,-1,-3
1533864500554458,5,1,14,7,4,-1,2,1
1533864500556461,-3,0,-12,-5,-1,-3,-7,-5
1533864500556461,2,4,8,-10,-9,1,2,0
1533864500568421,-2,-6,23,4,3,1,0,2
1533864500568421,-4,-5,-16,-10,-3,-1,-1,0
1533864500577397,3,8,-23,-1,-5,-3,-3,-2
1533864500577397,0,-4,19,5,10,1,1,2
1533864500592361,-1,7,3,-3,-3,-3,-2,-2
1533864500592361,1,-1,-22,-4,1,-4,0,-1
1533864500593354,-5,-8,-5,2,-11,-7,-3,-4
1533864500593354,-4,-5,20,5,5,3,0,-1
1533864500614301,1,5,5,-6,0,-1,-3,-2
1533864500614301,-4,-9,-20,-3,-8,0,-2,-1
1533864500616294,1,-1,13,-1,-2,1,-1,2
1533864500616294,-4,-2,-39,-3,4,-5,-7,-4
1533864500628261,0,8,22,7,8,7,0,1
1533864500628261,-1,-17,-7,-18,-17,-5,3,2
1533864500637237,0,-3,-2,0,-4,-2,-1,0
1533864500637237,5,3,11,-6,2,4,1,-1
1533864500652201,1,-1,-12,11,43,2,-5,-6
1533864500652201,-5,-1,-2,-15,-67,-17,-4,-2
1533864500653194,-2,2,3,-2,-10,-1,1,1
1533864500653194,-5,-6,4,5,-9,-3,0,-1
1533864500674141,1,-2,2,-3,2,0,0,-1
1533864500674141,-3,0,5,7,27,5,0,0
1533864500676133,-4,-2,7,-3,4,-2,-3,-4
1533864500676133,0,4,13,9,-1,-4,1,-1
1533864500688104,3,-5,0,0,-5,-6,1,0
1533864500688104,3,-4,-13,1,-1,5,1,0
1533864500697077,6,3,1,7,8,5,1,-1
1533864500697077,5,2,13,-6,14,6,1,1
1533864500712074,-2,-2,-10,-33,-36,-12,-4,-1
1533864500712074,-9,-4,-6,30,1,-5,-5,-6
1533864500713035,1,0,6,14,10,0,0,2
1533864500713035,-12,-8,-5,-34,-30,-8,-7,-1
1533864500733981,-2,-3,1,-20,-18,3,1,1
1533864500733981,0,1,-3,-13,5,2,-3,1
1533864500735973,-2,-1,0,-9,13,1,-3,-2
1533864500735973,3,2,0,8,4,1,1,0
1533864500747940,-1,2,3,9,-5,-1,10,8
1533864500747940,-1,-1,0,11,13,-4,-15,-7
1533864500756917,-1,0,3,5,-1,-1,-3,-5
1533864500756917,3,2,2,-4,2,1,1,6
1533864500772887,-5,-3,-2,6,0,0,-6,-18
1533864500772887,2,3,8,4,16,9,20,13
1533864500773888,-2,-2,0,3,-2,-3,-7,2
1533864500773888,-3,-4,-4,-9,-13,-6,-6,-2
1533864500793818,-3,-5,-33,8,-4,-4,-3,-5
1533864500793818,1,0,26,-9,1,1,-5,-5
1533864500795813,-1,19,-10,-3,-8,-5,-1,-6
1533864500795813,-2,-14,4,-1,11,2,9,7
1533864500807785,-1,1,1,-1,7,5,0,1
1533864500807785,-1,-9,-64,-16,-2,1,1,-2
1533864500816760,-3,0,26,-14,-9,-6,-1,2
1533864500816760,-2,3,7,16,2,0,-3,-5
1533864500831720,1,2,-30,-7,-4,-4,7,12
1533864500831720,-7,-5,2,-1,-5,-3,-11,-24
1533864500833712,3,-7,0,16,13,6,5,4
1533864500833712,-1,-1,-3,-1,-1,0,1,4
1533864500853668,-11,-7,-3,-14,-10,-8,-9,-20
1533864500853668,4,5,4,3,0,0,4,9
1533864500860642,0,-6,-8,8,0,0,6,8
1533864500860642,1,1,-2,-4,2,-3,-11,-18
1533864500867715,0,3,9,1,2,-1,-2,5
1533864500867715,1,2,8,0,5,1,2,5
1533864500876597,-1,-4,7,3,-6,-3,-1,-8
1533864500876597,3,6,-1,19,6,0,1,2
1533864500891557,0,-2,12,-25,-11,1,2,3
1533864500891557,-4,3,-18,-6,10,-2,-3,-6
1533864500893551,0,-8,6,-6,-21,-5,2,4
1533864500893551,-4,-1,-4,-2,-7,-1,-3,-3
1533864500914495,2,8,37,18,8,2,-1,-2
1533864500914495,-4,0,10,2,-4,-1,2,3
1533864500915510,-6,-6,-28,-23,-1,-2,-5,-4
1533864500915510,-3,-3,5,37,2,-2,3,-1
1533864500928464,3,-2,4,11,3,0,-1,-1
1533864500928464,-3,-10,-7,-1,-10,-7,-5,3
1533864500937445,-2,7,0,-6,7,4,-2,-5
1533864500937445,-5,7,3,5,-5,-4,-5,3
1533864500952394,-14,2,-13,-33,1,0,-1,-4
1533864500952394,23,-9,15,33,8,3,13,43
1533864500953408,-21,1,5,-33,4,1,-16,-23
1533864500953408,-26,-9,-12,-70,-22,-6,-9,-14
1533864500974339,-4,-12,0,15,-1,-2,-6,-4
1533864500974339,6,8,6,3,0,-3,1,-5
1533864500976331,10,5,1,40,2,1,10,21
1533864500976331,3,-29,-6,-27,3,0,-2,-9
1533864500988298,7,3,7,33,1,-3,-3,6
1533864500988298,-7,-5,-7,-10,-7,-2,-3,-13
1533864500997274,5,-10,-8,-24,-8,-2,1,2
1533864500997274,5,10,4,17,6,3,1,0
1533864501012235,4,-2,12,34,3,0,0,-1
1533864501012235,-8,-6,-11,-11,-3,-4,-1,-5
1533864501013232,-1,2,-3,5,4,-2,-1,-4
1533864501013232,3,2,-2,-1,0,-2,2,2
1533864501034375,3,0,2,0,1,1,2,7
1533864501034375,-5,5,8,-1,0,-1,-4,-9
1533864501036171,-4,-3,-5,-7,-3,-3,-1,-5
1533864501036171,2,1,0,3,-1,-1,0,3
1533864501048141,-2,-5,-6,-6,0,-1,-4,-3
1533864501048141,-6,4,3,-17,-2,1,-3,-10
1533864501057114,1,-6,-2,-19,-5,0,-1,-3
1533864501057114,5,4,4,10,3,1,3,5
1533864501072073,1,4,-1,-11,-3,-1,-3,-4
1533864501072073,-5,-1,0,-2,0,-2,-2,-3
1533864501073070,1,-2,-3,-18,-1,-2,-2,0
1533864501073070,1,1,-5,-15,0,-2,0,-1
1533864501094018,-3,-2,0,-10,-6,0,-2,-1
1533864501094018,-1,-2,5,15,1,0,0,-2
1533864501096010,0,-4,2,27,0,-1,-1,1
1533864501096010,0,3,1,13,-2,-3,-2,-2
1533864501107981,1,-1,-1,7,-3,-4,-4,-4
1533864501107981,-4,-1,0,8,3,-2,-1,-1
1533864501116967,-1,0,-5,-6,-19,-5,-2,-1
1533864501116967,-1,-4,-2,13,0,-6,-6,-3
1533864501139892,2,-1,-5,7,11,4,2,1
1533864501139892,-1,2,1,-3,-6,3,3,-1
1533864501140890,3,3,7,8,-1,8,3,5
1533864501140890,-4,-4,-13,20,1,-1,1,1
1533864501153855,-1,-3,27,-27,-10,-3,-3,-3
1533864501153855,-2,-1,-3,-1,-4,-6,-6,-5
1533864501155851,-1,-1,1,4,2,-1,-2,-4
1533864501155851,2,1,5,24,2,1,0,1
1533864501167818,-2,-2,-14,-37,-3,-3,-2,-3
1533864501167818,-2,-3,-4,-12,-3,-2,-1,-2
1533864501176793,-2,-1,0,3,0,-3,-2,-1
1533864501176793,1,-1,0,-5,-4,1,-1,0
1533864501190760,-2,-2,-7,10,-5,-10,-2,-1
1533864501190760,-1,-3,-2,-10,-6,-5,1,-2
1533864501197741,-1,-1,-10,-5,-2,2,-9,-4
1533864501197741,2,6,9,-5,9,12,6,-1
1533864501214696,-2,-1,-6,4,-9,-1,1,4
1533864501214696,2,4,8,9,14,1,0,4
1533864501215690,-2,-4,-6,-9,-9,-2,3,-5
1533864501215690,-6,-4,-8,-21,-14,-5,-5,-4
1533864501227658,-4,-5,-8,1,-6,-8,-5,-3
1533864501227658,-2,1,-3,-8,4,-1,-4,-3
1533864501236637,-1,-1,4,13,15,2,0,1
1533864501236637,1,1,10,0,0,5,3,0
1533864501251598,-4,-5,-14,-2,-3,-1,1,-2
1533864501251598,-1,-5,-4,3,-5,-6,-3,-4
1533864501257606,0,-3,-3,-1,4,-3,-1,-3
1533864501257606,-3,-1,5,-4,-4,-2,-1,-2
1533864501274745,5,5,2,12,5,2,-7,2
1533864501274745,-1,1,0,-5,1,3,6,0
1533864501275532,0,1,4,4,5,-1,-2,4
1533864501275532,-2,-4,-10,4,19,-3,2,-1
1533864501296501,-4,-3,-3,-7,-27,-15,-4,-2
1533864501296501,1,0,-3,-3,4,2,-7,-6
1533864501298470,1,1,-1,-2,-3,6,5,1
1533864501298470,-4,-2,-3,-8,-5,2,0,3
1533864501311434,-1,-1,1,3,11,8,6,1
1533864501311434,-5,-5,-4,-3,-8,-9,-7,-3
1533864501318454,-1,-2,-1,1,4,-3,-6,-3
1533864501318454,7,4,6,12,25,7,0,2
1533864501334376,2,4,4,8,-13,1,4,4
1533864501334376,-5,-3,-8,-52,-6,-2,5,-1
1533864501336366,-7,-8,-10,-15,-10,-8,-4,-7
1533864501336366,-1,0,1,14,1,0,-2,1
1533864501357314,5,1,3,-20,8,5,-4,-3
1533864501357314,0,2,1,37,12,2,-4,4
1533864501358308,0,0,-6,-51,-26,-10,-1,-3
1533864501358308,-5,-5,-10,-17,-23,-9,-2,-5
1533864501371292,-2,0,2,22,18,1,1,0
1533864501371292,0,-3,0,5,-3,3,4,2
1533864501378275,-1,-2,1,12,7,-2,1,-2
1533864501378275,-2,-1,-2,4,-4,-4,-2,-3
1533864501394221,-1,3,2,-7,1,4,0,1
1533864501394221,-1,1,3,7,3,4,2,-2
1533864501396207,0,0,-2,15,0,-5,-2,2
1533864501396207,-4,-4,-7,-21,-44,-11,-5,-3
1533864501417155,-1,-2,-3,3,4,-1,-7,-4
1533864501417155,0,1,2,-10,-1,0,2,1
1533864501418149,0,2,3,20,18,8,4,2
1533864501418149,2,2,3,12,9,2,2,3
1533864501431114,-2,-3,-4,22,-7,0,1,-1
1533864501431114,-3,-4,-4,12,-11,-7,-15,-6
1533864501439096,-2,-5,-6,8,0,-8,4,-5
1533864501439096,4,4,4,19,-7,-3,-1,1
1533864501454057,-1,1,0,25,13,6,4,3
1533864501454057,0,-1,0,25,-7,0,2,1
1533864501456051,-1,-3,1,14,-1,-1,-4,1
1533864501456051,-4,-5,-6,-17,3,-6,-6,-7
1533864501476996,0,-1,0,-14,4,-2,0,-5
1533864501476996,3,0,2,-22,-2,-3,-1,1
1533864501477989,-2,0,-2,-19,-5,4,2,3
1533864501477989,0,-1,-1,-11,2,-2,0,0
1533864501490957,-1,-2,-4,-13,5,-3,2,0
1533864501490957,-4,-2,-1,-10,-2,-3,-2,-1
1533864501499930,-4,-2,-3,2,-16,-3,-2,-2
1533864501499930,0,-3,-1,1,2,1,-1,-2
1533864501521871,-1,-1,0,-8,1,1,0,-2
1533864501521871,3,3,2,-7,1,2,0,2
1533864501523866,2,1,2,-3,2,-2,-2,0
1533864501523866,-2,-2,0,-6,1,-1,-3,0
1533864501536865,-1,-3,-3,-14,-6,-6,0,-5
1533864501536865,-2,-3,-3,-5,1,-2,0,-3
1533864501538859,-2,0,0,3,4,3,-3,0
1533864501538859,-1,1,-2,-18,-3,5,3,2
1533864501550828,-3,-1,-1,-5,-9,-2,-2,1
1533864501550828,-3,-3,-4,-8,-3,-3,-3,-3
1533864501559770,-1,-1,-2,-6,6,4,-2,1
1533864501559770,-1,-2,-1,-1,16,2,-2,-3
1533864501574945,-4,-5,-4,-11,-33,-11,-4,-1
1533864501574945,1,0,3,6,-5,0,-3,-1
1533864501575737,-1,1,-4,-4,1,2,-1,2
1533864501575737,-1,0,-1,-9,6,-2,-1,0
1533864501596671,1,0,-4,-12,5,-2,-2,-2
1533864501596671,-2,-3,-4,-2,-8,-10,-2,-4
1533864501598666,1,-3,0,4,7,-1,1,0
1533864501598666,0,3,1,1,3,3,-2,1
1533864501610636,0,-1,-2,-3,-2,0,-1,-2
1533864501610636,0,1,5,6,4,6,-1,0
1533864501619609,2,2,2,4,8,0,-2,-2
1533864501619609,-4,-4,-1,8,-17,-5,-3,-3
1533864501634570,-2,-2,0,1,0,-2,-3,-3
1533864501634570,-4,-5,-13,-37,-1,-4,-3,-4
1533864501635567,1,1,4,-12,-3,0,1,0
1533864501635567,-5,-7,-11,-3,-11,-7,-1,-2
1533864501657507,1,0,-16,20,31,7,-2,-2
1533864501657507,-1,1,31,5,-53,-1,3,1
1533864501658506,-10,-7,-13,-11,-17,-14,-8,-5
1533864501658506,0,2,5,0,21,-3,1,-3
1533864501670474,-1,-1,-4,-19,-9,3,2,5
1533864501670474,-1,2,15,37,-7,-1,2,4
1533864501679457,1,-2,-1,-4,2,1,-1,-1
1533864501679457,3,5,-28,10,5,2,-2,-2
1533864501694409,-6,-16,-1,18,-2,-10,-5,-6
1533864501694409,3,-2,23,-3,13,1,0,1
1533864501696404,0,0,-1,9,-1,4,5,7
1533864501696404,-3,-1,8,-2,4,-2,-2,0
1533864501717351,1,3,-12,-4,-4,1,3,2
1533864501717351,1,-1,-22,-5,1,-5,-6,-5
1533864501718346,-3,-3,4,6,0,-1,3,-2
1533864501718346,2,-3,2,2,3,4,-3,1
1533864501730327,-1,1,11,-4,-9,-5,0,0
1533864501730327,-4,-3,-39,-3,11,0,-2,-3
1533864501739292,-1,2,9,4,-2,-2,2,0
1533864501739292,0,-2,1,-6,-5,-1,-3,-1
1533864501754252,-3,2,7,-3,-1,-1,2,0
1533864501754252,-3,-5,-50,-7,3,-1,-3,-3
1533864501756245,2,7,60,5,4,1,0,0
1533864501756245,-1,-1,-7,-10,-14,-4,0,1
1533864501777191,1,2,5,15,3,-3,-4,0
1533864501777191,-3,0,6,-14,0,0,-2,0
1533864501778185,-3,-5,-25,4,-9,-7,-2,-3
1533864501778185,-1,-3,7,-7,7,-1,0,-1
1533864501790155,-2,4,5,-6,-9,-5,-6,-6
1533864501790155,10,5,9,8,19,6,7,9
1533864501799129,0,-15,-8,3,-3,3,2,4
1533864501799129,-3,-11,26,7,-2,-4,-1,-3
1533864501814093,-1,-4,6,5,1,-7,-5,-2
1533864501814093,-2,-1,-34,-18,-6,-3,4,2
1533864501816085,5,11,51,-1,-3,0,-6,-3
1533864501816085,-3,1,-3,2,0,3,1,-2
1533864501837037,-1,-1,61,9,1,4,1,1
1533864501837037,-3,3,20,11,11,1,-1,-1
1533864501839023,0,1,-46,-9,-3,0,-4,-4
1533864501839023,-5,2,-17,12,-8,-4,-1,-3
1533864501851061,1,0,15,-8,-1,-3,-4,-4
1533864501851061,-4,-6,-14,0,3,-1,1,-2
1533864501859036,-1,-1,-19,1,7,2,-2,2
1533864501859036,6,15,-124,-8,2,3,-4,-5
1533864501873999,-5,-7,23,-2,-5,-1,3,4
1533864501873999,5,7,73,23,21,4,5,0
1533864501875997,-13,-12,87,-14,-49,-14,-1,-3
1533864501875997,-7,-5,-2,-16,-6,0,-11,2
1533864501897045,0,-1,-34,7,16,6,2,1
1533864501897045,-4,-1,-65,-14,-21,-4,-3,-3
1533864501898931,2,4,-7,8,14,0,1,-5
1533864501898931,1,-3,41,2,-3,-3,3,-3
1533864501910897,-1,3,-24,-13,0,2,-1,-2
1533864501910897,-1,-3,0,6,0,-1,-4,0
1533864501919877,1,-1,-51,-2,8,1,-5,-2
1533864501919877,-1,-5,9,-3,-8,-2,3,1
1533864501933837,3,-5,-86,22,19,3,-4,-3
1533864501933837,-1,-2,5,-10,8,0,2,0
1533864501935831,-11,-10,-22,12,-23,-9,-8,-5
1533864501935831,0,2,30,8,14,-4,-2,-1
1533864501955803,-2,-9,-68,-1,-21,1,1,-2
1533864501955803,6,12,67,-1,6,2,3,0
1533864501956797,-6,-9,-34,-23,9,-8,-9,-9
1533864501956797,0,0,25,12,-23,-5,-1,7
1533864501978738,-7,-1,-6,6,5,8,8,1
1533864501978738,-4,-4,-13,5,-11,-7,3,-2
1533864501979735,3,3,-26,-9,15,4,3,-5
1533864501979735,2,-1,-6,-4,0,-7,-18,-2
1533864501993901,3,3,15,-11,-1,-3,-4,1
1533864501993901,-5,-2,-10,-6,-3,3,-1,1
1533864501994695,2,2,-19,-1,3,4,7,2
1533864501994695,-1,-5,37,5,-3,-1,3,-7
1533864502016636,0,3,12,-12,-5,-6,-7,-7
1533864502016636,1,13,33,0,-4,7,6,10
1533864502016636,4,-3,89,20,5,4,5,7
1533864502016636,-6,-6,-84,-13,0,3,2,-4
1533864502038691,-2,-8,59,-2,-10,-11,-8,-1
1533864502038691,-2,-1,-25,1,-5,-6,-6,-6
1533864502039684,3,-11,-45,7,5,3,1,4
1533864502039684,-1,6,45,-1,2,-1,-1,-1
1533864502053648,-6,-9,-82,-15,-4,-3,3,-3
1533864502053648,13,13,95,23,9,0,1,5
1533864502054642,-4,1,-47,-1,1,-2,-1,0
1533864502054642,-8,-6,-57,-2,-7,-1,0,-5
1533864502076586,-4,-8,-18,2,-7,-1,3,0
1533864502076586,-2,-7,-40,-4,-5,-2,-12,-5
1533864502076586,3,8,-6,-17,12,5,-8,-3
1533864502076586,0,-4,14,4,-17,-4,8,2
1533864502098527,1,9,10,-9,-2,-5,3,-4
1533864502098527,-6,-10,-25,-11,-5,1,-5,0
1533864502099522,0,2,23,27,9,0,4,4
1533864502099522,-3,-3,-13,-35,-7,2,0,0
1533864502113496,3,7,33,6,10,5,-1,3
1533864502113496,-7,-12,-26,-2,-5,-7,-6,-8
1533864502114482,-3,-5,-19,-4,-3,4,-1,-4
1533864502114482,1,9,16,2,-1,-2,3,0
1533864502136426,2,-6,-17,-13,-4,-5,-5,-4
1533864502136426,0,14,63,1,3,-2,2,1
1533864502136426,-3,-14,-23,1,-1,-1,-3,2
1533864502136426,-4,-5,12,0,4,1,-2,-3
1533864502158368,0,-6,21,5,-1,3,2,2
1533864502158368,-6,-5,-43,1,-3,-1,-3,-3
1533864502159362,3,12,10,-6,-6,-4,4,1
1533864502159362,-1,-3,-5,0,1,0,-1,-8
1533864502173324,1,2,-19,2,1,1,-3,1
1533864502173324,-3,-6,-20,-18,2,-4,-5,-1
1533864502174322,-1,2,3,-5,-13,-1,-4,-3
1533864502174322,2,-2,0,10,1,-1,0,1
1533864502196267,-4,3,6,5,-2,-4,-1,-3
1533864502196267,-2,-5,-12,-1,0,-4,-3,-6
1533864502197260,2,1,11,-23,-4,2,-6,7
1533864502197260,-3,-7,-13,14,6,-1,-3,1
1533864502219202,0,5,17,-16,-10,4,5,3
1533864502219202,-3,-8,-22,-2,-13,-7,-1,-6
1533864502219202,-5,-2,-10,7,11,-2,-8,-8
1533864502219202,4,1,16,6,-8,-1,1,2
1533864502234242,0,1,2,-12,-5,-4,-5,-3
1533864502234242,0,-6,-13,-2,7,3,5,5
1533864502234242,-2,2,1,1,-15,-6,-9,-2
1533864502234242,-2,3,-10,-2,17,2,1,0
1533864502256106,2,-3,21,6,6,-1,-3,-1
1533864502256106,1,-1,-7,3,-8,2,0,0
1533864502257102,-4,-2,-5,0,-1,-3,1,-4
1533864502257102,1,7,1,-10,0,0,-1,0
1533864502279042,-5,-20,-70,-7,-6,-1,3,2
1533864502279042,-3,3,26,5,3,0,-5,-3
1533864502279042,-2,-15,-36,1,2,-4,0,-3
1533864502279042,-3,1,12,4,4,-5,-3,0
1533864502294005,0,8,-15,-14,-9,6,-1,1
1533864502294005,-3,-5,-11,4,-5,-2,1,-1
1533864502294005,-2,-2,-9,-8,-10,-5,0,-4
1533864502294005,2,1,-7,-9,-3,0,-5,2
1533864502315946,-4,2,10,3,1,-2,0,0
1533864502315946,1,-4,-20,-2,2,2,-1,0
1533864502316940,-1,6,13,3,0,0,-3,-2
1533864502316940,-1,-4,-12,-2,-1,-1,5,-4
1533864502339012,5,17,42,4,3,0,0,0
1533864502339012,-3,-17,2,-1,-4,-3,-4,-3
1533864502339924,-3,-1,-1,-3,0,2,0,-1
1533864502339924,-1,-5,3,0,-2,0,-2,-1
1533864502354838,-2,1,37,7,1,-6,-9,-2
1533864502354838,-2,1,-15,4,4,2,2,-2
1533864502355837,1,-2,-40,-3,-5,-1,9,1
1533864502355837,4,9,96,-1,-10,-1,-3,3
1533864502375786,-4,-3,-20,1,4,1,-3,-3
1533864502375786,0,0,-13,-18,-5,-5,-3,-3
1533864502376780,2,12,22,15,5,2,-1,-1
1533864502376780,-3,-6,-36,-2,1,1,0,2
1533864502398925,-2,-2,-11,5,-2,-2,1,3
1533864502398925,-1,8,31,2,-1,2,3,2
1533864502399720,1,-7,2,-8,2,4,-7,7
1533864502399720,-3,-5,-24,-6,-6,-4,5,-5
1533864502413685,-1,-2,1,-5,-2,-1,-2,-1
1533864502413685,2,6,-45,-2,7,-3,0,-2
1533864502414687,1,-2,42,7,-7,4,-2,3
1533864502414687,-1,-7,-15,-2,7,0,-1,-2
1533864502436640,1,-2,10,3,7,-5,-1,-1
1533864502436640,-4,-8,-21,-17,-13,-5,-7,-1
1533864502436640,-9,0,-4,6,-15,-1,3,-4
1533864502436640,-5,-7,-68,-4,-3,2,-2,-3
1533864502458565,2,19,85,7,-3,2,4,0
1533864502458565,2,1,21,1,5,-4,0,0
1533864502459559,2,-8,-8,-5,1,-4,0,-2
1533864502459559,-1,-3,3,2,6,1,0,-1
1533864502473521,-4,-8,-36,-4,-5,-2,-2,-3
1533864502473521,-1,2,-15,-2,-6,-3,-2,-4
1533864502474525,0,9,-1,-5,4,-5,-1,-5
1533864502474525,1,-7,6,11,6,-2,-1,0
1533864502496466,2,-6,2,1,-3,1,1,1
1533864502496466,0,-2,7,-2,-1,-1,-1,-3
1533864502496466,-5,-6,-22,8,-6,1,3,-6
1533864502496466,-1,4,3,2,2,-2,-1,0
1533864502526380,0,-2,-25,-9,20,-5,-8,-5
1533864502526380,-2,-4,-5,-4,-20,5,6,3
1533864502527381,2,2,2,-12,-4,-11,-9,-4
1533864502527381,1,5,12,-4,11,10,-3,2
1533864502533365,-4,-7,2,-3,3,-5,-2,1
1533864502533365,-3,-2,-8,56,-2,4,0,-2
1533864502534359,1,4,9,-58,-33,-3,5,0
1533864502534359,-1,-2,14,11,-9,-4,-3,-3
1533864502556304,2,-3,-22,-6,11,6,3,-1
1533864502556304,-2,-3,2,0,14,-5,-4,-4
1533864502557298,0,-2,1,17,9,3,-2,-2
1533864502557298,0,6,-14,-14,-5,-4,-3,-4
1533864502578242,-4,-7,-16,-2,-5,-2,0,0
1533864502578242,2,4,51,1,3,2,0,1
1533864502579239,-4,11,-12,-10,2,-7,-5,-7
1533864502579239,-2,-16,66,6,-1,0,2,2
1533864502594201,-1,3,3,1,-9,0,1,-2
1533864502594201,0,-12,-14,-14,-10,-1,-2,1
1533864502594201,-8,-6,-31,12,7,-4,-3,-2
1533864502594201,0,5,-23,-11,-3,-6,-3,-2
1533864502616160,-1,-3,0,7,-20,-1,0,1
1533864502616160,-3,-5,-69,-14,20,-1,-5,-3
1533864502617138,5,5,85,-5,-8,5,4,3
1533864502617138,-4,5,-15,27,-3,2,1,-2
1533864502639082,-1,-10,6,-3,-3,-1,1,1
1533864502639082,-3,1,-12,-9,-2,-2,-4,-2
1533864502639082,0,-3,-13,5,12,0,-1,0
1533864502639082,3,10,20,1,1,3,3,0
1533864502654039,-6,0,-81,-15,-8,-8,-7,-8
1533864502654039,4,10,79,9,1,0,0,1
1533864502654039,-1,-21,-9,6,2,-1,2,2
1533864502654039,0,3,5,-10,-4,1,0,0
1533864502675983,-2,-12,4,5,16,-5,-5,-3
1533864502675983,-2,3,-11,-10,-21,1,3,1
1533864502676977,-6,0,-56,-2,2,-2,-5,-5
1533864502676977,-6,-23,-79,-21,-8,-5,-7,-7
1533864502698919,5,31,107,26,5,1,1,4
1533864502698919,-5,-19,10,1,4,1,3,1
1533864502698919,1,-6,24,0,-9,0,2,1
1533864502698919,-2,-2,-50,-15,-9,-5,-1,-1
1533864502713879,0,7,-43,-9,0,6,-1,-2
1533864502713879,0,-2,-6,0,9,-1,0,-1
1533864502714881,-3,5,-31,-9,-3,-3,-2,-1
1533864502714881,2,2,18,-2,9,-4,-2,1
1533864502735906,-3,-7,-18,7,-1,0,-2,1
1533864502735906,1,5,32,2,-5,2,1,1
1533864502736818,-1,-3,-40,-5,-8,-1,-3,-1
1533864502736818,4,8,87,8,2,4,2,2
1533864502758759,-2,-12,7,3,0,-1,0,-1
1533864502758759,-5,0,-36,-14,-10,-4,-4,-6
1533864502759769,-1,10,-7,-1,6,-4,-2,-5
1533864502759769,0,5,3,-7,2,-6,-2,-2
1533864502772725,0,-3,51,1,-2,4,2,2
1533864502772725,-1,-11,5,7,5,0,-1,1
1533864502781701,1,-4,28,1,-5,0,2,0
1533864502781701,-5,5,-93,-2,0,-4,-5,-4
1533864502804639,8,-19,81,5,6,5,4,3
1533864502804639,-2,15,54,0,-10,-7,-3,-1
1533864502805633,-4,-2,35,8,6,7,3,2
1533864502805633,-5,-12,-32,-2,2,3,0,0
1533864502818602,-3,23,-106,-20,-6,-14,-8,-9
1533864502818602,6,-18,-14,0,2,3,2,4
1533864502819612,0,-7,-45,-3,4,3,2,0
1533864502819612,-1,-17,-71,-7,-8,-5,-3,-5
1533864502832565,-6,-1,27,2,-3,4,0,1
1533864502832565,-3,5,3,-3,0,-5,-4,-3
1533864502841540,-1,-2,19,7,5,-5,-4,-1
1533864502841540,-3,-3,-14,-8,-1,2,0,-3
1533864502856501,-1,-3,-18,1,-3,-2,-2,-1
1533864502856501,-1,-1,-34,-6,8,1,-1,-3
1533864502856501,-2,-3,-29,-8,-12,-2,-3,-1
1533864502856501,0,-1,60,8,-7,0,1,0
1533864502878441,-2,0,-89,-23,-16,-4,-6,-6
1533864502878441,5,7,105,29,7,2,3,4
1533864502879436,1,29,45,10,6,-5,-3,-3
1533864502879436,-2,-18,24,3,4,4,6,4
1533864502893414,-1,-6,-8,5,2,-1,1,1
1533864502893414,-2,-3,-49,-7,-9,3,5,2
1533864502901378,3,3,4,1,3,5,1,2
1533864502901378,-1,11,33,1,-7,-5,-7,-4
1533864502916337,3,2,31,0,4,0,0,1
1533864502916337,-5,1,-37,-9,-5,-5,-8,-4
1533864502917335,4,-8,32,0,5,1,1,2
1533864502917335,1,6,-23,-7,-1,-2,-2,-2
1533864502939285,-4,-4,-8,0,3,2,0,-1
1533864502939285,4,1,-14,-5,-1,-4,-4,-2
1533864502939285,-3,-8,-54,-15,-14,-4,-3,-5
1533864502939285,-2,-6,-16,6,-4,-2,-2,0
1533864502953239,-1,0,2,-2,20,1,0,1
1533864502953239,-6,8,-75,-7,-34,-7,-1,-5
1533864502969199,1,-5,108,12,11,2,3,2
1533864502969199,-4,-2,54,-5,0,-3,0,1
1533864502976180,-1,4,14,1,-14,-1,-3,-3
1533864502976180,0,5,-27,-12,3,-4,-5,-6
1533864502977174,-15,-30,-111,-7,-1,1,-1,0
1533864502977174,0,7,12,-1,-5,-3,-3,0
1533864502999248,-3,0,3,4,-5,-3,-1,-1
1533864502999248,2,-2,-11,-5,7,-2,-4,-2
1533864502999248,6,17,26,-6,-13,-5,-4,-2
1533864502999248,-1,-16,23,2,9,5,4,3
1533864503013079,-3,-6,-29,-2,-7,-2,-1,0
1533864503013079,-2,-6,-22,-2,1,1,-1,-1
1533864503021149,3,1,0,5,10,-1,-1,-1
1533864503021149,-3,6,0,2,-12,-2,0,-1
1533864503036070,0,-1,-12,-7,1,-6,-1,-2
1533864503036070,-3,-6,15,3,14,3,2,-1
1533864503043999,2,2,17,7,-4,-2,-1,0
1533864503043999,1,1,-15,1,-2,-1,-3,-2
1533864503058959,2,0,4,-2,-4,3,1,0
1533864503058959,-4,-3,20,1,-4,-1,-2,0
1533864503058959,-4,-6,-19,-1,15,-2,-3,-3
1533864503058959,1,2,-12,2,-9,0,-2,-2
1533864503081899,-5,-3,5,-10,-10,-4,-4,-1
1533864503081899,-3,1,11,-6,4,-1,-1,0
1533864503082892,-1,0,-11,-4,-3,0,-2,-1
1533864503082892,0,0,3,5,6,-3,0,-1
1533864503095858,3,2,14,-1,7,3,-1,0
1533864503095858,-3,-3,-3,2,-7,-4,-1,-3
1533864503096855,-1,-3,-7,-5,-5,-2,-2,-2
1533864503096855,-2,3,3,-2,6,-1,0,-1
1533864503118852,1,-2,-4,0,-2,-1,-3,-1
1533864503118852,1,-4,-7,1,-2,1,2,1
1533864503119794,3,2,2,3,0,3,0,-1
1533864503119794,3,0,0,-2,-4,-1,-1,-1
1533864503132760,1,-3,-5,-8,-8,-1,2,0
1533864503132760,-2,-4,3,-1,-2,-1,-3,0
1533864503141735,1,5,10,-1,-2,-1,-1,2
1533864503141735,-4,-2,-7,8,2,2,0,0
1533864503155697,-6,-6,-8,0,7,-2,-3,-5
1533864503155697,1,2,8,10,-13,-7,-1,0
1533864503156695,-1,-6,-11,-6,-8,0,0,-2
1533864503156695,2,3,-3,-3,13,8,1,-1
1533864503178637,-4,-1,2,-10,-24,-5,2,0
1533864503178637,-1,-2,0,5,9,4,1,-1
1533864503179634,-3,-3,-6,-3,1,-3,-2,-3
1533864503179634,-1,1,5,-2,2,-1,-2,1
1533864503201574,1,-1,1,4,9,3,0,0
1533864503201574,-1,0,-2,-2,0,1,0,-2
1533864503202572,-2,-3,-3,3,1,-4,-1,-2
1533864503202572,0,0,-3,-7,-1,-2,0,1
1533864503216534,0,1,2,3,-4,-1,-1,-1
1533864503216534,-4,-1,-3,-2,-2,-2,-2,-4
1533864503216534,0,0,-1,1,3,1,1,0
1533864503216534,-1,-4,-1,-8,-8,-4,6,16
1533864503238479,-3,-2,-1,6,-2,-4,-19,-41
1533864503238479,-2,-1,-2,-3,5,-1,-1,-2
1533864503239473,-3,-2,-5,4,0,-2,-5,-1
1533864503239473,-1,-1,0,-11,-4,-2,3,0
1533864503261414,-1,-3,-7,-2,-2,-1,-1,11
1533864503261414,-1,-2,0,1,2,1,2,4
1533864503262412,0,0,0,1,-9,-9,0,-5
1533864503262412,-1,-2,-22,3,10,1,-4,-4
1533864503276378,2,4,40,6,6,5,7,8
1533864503276378,-1,-3,-6,-24,-7,-3,-5,-4
1533864503276378,-4,0,2,-1,-9,-1,1,5
1533864503276378,0,-1,2,17,-3,-5,-7,-9
1533864503298316,-2,0,-11,-5,8,-3,1,2
1533864503298316,-1,0,-6,-9,-3,2,5,6
1533864503299313,-1,3,4,-6,3,1,4,2
1533864503299313,-8,2,-5,-1,-10,-5,-12,-13
1533864503322265,-2,-4,-6,-1,0,1,7,7
1533864503322265,1,0,3,9,2,-3,-7,2
1533864503322265,0,-1,-1,-3,-5,-2,-6,-10
1533864503322265,0,2,-23,12,-1,1,-2,-5
1533864503336217,-1,-5,13,-17,-5,0,3,4
1533864503336217,-2,-3,-4,-1,3,2,0,-1
1533864503337215,-1,4,2,-5,3,-2,2,7
1533864503337215,-1,-2,-2,-8,-6,-3,-2,-2
1533864503359153,1,0,-10,7,-3,-2,-1,2
1533864503359153,1,-1,2,-12,-5,-3,0,0
1533864503360151,-3,-5,-6,-2,-3,-5,-3,-5
1533864503360151,1,-4,12,-7,0,-2,1,2
1533864503382095,-1,0,-9,-1,2,-2,-1,-2
1533864503382095,0,1,7,7,1,4,0,-3
1533864503383089,0,-1,-5,8,3,2,0,-1
1533864503383089,0,-2,3,-2,-2,-4,-1,0
1533864503396054,-1,-1,-4,-2,0,-1,-1,0
1533864503396054,-2,0,-2,7,0,0,-2,-5
1533864503397052,-2,-1,-1,-6,-1,-1,-3,-2
1533864503397052,-1,-3,6,-1,-4,-2,-1,-1
1533864503418996,0,-2,-6,-3,0,-2,3,8
1533864503418996,-4,-1,-2,-23,-6,-3,-7,-18
1533864503418996,-1,-1,5,29,1,2,1,1
1533864503418996,-1,1,2,-19,-2,1,-1,-1
1533864503441935,-2,-2,-4,4,-4,-1,-1,-2
1533864503441935,-1,1,-2,-1,-1,-2,-1,1
1533864503442929,-2,-9,-4,17,5,3,0,0
1533864503442929,-3,-4,-5,2,-6,-2,-3,-4
1533864503455894,1,4,25,7,-1,-1,-1,-2
1533864503455894,-1,-2,-31,-2,2,1,3,5
1533864503456892,2,-2,30,-25,-3,-3,-2,-4
1533864503456892,1,0,15,18,8,2,3,7
1533864503478836,-4,-4,-16,-40,-12,-6,-4,-8
1533864503478836,0,0,1,18,-1,0,-1,-3
1533864503485814,-1,-3,-42,-8,-2,0,1,2
1533864503485814,-4,-3,-4,-15,-2,0,0,1
1533864503501775,-3,1,1,10,4,0,-3,1
1533864503501775,-1,-1,3,10,1,-2,-2,0
1533864503502769,-3,-2,-16,-35,-8,1,0,0
1533864503502769,2,2,9,46,6,1,4,6
1533864503516735,-3,1,-10,-16,3,1,-4,-17
1533864503516735,-4,-5,-1,-17,-10,-7,-5,3
1533864503516735,2,3,9,-3,-1,0,0,1
1533864503516735,3,-2,-4,-12,-7,-1,-2,-5
1533864503538707,-2,-4,2,25,5,1,1,2
1533864503538707,4,2,8,10,2,-1,6,11
1533864503539670,-10,1,6,5,1,0,-8,-15
1533864503539670,1,2,-1,-1,1,-1,4,-5
1533864503561612,1,-1,-4,14,1,-2,-6,-9
1533864503561612,0,-4,3,0,3,-2,2,-3
1533864503562620,-12,6,1,17,0,-5,-2,3
1533864503562620,-2,-13,-7,-18,-4,-1,-2,-1
1533864503576587,-3,-5,-7,-3,-1,-3,-2,3
1533864503576587,1,1,1,-17,-5,-1,-3,-1
1533864503576587,1,-2,3,10,4,1,1,2
1533864503576587,-2,3,1,-5,1,0,-1,-4
1533864503598518,1,5,-1,3,-3,-1,0,3
1533864503598518,-4,-4,-1,7,1,0,-1,-2
1533864503599511,3,0,-3,-4,-3,-2,0,0
1533864503599511,-4,3,0,-2,4,-3,-4,-3
1533864503621451,0,-3,-3,2,3,0,-1,1
1533864503621451,-4,-1,-2,5,0,-2,-3,-5
1533864503622449,0,0,2,1,-1,0,3,0
1533864503622449,-1,-5,-5,1,-6,-4,-3,-1
1533864503636422,2,-2,-3,-19,-2,-1,2,-1
1533864503636422,-1,-1,2,-2,-1,2,-1,3
1533864503636422,2,1,0,0,0,-2,-1,7
1533864503636422,-4,1,4,-4,2,-1,-6,-3
1533864503658430,-1,0,-4,4,-3,-3,-2,-9
1533864503658430,4,4,6,3,3,0,1,2
1533864503659441,-11,-8,-7,-8,0,-1,-1,-2
1533864503659441,-7,-3,2,1,-1,0,-1,-2
1533864503682368,-3,-4,0,18,2,-1,0,3
1533864503682368,6,5,1,-1,-4,-5,2,10
1533864503682368,3,0,1,2,0,-1,-3,-15
1533864503682368,5,5,3,-1,2,1,-1,2
1533864503696329,-6,-1,-1,-2,-1,-2,-2,-4
1533864503696329,-3,-8,-7,-3,-3,-2,5,-1
1533864503697345,0,2,-2,-4,-4,-2,-10,-9
1533864503697345,0,-2,-2,0,2,1,0,-1
1533864503718271,4,1,2,-7,-1,0,2,4
1533864503718271,-5,-2,3,4,0,-1,-3,-6
1533864503719268,2,-3,2,2,-3,-2,1,4
1533864503719268,-1,-4,-8,-16,-7,-3,-1,-1
1533864503742206,-2,-4,-3,1,-4,-4,-2,2
1533864503742206,-1,0,-5,-5,-1,-4,-4,-6
1533864503742206,-2,-2,-5,-3,0,0,2,1
1533864503742206,2,2,2,0,-2,0,-1,-1
1533864503756169,0,0,-2,-6,-1,-1,1,1
1533864503756169,-1,-2,-1,-2,0,1,-2,-4
1533864503757166,1,-2,2,-2,0,-2,3,11
1533864503757166,0,-2,0,-2,0,-2,-3,-15
1533864503779125,5,14,-1,0,-2,1,-1,2
1533864503779125,-10,-13,4,0,1,1,-2,1
1533864503779125,8,-2,4,4,5,0,-1,1
1533864503779125,-7,-2,-4,-8,-5,-2,0,4
1533864503802049,0,-2,-1,5,-2,-1,5,8
1533864503802049,3,5,2,2,-1,-2,-7,-20
1533864503803053,-5,-1,-7,-2,-5,-1,-2,-3
1533864503803053,0,-1,0,2,-3,-1,-2,1
1533864503816010,3,-1,2,0,5,2,1,-1
1533864503816010,-5,0,-7,2,1,-2,1,2
1533864503824157,-2,-3,1,-13,-4,-4,-2,-1
1533864503824157,2,2,-1,4,-1,-3,-1,-1
1533864503838951,-4,-2,-1,4,3,-2,-4,-1
1533864503838951,-4,-1,-4,7,-4,-1,0,1
1533864503838951,-1,0,-6,-12,-12,2,1,-1
1533864503838951,-1,-1,-3,-9,12,-2,-1,-2
1533864503861886,-1,0,0,-2,2,2,3,5
1533864503861886,-3,-4,2,4,-2,-2,-3,-6
1533864503862884,-1,6,-1,5,0,0,0,-3
1533864503862884,-1,-4,-5,-17,-6,-1,1,2
1533864503876029,-2,-5,-5,-4,-2,-1,-3,-3
1533864503876029,0,-2,-2,-5,-2,-4,-4,1
1533864503883827,1,-1,1,5,-4,-1,7,10
1533864503883827,1,1,4,5,-2,0,-2,-4
1533864503898957,-4,-2,1,-2,0,-1,-9,-12
1533864503898957,3,4,2,-5,-9,-3,2,4
1533864503899785,-6,-5,0,6,2,1,-1,-2
1533864503899785,0,-1,-6,-8,7,0,1,5
1533864503921730,-1,-3,-4,-3,-21,-7,-3,-1
1533864503921730,0,0,0,0,2,-2,-5,-2
1533864503922724,1,-3,-3,-10,-12,0,-4,-6
1533864503922724,0,-2,1,3,2,1,6,3
1533864503935827,-1,1,1,3,4,3,-4,-3
1533864503935827,-1,-1,-1,-8,4,-2,-5,2
1533864503943804,-1,1,3,5,4,-2,0,-2
1533864503943804,-3,-4,-5,-3,-9,7,0,-6
1533864503958766,-2,-1,-1,1,1,-2,2,2
1533864503958766,-1,-1,-3,0,20,4,0,1
1533864503959776,-1,-2,-4,-8,-14,-8,-4,-2
1533864503959776,-3,-3,1,4,-10,-4,-3,-2
1533864503981703,-2,-3,-1,-4,-3,-1,1,-2
1533864503981703,0,1,1,-4,-15,-5,0,0
1533864503982697,0,-3,-2,4,22,6,-2,-3
1533864503982697,-3,-2,-4,-6,-9,-9,-3,-2
1533864503995662,-3,-1,-3,-6,-13,-7,-1,-1
1533864503995662,-2,-5,-6,-4,-12,-6,-10,-5
1533864504003644,-1,-2,-4,-7,7,1,2,-7
1533864504003644,3,4,3,4,6,0,3,9
1533864504018610,3,3,5,8,21,19,11,4
1533864504018610,0,3,2,0,-13,19,7,5
1533864504019638,-1,2,2,1,10,-5,0,1
1533864504019638,-2,-2,-5,-2,-8,0,0,-3
1533864504041542,-2,-3,-2,-6,-14,-19,-5,-3
1533864504041542,0,-4,2,-4,12,-10,-1,3
1533864504042537,-2,-1,3,3,-3,0,-8,-8
1533864504042537,0,-4,-2,-4,-6,2,-5,1
1533864504055505,0,-2,-6,-3,10,-2,-2,0
1533864504055505,-1,0,-1,1,3,1,5,-4
1533864504063480,-2,-3,-6,-2,-6,-4,-3,-3
1533864504063480,-1,0,-2,-3,-6,-9,-9,-5
1533864504078441,0,-1,0,-1,-4,0,0,-3
1533864504078441,-4,-2,-5,-2,-4,-2,1,-4
1533864504079438,2,5,3,0,3,2,4,4
1533864504079438,-1,1,2,5,5,0,5,1
1533864504101379,-3,-4,0,-2,-2,9,-10,-4
1533864504101379,-1,-5,-2,-1,1,-2,-3,-4
1533864504102388,1,-2,-2,3,-7,1,4,-4
1533864504102388,1,2,2,3,1,-1,2,6
1533864504116521,-2,-1,-2,-1,11,-2,11,7
1533864504116521,-3,1,-1,2,-2,8,-1,1
1533864504123331,-2,-1,-2,-2,-5,-5,-8,-3
1533864504123331,-3,-7,-5,-5,-4,-7,-1,-1
1533864504139277,-4,-5,-3,-3,-12,-9,-7,-12
1533864504139277,0,-3,-2,-1,-1,-6,-3,-2
1533864504139277,0,-2,-1,-1,-1,0,-3,0
1533864504139277,3,7,1,2,3,1,-5,1
1533864504161408,-3,-2,-3,-5,-2,-3,-2,-1
1533864504161408,-1,-3,-5,-5,-4,-6,-6,-8
1533864504162405,-1,-1,-3,-3,1,-5,0,5
1533864504162405,-1,0,2,1,-3,-4,1,-5
1533864504184354,1,2,1,-1,5,3,-4,2
1533864504184354,0,2,2,3,3,10,10,1
1533864504185344,-4,-1,-1,-1,-2,-1,12,7
1533864504185344,-3,-2,-1,1,6,8,3,1
1533864504199316,-2,0,0,2,-6,1,-1,-1
1533864504199316,0,-2,-1,-1,-7,-15,-14,-7
1533864504199316,1,-6,-5,-2,23,-6,-9,-7
1533864504199316,-2,-2,-2,-4,-12,3,-2,1
1533864504222246,-3,-2,-3,-2,-5,7,3,-1
1533864504222246,-1,-1,0,1,-2,3,4,2
1533864504222246,-2,1,0,0,-13,-4,-3,-2
1533864504222246,-1,-3,-1,0,10,-6,1,-3
1533864504244189,-1,-6,-3,-3,0,-4,-6,-2
1533864504244189,1,0,-3,-5,-3,-7,-7,-2
1533864504245182,1,-2,-1,-1,4,0,-1,-2
1533864504245182,1,-1,-2,0,4,5,6,2
1533864504259149,-1,3,2,2,-2,3,6,4
1533864504259149,0,1,3,-6,-1,-1,-1,2
1533864504259149,-6,-3,-10,-9,-10,-4,-7,-5
1533864504259149,-4,-4,-3,-3,-5,-2,-6,-7
1533864504282088,-1,-3,-1,-7,-6,-7,-2,-2
1533864504282088,-1,-3,-4,0,6,0,2,1
1533864504283081,1,3,3,5,4,12,1,2
1533864504283081,-1,2,1,1,1,-1,2,1
1533864504312004,-3,0,5,8,-3,-8,1,-1
1533864504312004,-3,-1,-3,8,-2,-4,-3,-2
1533864504313001,1,-2,-1,-1,0,1,-1,0
1533864504313001,0,0,-1,13,17,6,1,-1
1533864504318985,-3,1,-2,4,-10,-6,-2,-2
1533864504318985,-1,-1,-1,3,2,2,2,0
1533864504318985,-3,-3,-2,2,-13,-3,0,2
1533864504318985,1,1,6,8,10,1,-5,-4
1533864504341928,-1,-4,-8,1,-2,-1,0,-3
1533864504341928,-2,-3,-3,0,-5,-2,1,-2
1533864504342921,-2,1,1,0,-1,4,8,3
1533864504342921,0,-1,-1,-7,-3,-5,-8,-1
1533864504364866,0,0,-2,-7,2,-3,-1,1
1533864504364866,0,0,-1,-5,-4,-1,-2,-1
1533864504364866,1,0,2,-1,2,-1,-7,-5
1533864504364866,-1,-3,-5,-8,-5,1,0,1
1533864504378825,-1,-2,1,-7,-2,0,2,2
1533864504378825,-4,-4,-6,-2,1,-2,1,0
1533864504379823,2,2,8,-1,-1,-3,-5,-1
1533864504379823,-4,-7,-16,-9,-12,-10,-6,-6
1533864504401769,-2,-1,-1,-2,5,7,0,0
1533864504401769,0,2,1,1,-3,-1,2,-1
1533864504402765,-1,-2,-2,-4,-1,-9,-3,-4
1533864504402765,-2,0,2,-5,-13,-7,-7,0
1533864504424706,-1,1,1,-1,5,0,2,0
1533864504424706,-2,-1,1,1,7,8,3,1
1533864504424706,-2,-1,-2,-3,-2,5,5,2
1533864504424706,2,1,4,1,5,-6,-8,-5
1533864504438668,0,-4,-6,-2,-7,-7,-2,-4
1533864504438668,1,4,3,-8,-6,2,-2,2
1533864504439663,1,0,3,-6,2,2,-1,-1
1533864504439663,-6,-3,-15,-8,-10,-3,0,-2
1533864504469583,1,3,1,3,1,1,-3,0
1533864504469583,-1,-1,0,0,2,-3,-5,-4
1533864504470585,0,2,0,3,2,8,5,2
1533864504470585,0,-1,7,0,3,3,3,4
1533864504484545,-3,-3,-3,-3,-1,-10,-3,-4
1533864504484545,-2,-3,-6,-6,-3,-14,-8,-4
1533864504485540,-2,-5,-5,-1,-9,1,1,1
1533864504485540,1,0,3,4,2,4,-4,-2
1533864504498505,-2,0,2,-1,4,-15,-7,-5
1533864504498505,3,2,3,-17,-13,0,6,0
1533864504499503,-3,0,-5,-9,0,7,10,5
1533864504499503,-3,-3,-14,5,3,7,-12,-2
1533864504522441,1,3,40,10,4,12,16,4
1533864504522441,0,4,7,-2,6,-1,-6,0
1533864504522441,-3,1,-38,13,-7,-8,-5,-1
1533864504522441,-1,3,92,7,-9,-4,5,0
1533864504544400,-3,-14,-101,4,0,-8,-15,-8
1533864504544400,-3,11,-29,6,-4,-5,-1,-4
1533864504545380,-1,-3,45,4,5,1,0,-5
1533864504545380,1,-25,-115,-4,21,3,1,-4
1533864504558346,3,8,118,33,-1,-1,4,6
1533864504558346,-10,-16,-95,-16,-21,2,4,-2
1533864504559343,-1,-11,-110,-20,-5,-6,-11,-7
1533864504559343,-3,-13,90,37,-2,0,9,12
1533864504582285,-7,0,-52,-14,21,13,0,-2
1533864504582285,2,4,72,-1,7,2,2,2
1533864504582285,-5,7,10,1,3,-6,-3,-1
1533864504582285,5,2,-48,-23,-22,-8,-3,-4
1533864504604225,3,7,66,-4,11,6,1,0
1533864504604225,1,0,-76,2,2,-2,-1,-1
1533864504606226,0,-15,58,12,10,-5,-4,-3
1533864504606226,0,12,25,-2,-19,-1,-3,0
1533864504618188,-2,-9,-16,-15,-9,0,0,0
1533864504618188,-2,-10,-56,-12,21,-2,-2,-4
1533864504619182,3,-5,-9,1,3,-8,-1,-7
1533864504619182,-6,4,-11,-12,-11,-19,-5,-5
1533864504642125,-4,-2,-10,-3,-18,19,3,10
1533864504642125,-2,-3,18,3,-3,3,-1,-1
1533864504643118,-1,2,-117,-21,-26,-4,0,-3
1533864504643118,4,-11,96,24,14,-2,0,0
1533864504664062,-1,2,29,-2,-9,-13,-4,-6
1533864504664062,0,5,48,6,-2,-3,2,1
1533864504666058,-3,-8,10,1,11,10,-2,6
1533864504666058,-1,9,-49,-7,8,0,1,-5
1533864504678025,-1,0,-21,-5,-23,-9,-6,-5
1533864504678025,3,-9,3,2,1,0,4,-1
1533864504687001,1,11,38,-4,13,-2,-8,4
1533864504687001,0,4,-25,-10,37,18,3,3
1533864504700967,-4,-4,-33,-11,-40,-14,-2,-1
1533864504700967,-2,2,25,17,8,-7,-7,-9
1533864504709941,2,3,5,-1,-20,-3,1,-2
1533864504709941,1,7,-8,-9,0,2,0,0
1533864504723905,-1,-8,-24,-4,2,6,3,5
1533864504723905,-3,-2,8,7,11,8,-4,0
1533864504725897,-4,0,24,-6,-25,-4,2,1
1533864504725897,-2,-8,-27,1,19,4,1,-4
1533864504737868,-1,5,-1,-3,-10,-13,-4,-11
1533864504737868,2,-3,4,-4,5,-5,-4,1
1533864504746840,-3,-2,10,8,15,5,2,-2
1533864504746840,0,3,-6,-9,-13,-6,-10,-2
1533864504760803,-1,-1,-16,3,17,-1,1,-1
1533864504760803,-1,1,12,-3,-9,-3,1,-1
1533864504767785,-4,-2,6,-1,9,-4,-5,-4
1533864504767785,-3,-1,-12,2,-21,-4,6,1
1533864504784740,-3,-6,-11,-7,-5,-1,-4,-3
1533864504784740,-1,-3,1,3,16,6,-1,1
1533864504785737,-2,2,-15,-3,5,-5,0,-1
1533864504785737,-2,9,60,-7,-25,0,3,0
1533864504797913,0,2,-41,2,7,6,-3,-1
1533864504797913,-2,8,-2,-1,10,1,0,0
1533864504806681,6,-5,72,8,-7,-4,0,1
1533864504806681,-7,-12,-22,-4,-30,-3,1,-3
1533864504821649,-1,-4,-17,-4,17,1,-2,-1
1533864504821649,-3,-5,-23,-9,-34,-4,0,0
1533864504827626,1,11,2,3,17,1,-6,-6
1533864504827626,-1,-2,-57,-7,4,-6,0,-1
1533864504844580,6,23,83,22,9,4,5,4
1533864504844580,0,-20,-3,4,12,0,0,1
1533864504845588,-6,-8,-23,-4,-10,-3,-1,-2
1533864504845588,1,-2,-29,-11,-6,-4,-6,-4
1533864504858545,-2,-1,-1,1,4,-1,-3,-3
1533864504858545,1,18,33,-1,-5,0,3,2
1533864504867524,-4,-10,6,1,-2,7,4,3
1533864504867524,0,4,-17,-10,-5,-1,-1,-3
1533864504881485,-4,-16,-51,-6,4,-3,-2,-2
1533864504881485,-4,-7,-55,-4,-1,-4,-3,-3
1533864504888465,2,1,21,-8,-27,-4,0,-1
1533864504888465,3,18,72,8,13,-1,-7,-5
1533864504904423,3,-3,-1,3,0,-2,0,1
1533864504904423,-5,-19,12,-3,-9,0,4,3
1533864504906418,-7,-1,29,8,10,2,6,2
1533864504906418,-5,-11,-56,0,6,2,1,-1
1533864504918382,2,1,-9,-11,-6,-4,-3,-4
1533864504918382,2,2,-15,-5,-4,-2,-4,-3
1533864504927359,0,-1,-55,-6,1,-2,-5,-4
1533864504927359,0,0,-2,1,2,-2,-2,0
1533864504941353,-3,-2,-72,-7,5,-3,-3,-4
1533864504941353,-1,-20,5,7,6,3,4,3
1533864504948303,-3,10,1,-5,-9,-5,-5,-3
1533864504948303,-3,-19,1,4,0,-1,1,0
1533864504964272,-2,4,-2,-4,-1,1,-1,-2
1533864504964272,-1,18,44,6,1,-2,-3,-3
1533864504966255,-3,5,-24,-10,-7,-2,-3,-4
1533864504966255,-5,-30,-110,0,2,-3,0,-1
1533864504978223,5,20,112,17,0,5,5,3
1533864504978223,-2,-1,-43,-8,-9,0,1,0
1533864504987199,-4,-7,-20,3,9,3,1,0
1533864504987199,-4,7,-6,-2,-9,-2,0,0
1533864505001160,-1,-14,-106,-15,2,-1,-7,-5
1533864505001160,-1,9,-45,2,2,-1,-4,-3
1533864505008143,3,-7,97,8,-10,-3,2,5
1533864505008143,-3,7,50,1,9,-2,-4,-2
1533864505024245,-4,-6,17,-11,-10,-3,2,0
1533864505024245,-6,-3,9,-3,-16,-5,-3,1
1533864505026096,1,-2,-49,-2,0,-4,-2,-2
1533864505026096,0,6,-12,-3,2,-2,-3,-1
1533864505038062,2,-3,62,4,2,1,-1,1
1533864505038062,1,4,5,5,10,2,0,-3
1533864505047039,0,5,-12,-4,-7,-3,-1,-1
1533864505047039,-1,3,7,0,-7,-5,0,0
1533864505061016,-5,-5,-18,0,4,5,-2,-1
1533864505061016,1,1,6,-2,-1,1,-1,-1
1533864505068142,-1,0,-4,-1,-6,2,-2,-3
1533864505068142,0,3,4,2,11,2,0,-1
1533864505083947,-2,-9,-1,2,6,-4,0,-1
1533864505083947,-3,-10,-66,-6,-8,-5,-1,-2
1533864505085934,0,0,6,1,7,1,-1,0
1533864505085934,1,1,5,-2,-3,-1,2,0
1533864505107879,-3,0,2,-1,-7,-3,-3,-1
1533864505107879,0,2,14,2,-3,-2,-3,0
1533864505108873,0,-2,-19,-1,3,1,-2,0
1533864505108873,1,7,2,-4,0,3,-2,-2
1533864505120844,-4,-8,-9,-9,-7,-3,-2,-2
1533864505120844,-1,-2,12,-3,-2,-3,-2,-2
1533864505127960,0,-3,-10,-1,4,0,1,-1
1533864505127960,-2,14,13,2,-2,-1,1,0
1533864505143942,-1,-12,-3,-5,2,-3,-3,-3
1533864505143942,-2,0,13,-2,-10,0,0,0
1533864505145912,-1,0,-4,-1,0,-3,-3,1
1533864505145912,-1,-1,2,-5,-5,-2,0,0
1533864505166862,0,4,-6,1,2,-1,0,0
1533864505166862,-1,-2,6,-3,4,-3,-2,1
1533864505168850,-2,-1,-1,2,-3,1,0,-3
1533864505168850,-2,-8,3,3,2,-1,-1,-1
1533864505181828,-1,3,1,-3,-3,-3,1,-1
1533864505181828,1,-2,11,-1,-2,-1,-1,0
1533864505187803,0,-1,-11,-3,-6,-2,-1,-1
1533864505187803,2,-4,4,5,27,8,0,0
1533864505204757,1,1,0,0,-24,-2,-2,-2
1533864505204757,-1,3,5,-16,-18,-4,0,0
1533864505205751,-1,0,-2,0,-4,-1,-1,0
1533864505205751,-2,-7,-3,0,-4,-4,-2,0
1533864505226706,2,1,-2,7,16,6,2,0
1533864505226706,0,0,9,-3,-1,-4,0,-3
1533864505228691,-1,1,0,-4,-4,-4,-1,-2
1533864505228691,-3,-5,-2,-9,-9,-5,-3,-3
1533864505241818,-1,3,-1,-3,1,1,0,-1
1533864505241818,-1,1,-1,7,2,1,-1,0
1533864505247640,-1,-4,-5,-3,5,0,0,-1
1533864505247640,-2,-3,0,-1,-6,-2,0,-1
1533864505264593,-1,-3,-3,0,-2,-5,-3,0
1533864505264593,-2,0,7,3,2,2,-2,-1
1533864505265608,-1,-2,-4,3,1,-2,-1,-1
1533864505265608,-1,-2,1,-1,-7,0,-1,-2
1533864505287533,-3,-3,-4,-2,-3,-3,-3,0
1533864505287533,-1,0,3,2,2,-1,-1,-2
1533864505288530,0,0,-3,2,3,1,0,-3
1533864505288530,-1,0,0,-4,-6,-1,0,-1
1533864505300501,-1,0,2,1,1,1,-2,-1
1533864505300501,-1,-2,2,1,3,-1,-2,-2
1533864505309474,1,-1,-3,-2,-1,-1,-2,-2
1533864505309474,-2,-2,0,-3,-6,-1,2,1
1533864505324570,-2,-1,0,-2,-2,-1,-1,-2
1533864505324570,-1,-2,-1,-1,4,1,0,-1
1533864505326430,-4,-2,-1,2,1,-1,-2,0
1533864505326430,1,-2,1,1,-2,-4,-2,-2
1533864505347375,-2,-3,-2,-2,0,-1,0,-1
1533864505347375,-1,-2,0,-5,-3,1,-2,-1
1533864505348370,-1,-2,-4,0,0,-1,0,-1
1533864505348370,-1,-1,-4,0,0,3,-1,1
1533864505360337,-2,2,-6,-2,-3,-3,-1,-2
1533864505360337,0,0,13,1,0,-3,-1,-3
1533864505369316,0,-3,-2,-2,-3,-1,-2,0
1533864505369316,0,-2,1,-1,-1,-2,-1,0
1533864505392256,0,-1,-2,1,0,-4,-1,-1
1533864505392256,-3,1,-5,1,0,-2,-1,2
1533864505393250,4,-2,1,-2,0,-1,-3,-6
1533864505393250,-3,-3,0,-1,-2,0,0,-1
1533864505407213,0,-1,-3,0,-1,0,3,5
1533864505407213,-2,-1,-2,3,-2,0,-4,-12
1533864505408213,-1,-2,2,-2,1,2,2,0
1533864505408213,2,3,-3,-6,-4,-2,-2,-3
1533864505420181,-1,-2,2,7,0,-2,-3,-4
1533864505420181,-1,-1,-4,-10,0,-4,-2,-1
1533864505429154,-2,0,-2,1,-2,-2,-1,-1
1533864505429154,0,1,3,-1,-1,1,9,7
1533864505444123,0,3,4,-1,-1,2,-8,3
1533864505444123,-1,-3,-5,-4,-4,2,-2,-4
1533864505446119,-4,-3,-2,15,-1,-3,-3,-2
1533864505446119,-1,-4,1,9,4,-2,-3,-6
1533864505467055,-1,-3,-4,-24,-11,-2,1,0
1533864505467055,-3,-2,-3,11,2,0,1,3
1533864505468067,-1,2,1,-6,0,-2,-2,0
1533864505468067,-2,-2,-4,-6,-4,-3,-2,1
1533864505480023,0,-1,1,6,1,-3,-1,-4
1533864505480023,1,2,0,-6,-1,-1,-1,0
1533864505489991,-3,-1,-3,2,0,2,1,-1
1533864505489991,0,0,1,-1,-3,-1,-4,-1
1533864505504985,-5,-2,-3,6,-3,-4,-6,-9
1533864505504985,2,0,3,-11,-3,1,3,0
1533864505505969,2,0,6,11,5,3,3,5
1533864505505969,-3,3,-2,-12,-2,-1,-2,-3
1533864505526896,0,7,-3,-15,-3,-2,0,-3
1533864505526896,-1,-4,-4,2,-4,-5,-2,0
1533864505528887,-4,-3,-4,-8,-5,-3,-3,-5
1533864505528887,1,-3,-2,6,3,0,-1,-1
1533864505540855,0,-2,-5,6,2,2,1,1
1533864505540855,-2,0,-5,-22,-14,-3,-1,2
1533864505549831,4,-1,-7,-7,-2,-1,-2,-1
1533864505549831,-2,0,1,2,-3,-2,-4,-3
1533864505564794,5,-1,10,33,7,2,5,4
1533864505564794,-2,-5,-2,-6,4,-1,-8,-5
1533864505565806,-2,-1,-3,-15,-8,-5,-1,0
1533864505565806,-2,-2,0,13,-1,-4,-1,-3
1533864505586732,-3,-3,0,5,0,-2,-3,-2
1533864505586732,0,-2,-2,3,-2,1,6,4
1533864505588727,-3,-3,-1,-3,-13,-7,-4,19
1533864505588727,-1,0,-1,-3,12,-3,-6,-3
1533864505600698,4,2,2,-6,8,14,2,-7
1533864505600698,0,0,-1,2,-7,3,-1,4
1533864505609671,1,0,-4,14,2,-9,12,48
1533864505609671,-13,0,4,-26,2,-2,-17,-60
1533864505624674,-4,-5,-3,33,5,-3,-10,1
1533864505624674,-3,-4,-10,-92,-2,5,-12,-20
1533864505625668,15,3,4,32,2,9,28,47
1533864505625668,-9,-3,-7,-21,-4,-3,-13,-41
1533864505646615,4,-2,11,32,2,-2,18,41
1533864505646615,2,24,0,-18,-10,-7,-21,-64
1533864505648606,7,-22,-13,4,3,-4,3,-2
1533864505648606,2,9,-11,-4,1,2,-3,25
1533864505660575,-31,-4,10,-9,-2,1,0,-20
1533864505660575,11,-12,2,40,4,-4,10,28
1533864505669550,-10,-2,-3,-33,-1,-1,-12,-35
1533864505669550,9,-13,-7,3,-2,2,10,23
1533864505684513,15,6,-10,-31,-8,-4,-3,7
1533864505684513,-10,4,9,37,7,0,4,16
1533864505685507,-7,7,0,4,1,1,-12,-28
1533864505685507,8,18,-1,8,-2,2,10,20
1533864505706455,-4,10,4,-9,-7,-5,-3,-8
1533864505706455,-2,-5,21,-15,3,-3,3,-1
1533864505708446,-3,-20,-11,-17,0,2,-8,-17
1533864505708446,1,-10,-12,-9,-7,-2,3,7
1533864505720415,-3,-9,-18,-24,-8,-5,-5,-11
1533864505720415,1,4,-2,27,4,2,1,5
1533864505729390,4,12,16,-34,-2,3,1,-3
1533864505729390,-4,-1,14,18,2,-1,0,2
1533864505744356,-3,-5,-16,-22,-2,-4,-4,-9
1533864505744356,-5,-1,-3,16,4,0,3,7
1533864505746345,-7,4,0,-57,-14,-5,-7,-14
1533864505746345,-5,-5,-1,5,0,1,-2,-2
1533864505767290,1,3,-10,0,0,-1,-4,-4
1533864505767290,-13,-11,-9,19,5,0,1,-3
1533864505769283,8,24,48,80,11,2,0,0
1533864505769283,-16,-22,-3,-40,-9,-4,2,0
1533864505780254,5,-11,-7,3,-12,-7,4,7
1533864505780254,-3,-5,-20,-17,-8,-3,-13,-23
1533864505789252,-7,-3,-10,27,5,1,-3,-8
1533864505789252,6,10,8,34,4,1,0,7
1533864505804190,-2,1,3,12,2,0,0,3
1533864505804190,-5,-5,0,18,-1,-1,4,9
1533864505806185,-3,2,-2,-4,-2,-1,-3,-8
1533864505806185,3,-1,3,-2,-5,-4,0,1
1533864505827134,-4,-9,-11,-16,-1,-1,-4,-7
1533864505827134,7,3,7,12,4,0,2,8
1533864505828126,-4,-3,-9,-14,-2,-1,-5,-8
1533864505828126,1,-1,-3,-8,-2,-3,0,3
1533864505840097,-3,-2,3,1,0,-2,-3,-4
1533864505840097,0,2,6,5,0,-1,0,5
1533864505857049,-2,-2,-7,7,-2,0,-3,-3
1533864505857049,0,1,5,11,2,-1,2,1
1533864505864033,1,0,5,-2,2,-1,1,-2
1533864505864033,3,0,2,11,0,-2,1,14
1533864505866042,-10,1,-13,-67,-17,-5,-6,-16
1533864505866042,6,2,-2,6,-3,1,-2,0
1533864505886972,-9,-3,4,-4,-1,-1,-3,-2
1533864505886972,-2,-5,-4,-2,1,0,4,5
1533864505888965,-1,-3,1,20,7,2,1,3
1533864505888965,-3,-2,-6,-1,-4,-3,-5,-4
1533864505900934,0,3,2,-4,-3,1,0,-2
1533864505900934,-1,-1,1,-1,-4,0,-2,-2
1533864505909907,2,-2,-2,7,2,-1,-1,2
1533864505909907,-2,-2,-4,1,0,-3,-2,-3
1533864505924869,0,-4,2,8,3,-1,0,0
1533864505924869,-2,-1,-4,-3,-3,-3,-2,-4
1533864505925865,1,0,4,-1,1,-3,-1,-3
1533864505925865,0,-2,0,-5,-3,-1,2,3
1533864505946809,1,2,-2,4,2,1,-2,-2
1533864505946809,-2,-4,-7,-12,-4,0,-2,-5
1533864505948803,-3,-3,-5,10,-3,-2,-2,-5
1533864505948803,-1,0,-2,0,0,1,1,-1
1533864505960796,2,2,4,0,-3,1,2,3
1533864505960796,-1,-2,-4,-1,-2,0,-1,0
1533864505969747,-3,-5,-1,3,1,-1,-1,0
1533864505969747,-3,-3,1,-4,-5,-7,0,-1
1533864505984710,1,0,2,-5,-5,-7,-5,-6
1533864505984710,2,-2,-5,-3,16,8,1,0
1533864505985712,-1,1,1,3,-3,2,1,2
1533864505985712,0,1,4,7,6,2,-1,1
1533864506006749,-1,-1,-5,4,-3,-2,-3,-3
1533864506006749,-4,-4,-3,-11,-16,-8,-2,-5
1533864506008643,0,-7,-8,-5,8,1,-3,-3
1533864506008643,-1,-1,-2,-2,4,2,0,-5
1533864506020615,3,4,10,13,2,2,4,4
1533864506020615,-1,2,1,-5,-5,3,0,-2
1533864506029587,-6,-4,-9,0,-26,-11,1,1
1533864506029587,-2,-4,2,8,-4,3,-4,0
1533864506043555,-2,-2,-7,-10,2,1,-4,-3
1533864506043555,1,1,9,4,7,1,0,1
1533864506050534,2,-2,3,0,8,-4,-1,0
1533864506050534,3,-1,-2,-3,0,-3,-2,-3
1533864506066603,0,0,-1,-3,1,-1,-1,-4
1533864506066603,0,-2,0,-4,-1,-5,-3,0
1533864506068488,-1,-4,-5,-5,-2,-3,-6,-3
1533864506068488,0,-4,-1,-4,-4,-3,0,1
1533864506089431,0,-2,-3,-9,-1,2,4,-3
1533864506089431,0,0,-6,-1,0,8,4,1
1533864506091426,2,2,1,7,3,2,5,4
1533864506091426,-4,-1,-1,21,-4,-1,0,1
1533864506103400,-4,0,2,17,-2,-4,-1,-1
1533864506103400,-6,-3,-3,10,-5,-9,-6,-7
1533864506110372,1,-2,-1,15,-2,-4,-4,-2
1533864506110372,0,-2,-2,-3,0,-5,-4,-1
1533864506134311,1,0,-2,-1,18,3,2,5
1533864506134311,-3,-2,0,-8,-14,1,1,0
1533864506136319,-1,2,2,-9,10,17,3,-1
1533864506136319,-4,-1,-3,-10,-1,-2,1,-3
1533864506149268,-3,-1,1,-13,-5,-1,-2,-4
1533864506149268,-2,-3,7,-7,-1,-10,-3,0
1533864506151263,-2,-1,-3,-5,-9,-7,-5,0
1533864506151263,-3,-3,-1,-3,5,-2,-1,-2
1533864506163230,-3,-5,-5,-5,-11,-8,-7,-1
1533864506163230,2,0,-3,1,5,5,3,1
1533864506170211,-1,-1,1,2,-2,5,6,0
1533864506170211,2,3,4,2,6,5,2,1
1533864506187167,-1,-2,-7,1,-4,-5,-7,-4
1533864506187167,1,0,-1,3,-6,-7,-2,0
1533864506188163,-2,-2,-1,-4,-3,-3,-3,-4
1533864506188163,0,0,2,-10,-4,-3,-5,-2
1533864506209111,1,0,1,-7,-1,6,3,-1
1533864506209111,1,0,1,-9,-6,5,8,4
1533864506211101,0,-3,-1,-10,6,-6,1,-3
1533864506211101,-3,-1,-2,-8,-5,-8,0,0
1533864506223071,-1,-4,0,-2,0,2,-8,-4
1533864506223071,-1,-1,-3,5,0,-4,-5,-2
1533864506232048,-1,0,-3,18,-5,-1,-2,1
1533864506232048,-1,-1,-3,22,-9,-9,-5,-5
1533864506247141,-2,-3,-4,4,-4,-4,-2,-4
1533864506247141,2,2,-1,-1,9,7,2,2
1533864506248012,-2,-3,-1,-15,-6,-10,-7,-5
1533864506248012,-3,-2,-3,-9,-7,-3,-2,-3
1533864506268950,1,2,2,4,24,11,12,7
1533864506268950,0,2,1,-2,-14,3,5,3
1533864506270942,-3,-2,-5,-1,0,1,2,-1
1533864506270942,-3,-2,-3,-2,-6,-1,-8,-5
1533864506282911,-2,-1,-2,-2,-9,-10,-11,-5
1533864506282911,2,-2,0,-5,8,0,0,2
1533864506291889,0,0,1,-2,-2,3,4,1
1533864506291889,0,-1,-1,-12,8,4,7,3
1533864506306847,0,-2,-1,-9,-5,-6,-1,0
1533864506306847,-5,-1,-3,-9,-3,-9,-9,-7
1533864506308842,-1,-2,0,-7,-7,-11,-7,-2
1533864506308842,2,-2,-3,-6,-3,-6,-5,-3
1533864506329847,-2,0,-1,0,1,20,8,0
1533864506329847,2,3,2,8,6,2,-5,1
1533864506330783,-2,0,-2,3,0,0,0,-2
1533864506330783,1,-1,-1,4,1,-4,0,0
1533864506342813,-3,-2,-1,1,-10,-6,-7,-4
1533864506342813,0,-2,3,8,4,6,10,2
1533864506351726,0,-1,1,3,3,6,0,-3
1533864506351726,-1,-2,-4,0,13,-1,4,0
1533864506374675,-3,-1,-5,-6,-21,-15,-5,-6
1533864506374675,-2,-1,-2,-4,-1,-3,-14,-4
1533864506375665,1,0,3,2,8,2,5,0
1533864506375665,0,2,2,-3,-8,7,4,1
1533864506389624,0,-1,3,-3,6,0,0,-1
1533864506389624,-7,-4,-9,-5,-5,-13,-11,-5
1533864506390634,-3,-2,-6,-4,-16,-4,-1,-3
1533864506390634,1,0,1,7,5,-5,-4,0
1533864506411594,0,0,-2,-1,-7,18,4,0
1533864506411594,0,0,0,9,10,0,7,-2
1533864506413560,-3,-2,-2,0,8,1,2,0
1533864506413560,-1,-2,3,6,1,-2,1,-2
1533864506426654,1,-3,0,-4,-2,-13,-12,-4
1533864506426654,-1,-4,-4,0,-4,-4,-13,-2
1533864506428521,2,4,3,-2,2,17,10,6
1533864506428521,0,1,0,-7,-4,12,20,5
1533864506449591,-3,0,1,-1,2,-5,1,0
1533864506449591,-4,-3,-5,-7,-5,-7,-6,-7
1533864506451458,1,0,0,-3,-2,-15,-21,-3
1533864506451458,0,-1,-3,-10,-10,-4,-6,-1
1533864506463427,1,3,3,-1,20,15,12,1
1533864506463427,-1,2,3,-3,8,3,9,2
1533864506472403,-6,-5,-3,-9,-23,-8,-2,-5
1533864506472403,-4,-1,-2,-2,-6,-3,-8,-4
1533864506487363,0,-2,-3,0,-8,-7,-7,-1
1533864506487363,3,-2,-4,-13,4,1,0,-1
1533864506488378,5,1,5,7,23,3,1,-1
1533864506488378,-2,-4,-5,-5,-19,5,-5,-3
1533864506509483,-5,-3,-8,-3,2,-3,5,4
1533864506509483,-1,3,1,0,-3,0,-5,0
1533864506511299,-1,0,-4,-5,-8,-8,-3,-2
1533864506511299,0,-1,-2,-6,5,-7,3,-3
1533864506532243,2,-1,3,0,2,15,5,1
1533864506532243,-1,-3,0,-1,3,-2,2,-3
1533864506533240,-2,-1,0,-1,5,3,2,2
1533864506533240,-1,1,-10,-2,-8,-4,-13,-2
1533864506547206,0,-1,2,-4,7,-10,-4,-2
1533864506547206,0,0,0,1,-10,2,6,1
1533864506548200,-1,-3,5,3,12,6,-3,0
1533864506548200,0,0,-4,1,2,5,6,2
1533864506569143,0,5,-32,-5,-11,-13,-7,-5
1533864506569143,0,-11,20,7,9,-7,-11,-4
1533864506571138,-3,2,22,-8,-8,-8,6,-2
1533864506571138,0,4,11,-3,-3,8,8,8
1533864506583107,-2,2,16,4,-8,-2,-6,1
1533864506583107,-2,4,-1,10,-9,0,2,0
1533864506592083,-1,-5,-12,0,7,0,-9,-4
1533864506592083,-1,-3,3,-4,2,-12,-9,-9
1533864506607046,1,-1,4,-1,2,4,12,0
1533864506607046,0,2,-14,2,10,10,-7,-1
1533864506608040,-2,0,-6,-2,-8,-2,1,2
1533864506608040,1,1,29,0,-8,0,-4,4
1533864506628985,-6,-22,-32,-9,-6,-13,-11,-5
1533864506628985,-3,-2,-44,-15,-10,-6,0,-4
1533864506630979,2,0,98,10,3,2,-2,-1
1533864506630979,-4,0,13,-5,-11,-3,1,-2
1533864506642951,-3,11,-16,-1,-3,1,1,0
1533864506642951,1,-10,22,2,1,0,4,1
1533864506651922,1,3,44,4,-2,-1,1,2
1533864506651922,-3,-5,-25,-3,-1,-4,-2,-4
1533864506666886,0,-6,-3,2,6,-5,-9,-5
1533864506666886,0,10,-15,-1,-5,2,10,2
1533864506668878,-1,1,-49,-1,3,5,0,2
1533864506668878,-3,0,4,9,-1,3,-2,-1
1533864506689827,-1,1,15,-3,-12,1,-1,-1
1533864506689827,-4,-2,-1,-4,-5,-10,-6,-10
1533864506690820,1,-2,-27,-4,3,-4,-1,-1
1533864506690820,-1,-3,-7,-1,8,4,0,1
1533864506702805,2,1,-9,6,16,3,7,5
1533864506702805,2,7,44,2,-4,3,1,1
1533864506711767,-4,-4,-20,-5,-10,-1,-1,-4
1533864506711767,-3,1,-15,-6,7,-2,-5,-5
1533864506726727,1,1,14,2,-2,-7,-2,-5
1533864506726727,-1,-2,-3,-3,3,0,1,3
1533864506728719,-3,-3,-18,0,-14,-4,-7,-3
1533864506728719,1,-2,1,-1,10,3,2,0
1533864506749870,2,0,3,-5,-14,-3,1,-3
1533864506749870,-4,-4,-7,0,2,2,0,-4
1533864506750658,-3,0,-22,-2,1,-1,3,1
1533864506750658,-2,-2,-33,3,6,2,0,-1
1533864506762643,1,24,-84,-14,-5,-7,-9,-4
1533864506762643,2,-7,-12,16,9,1,1,3
1533864506771611,1,17,75,12,4,0,-2,-1
1533864506771611,0,-20,45,5,-9,1,2,3
1533864506786596,-5,-3,-77,-3,-1,-3,-2,5
1533864506786596,-5,4,53,-7,-5,-3,-3,-4
1533864506793550,-3,-17,6,-1,-3,-1,2,-4
1533864506793550,0,5,-2,0,0,1,7,-2
1533864506809502,-1,-3,44,3,-6,-4,-6,4
1533864506809502,-3,-5,-47,1,-5,2,3,2
1533864506810505,0,-7,-36,-9,13,-3,-5,-4
1533864506810505,2,3,-5,-4,-6,-5,-2,-3
1533864506823464,-3,-9,14,-3,-5,-4,3,-9
1533864506823464,-1,0,-16,0,-4,-2,-5,2
1533864506832440,-1,1,-27,-7,-5,-3,-4,1
1533864506832440,1,3,-20,-4,-11,-4,-2,2
1533864506846406,1,-1,25,5,2,2,-3,-3
1533864506846406,-4,-1,3,-8,6,-3,-1,-6
1533864506853384,-1,0,-43,1,-4,2,-2,4
1533864506853384,3,7,44,14,8,0,2,1
1533864506869530,-4,-3,23,-8,-13,2,6,1
1533864506869530,-1,-8,-6,-5,-2,-8,-4,-4
1533864506871336,0,-3,-15,-2,-4,-6,-4,-3
1533864506871336,-3,-4,-26,1,4,5,-2,0
1533864506883308,2,-4,11,5,1,1,-4,0
1533864506883308,0,1,-16,-4,2,-3,-1,3
1533864506892279,3,21,70,3,0,3,-2,-1
1533864506892279,-6,-15,-11,2,-7,-7,-3,-10
1533864506906369,-1,-4,10,2,10,9,9,2
1533864506906369,2,-2,-4,1,-6,-5,-13,2
1533864506913227,-1,-4,-28,3,6,5,8,1
1533864506913227,-2,13,-9,-17,-6,-6,-5,-2
1533864506929198,-3,-14,-23,-1,-1,1,4,-4
1533864506929198,-3,1,27,12,7,-3,1,-7
1533864506931176,-4,-8,-18,-4,-34,0,0,-1
1533864506931176,-1,2,1,6,29,-3,-8,-2
1533864506943356,0,-2,-14,-11,-26,9,7,4
1533864506943356,-2,1,-11,-11,-8,-4,0,-1
1533864506952120,-4,-5,-13,-7,8,-3,1,-4
1533864506952120,0,5,-8,-10,-9,-6,-2,1
1533864506967083,1,-5,35,3,15,-4,-6,-3
1533864506967083,0,-1,8,0,-9,-4,-3,-8
1533864506973083,4,0,5,-6,22,5,-4,5
1533864506973083,1,1,-8,-4,-15,-5,-6,1
1533864506990018,-5,-4,-11,14,9,-4,-4,-1
1533864506990018,-4,-3,-19,-1,-21,-4,3,0
1533864506991016,-2,-8,-24,2,0,-3,-3,-5
1533864506991016,-2,-1,0,3,-3,1,0,-1
1533864507003188,1,2,9,2,-1,2,-2,-3
1533864507003188,1,0,2,-3,0,-6,-2,1
1533864507011959,-1,-1,-13,0,2,7,2,-1
1533864507011959,0,-4,-5,-2,-6,1,0,0
1533864507026137,2,4,14,-5,-2,-6,-1,-2
1533864507026137,1,0,-14,3,8,-1,-2,-2
1533864507033118,-3,-3,-2,-8,-27,-4,1,-2
1533864507033118,-2,-1,0,-5,17,4,-1,0
1533864507049859,-3,-1,-3,-6,7,-4,-8,-4
1533864507049859,0,0,-2,0,-4,1,7,3
1533864507050856,-1,0,0,0,-6,-2,-1,1
1533864507050856,-2,-4,-2,-2,-5,-1,4,-1
1533864507072012,-1,-2,0,-7,-4,-5,-2,0
1533864507072012,-1,-4,-5,-6,9,0,-4,-3
1533864507073794,1,-3,-4,6,4,-3,-2,-5
1533864507073794,0,-1,-6,-2,-7,2,1,0
1533864507085763,-1,2,2,-3,-1,-1,-1,1
1533864507085763,-2,-2,-10,-4,-8,1,0,2
1533864507094744,-3,0,-4,-2,-2,-7,-2,-1
1533864507094744,-4,-5,-7,0,14,0,-1,-3
1533864507109703,2,1,-1,4,10,9,-4,4
1533864507109703,0,-2,4,-1,-3,2,-1,-1
1533864507110696,-4,1,0,0,2,-3,-4,-4
1533864507110696,-1,-2,-15,-1,0,-5,2,-3
1533864507131640,-3,1,8,0,-3,-3,2,-4
1533864507131640,-4,2,-3,-2,-1,1,0,-2
1533864507133634,1,-2,2,-2,3,-4,-7,0
1533864507133634,-1,-1,0,2,-1,1,2,4
1533864507145678,-2,0,-4,4,3,6,-6,-1
1533864507145678,-3,0,1,-5,-10,-2,0,1
1533864507154579,-2,-5,-10,-3,-5,-1,1,-4
1533864507154579,1,-1,4,5,0,1,-4,-1
1533864507169538,-1,-2,1,2,-6,-8,-2,-5
1533864507169538,2,0,0,1,8,4,-3,0
1533864507170536,1,0,1,5,26,7,7,3
1533864507170536,-3,-2,2,-10,-30,-9,-3,-1
1533864507191907,-2,0,2,4,12,-2,0,-4
1533864507191907,-5,-5,-4,-1,2,-3,-4,-7
1533864507193700,0,-3,-7,-7,-1,-8,-3,-1
1533864507193700,4,3,2,4,7,9,2,5
1533864507206819,-1,0,-3,-1,-1,-2,1,-1
1533864507206819,-2,-3,-2,-1,-14,-3,1,0
1533864507212648,-3,-2,0,-2,-3,-1,-1,-3
1533864507212648,2,-1,0,-1,-2,-5,-7,-5
1533864507229603,-1,-1,1,-6,-14,3,-2,3
1533864507229603,-1,0,3,-2,6,0,0,3
1533864507230604,-3,-2,-1,3,-3,-3,-1,-1
1533864507230604,-3,-3,-3,-2,-1,-4,0,-5
1533864507251547,-4,0,-3,0,-9,-4,2,-3
1533864507251547,1,0,-3,-5,-2,-9,-3,-1
1533864507253539,0,1,0,-1,-4,3,-1,2
1533864507253539,-2,-1,0,0,-6,1,0,-1
1533864507266507,0,-3,0,0,0,-8,-1,-1
1533864507266507,0,0,-3,2,1,0,1,-3
1533864507273488,-2,0,0,1,5,-2,0,0
1533864507273488,-2,-3,-2,-7,-14,-3,-2,-3
1533864507289442,1,0,2,2,-2,0,3,1
1533864507289442,2,2,0,-1,3,4,2,3
1533864507290440,-2,-5,-7,-4,1,-6,-5,-1
1533864507290440,-4,-3,0,8,4,-4,-4,-2
1533864507312381,-2,-2,-5,-4,5,0,1,-1
1533864507312381,-1,1,1,-8,-22,-2,-2,-1
1533864507313380,0,0,2,4,-14,4,1,-3
1533864507313380,2,-1,-2,-9,22,5,1,-1
1533864507326347,0,-2,0,1,-6,-6,-4,-1
1533864507326347,-2,0,-3,2,14,1,-1,-4
1533864507333574,4,-2,-4,-6,11,-4,-5,-4
1533864507333574,1,2,1,2,-1,11,11,8
1533864507349286,-5,0,-1,1,-15,-8,-4,1
1533864507349286,-4,-2,0,1,-13,6,2,-2
1533864507351277,-3,-2,-1,2,5,-7,-3,-5
1533864507351277,-1,0,-2,-6,-9,-6,-7,-3
1533864507372223,4,0,-2,-11,15,1,0,0
1533864507372223,-3,-2,-2,7,-4,-10,-1,1
1533864507373222,-3,-1,-2,-5,-20,10,3,1
1533864507373222,-3,0,4,5,2,-4,-2,-2
1533864507385196,1,1,2,2,2,1,-2,-2
1533864507385196,0,-1,-2,-5,1,-4,-3,0
1533864507394189,1,-1,-3,-2,1,1,0,-1
1533864507394189,-1,-2,-1,8,18,-8,-4,-3
1533864507409126,-2,-1,-3,3,19,6,2,1
1533864507409126,-4,-3,-1,2,-24,-3,-4,-1
1533864507411118,-2,0,0,-4,-19,-4,0,1
1533864507411118,0,0,0,3,2,0,-2,-3
1533864507432065,1,-2,0,-5,9,-10,-7,-6
1533864507432065,5,2,1,10,52,25,10,2
1533864507433059,-7,0,0,-15,-31,-18,-1,1
1533864507433059,-1,-2,-1,6,-11,2,-4,-2
1533864507446234,0,-2,-3,-2,30,-1,-1,0
1533864507446234,-6,-1,-3,-19,-77,-13,-5,-2
1533864507453155,2,1,2,6,36,5,2,-2
1533864507453155,-1,-1,-2,-4,-8,0,1,0
1533864507470004,1,-2,-4,3,12,3,-2,0
1533864507470004,2,-1,3,10,30,-1,2,-1
1533864507470957,-2,0,0,-3,-17,2,-1,-1
1533864507470957,-3,4,-5,-5,-5,-3,-2,-1
1533864507491905,-1,-14,1,0,-13,1,3,0
1533864507491905,-1,-3,0,-2,7,-3,-3,-1
1533864507493903,0,7,-24,-13,-17,-6,-3,-3
1533864507493903,1,1,-52,-14,-1,-4,-5,-2
1533864507506010,-2,-11,-52,-1,-13,3,4,0
1533864507506010,-2,-11,-28,-3,2,1,1,1
1533864507520824,1,7,28,3,-2,-2,-2,2
1533864507520824,1,6,12,11,8,2,1,1
1533864507529803,-4,-2,-20,-4,-15,-3,-3,-1
1533864507529803,-2,-4,83,10,4,-1,1,3
1533864507530808,1,0,46,9,9,1,0,-1
1533864507530808,-5,-5,-6,-8,-3,2,0,-2
1533864507551741,-2,5,22,7,-17,-1,0,1
1533864507551741,0,6,-18,-3,3,-4,-4,-3
1533864507553736,0,-1,-16,-6,2,1,-2,-1
1533864507553736,-5,-3,18,-6,-9,-4,-3,-2
1533864507565707,11,7,3,-1,-5,1,-1,1
1533864507565707,-3,-1,-24,-7,1,-2,-3,-8
1533864507574680,-6,-4,-18,1,7,0,0,-1
1533864507574680,0,-7,-25,-2,1,0,1,-1
1533864507589643,0,6,52,0,-5,0,1,0
1533864507589643,-2,5,-5,0,2,0,0,1
1533864507590637,3,-8,12,6,1,-3,2,1
1533864507590637,-3,8,43,4,3,-3,-4,-3
1533864507611587,-5,-5,-20,-5,-7,0,-2,-2
1533864507611587,1,-21,-50,-13,1,-1,0,-1
1533864507613577,-3,0,-14,4,-2,-2,-3,-2
1533864507613577,2,-4,38,2,-2,-2,0,1
1533864507625547,-2,2,-11,-4,-4,1,-1,0
1533864507625547,-2,2,1,4,-1,-2,-1,-2
1533864507634520,-4,-12,-109,-15,-3,-1,-2,-4
1533864507634520,3,0,57,5,3,0,-2,0
1533864507649480,-1,7,6,-2,-5,-5,0,-1
1533864507649480,-2,0,17,-3,-1,1,0,1
1533864507651487,-2,0,-4,1,-19,-4,-2,-1
1533864507651487,0,0,-28,-7,-8,-5,-2,-2
1533864507672421,-1,-5,-3,4,5,4,-4,-3
1533864507672421,-1,3,-4,-4,5,-4,-1,-2
1533864507673416,2,0,6,1,7,1,1,-1
1533864507673416,3,-4,37,1,-8,2,3,1
1533864507685387,-1,0,18,-4,7,-3,3,0
1533864507685387,-2,1,-9,-1,-11,-3,-4,0
1533864507694360,-2,-2,23,1,11,-1,-1,-1
1533864507694360,-2,1,-40,-5,0,-3,-2,-2
1533864507709324,-3,-11,-3,4,-2,0,-1,-3
1533864507709324,1,3,10,0,-4,2,-4,-2
1533864507711315,1,8,30,1,3,0,1,0
1533864507711315,-4,-11,-21,3,0,-2,-2,-2
1533864507732268,-4,2,-27,-7,-5,-1,-3,0
1533864507732268,-1,-3,3,-5,0,-1,-3,-2
1533864507733256,-2,-1,9,4,-5,0,-3,-2
1533864507733256,1,0,-16,1,15,2,1,0
1533864507746220,-3,0,0,-6,-12,-5,-1,0
1533864507746220,0,3,-6,-3,-6,-2,3,-1
1533864507754200,-5,-5,-8,-6,5,-4,-5,-2
1533864507754200,-4,-4,-8,-1,-11,-4,-4,-2
1533864507769293,2,-1,-6,0,-9,-2,-2,-1
1533864507769293,1,1,2,-2,13,5,-1,-2
1533864507776162,4,-2,11,0,-7,-1,2,0
1533864507776162,-1,-2,-11,-5,6,1,0,-2
1533864507792098,-3,-1,6,2,-13,-3,-3,-3
1533864507792098,-4,-2,2,2,4,0,-1,-1
1533864507798082,-4,-2,4,3,-2,-3,-1,-1
1533864507798082,-4,-2,-9,2,16,2,0,-1
1533864507805064,-4,1,-1,-9,-10,-2,0,-1
1533864507805064,-5,-1,4,3,-2,-1,0,0
1533864507814039,-3,-6,-7,-2,-6,-3,-2,-2
1533864507814039,6,1,-5,3,-6,2,1,-1
1533864507829000,7,2,5,-13,1,2,-1,-3
1533864507829000,3,-1,-8,-7,-7,-2,-1,-1
1533864507835984,1,-1,6,1,-3,5,1,2
1533864507835984,-4,-2,-4,4,-1,-2,-3,-1
1533864507851954,-2,0,2,9,4,0,-2,-1
1533864507851954,2,-1,0,-2,-3,-4,1,0
1533864507853933,-4,-5,-10,-17,-5,-6,-2,-2
1533864507853933,1,5,-3,-1,-7,0,-3,-1
1533864507865904,-3,-19,4,2,3,-3,-2,0
1533864507865904,-1,-1,0,2,1,-3,-1,1
1533864507874877,0,5,-45,2,3,1,1,0
1533864507874877,-1,-12,29,-2,1,1,2,2
1533864507888843,-1,6,-1,-3,3,-3,-3,-5
1533864507888843,-7,-6,-7,4,-8,-5,-7,-5
1533864507895822,1,-1,2,6,13,5,0,-2
1533864507895822,-3,1,-18,-5,-15,-7,0,-2
1533864507911778,-1,1,-4,5,4,1,0,-1
1533864507911778,2,-1,6,-4,2,1,1,0
1533864507913772,-1,0,11,-1,2,3,1,-1
1533864507913772,0,1,-5,0,-11,-2,-3,-1
1533864507925741,1,1,9,4,10,-5,2,2
1533864507925741,2,1,-9,-5,-8,-4,0,0
1533864507934717,-1,-2,10,5,3,2,-2,-2
1533864507934717,-2,-3,-11,-11,-7,-4,-2,-1
1533864507948683,-1,2,-7,2,-3,3,2,2
1533864507948683,-1,2,6,8,9,-1,-6,-3
1533864507955664,-3,-6,-7,-17,-9,-3,1,-2
1533864507955664,1,-1,-3,9,-1,0,-2,-3
1533864507972615,-2,0,-4,-9,-2,-1,3,6
1533864507972615,-2,2,1,1,5,2,-4,-11
1533864507973613,2,0,16,-3,-6,-1,7,17
1533864507973613,-7,-2,-7,-6,2,-3,-12,-13
1533864507994558,-5,-4,-14,-15,-10,-5,-1,-1
1533864507994558,-1,-1,6,5,-3,-2,-3,-2
1533864507995576,1,2,8,-3,5,1,-2,-2
1533864507995576,0,2,-1,11,3,3,2,6
1533864508008536,-2,-2,-1,9,0,-2,-3,0
1533864508008536,-2,-3,-3,4,-8,-3,-1,1
1533864508015500,-2,-5,-4,0,-9,-5,-5,-4
1533864508015500,2,3,7,7,12,1,3,2
1533864508032459,-2,0,8,15,10,4,-5,-6
1533864508032459,-4,-2,-8,-11,2,0,1,2
1533864508033453,-3,-5,-10,-15,-14,-10,-6,-5
1533864508033453,0,-2,0,-7,-2,4,2,2
1533864508054400,-1,-1,-2,11,1,1,-1,-2
1533864508054400,0,-1,1,-6,0,0,1,1
1533864508056391,1,2,-23,19,9,0,-1,-6
1533864508056391,-3,-2,6,-12,-4,-1,0,6
1533864508077336,-2,0,0,22,-3,-4,-4,-9
1533864508077336,0,7,-4,-20,-1,-1,-1,0
1533864508078333,-3,-9,-8,-7,-5,-2,0,-3
1533864508078333,-1,-4,-7,-46,-9,-6,-1,-2
1533864508092299,1,2,7,12,5,0,4,13
1533864508092299,-3,9,-7,21,3,-3,-6,-16
1533864508093300,1,1,9,-37,-7,1,-1,-1
1533864508093300,-4,-5,-15,14,-1,-1,-3,-5
1533864508114240,0,1,8,11,1,3,0,-2
1533864508114240,-1,-7,-25,-6,2,0,-2,0
1533864508116232,-3,1,19,0,-2,0,2,3
1533864508116232,-1,-3,-4,2,-2,-1,0,-4
1533864508128202,1,1,-2,-13,-8,-4,-2,-3
1533864508128202,1,-1,0,23,6,2,0,3
1533864508137176,0,4,-11,7,14,3,-1,-1
1533864508137176,2,2,8,2,3,2,3,2
1533864508152140,0,1,-3,-7,-6,-5,-1,-2
1533864508152140,-3,-10,-3,-22,-24,-10,-3,0
1533864508153158,-2,-1,2,-1,7,2,-3,-2
1533864508153158,-2,2,11,2,6,0,-2,-5
1533864508174080,0,-9,3,-4,-5,-1,-1,0
1533864508174080,2,-1,16,2,6,2,9,12
1533864508176071,-2,3,7,16,-4,-3,-7,-16
1533864508176071,0,-9,-35,4,2,1,2,0
1533864508188044,-1,0,-1,-33,-2,-3,1,-4
1533864508188044,-4,-10,-29,-1,-4,-1,-7,-5
1533864508197017,-1,3,-27,12,-2,-1,-3,-4
1533864508197017,3,0,34,3,-1,-1,3,4
1533864508211975,3,0,-1,7,-2,-3,-1,0
1533864508211975,-3,-8,-7,-45,-6,-3,1,2
1533864508212974,0,-2,3,16,4,3,2,3
1533864508212974,-2,2,-7,-2,-4,-2,-3,-5
1533864508233920,-1,-2,-5,13,-1,-1,-2,1
1533864508233920,-1,9,11,58,4,-1,-1,0
1533864508235912,-4,-9,11,-33,-6,-1,-2,1
1533864508235912,1,-1,4,2,-4,-3,2,7
1533864508247882,5,3,-3,-24,1,0,-1,-18
1533864508247882,-1,2,7,19,3,-1,-7,-7
1533864508256859,5,6,14,43,18,3,5,3
1533864508256859,-6,-8,-17,-20,-27,-4,-8,-2
1533864508271820,-9,-4,-11,-39,-3,-4,-4,-2
1533864508271820,-1,3,7,-7,5,5,1,1
1533864508273818,-1,-3,7,16,-7,-4,-2,-2
1533864508273818,1,0,-2,7,10,-2,2,0
1533864508294754,-2,0,-12,4,-5,-1,-1,3
1533864508294754,1,-1,4,-22,-3,-3,0,-1
1533864508295752,-3,-1,3,-17,-3,0,-1,5
1533864508295752,-2,9,11,39,3,0,-2,-6
1533864508307734,-4,-6,-15,-38,-15,-6,-6,-3
1533864508307734,-1,-7,0,-13,-7,-2,5,0
1533864508316699,2,0,4,3,-1,-2,0,0
1533864508316699,2,0,-11,-17,0,0,-1,1
1533864508332653,-5,5,4,33,10,2,-1,-1
1533864508332653,-2,-3,6,8,2,1,2,-2
1533864508333667,-4,-1,-2,-15,-6,-3,-3,-1
1533864508333667,0,0,4,6,2,-3,-4,-2
1533864508354597,-2,-2,2,4,2,1,0,4
1533864508354597,0,1,-2,-11,-4,-1,-3,2
1533864508355591,0,0,-2,0,-4,-2,1,-1
1533864508355591,-4,-4,-5,2,-2,-1,-3,-2
1533864508367562,0,-1,5,8,1,1,0,0
1533864508367562,-2,-1,-6,-5,-4,-3,0,-2
1533864508376538,1,-4,1,17,-9,-5,-3,-3
1533864508376538,0,1,1,-12,11,-1,-1,-1
1533864508391498,-3,-1,-1,6,-7,-1,1,-2
1533864508391498,0,-1,-2,1,-6,-1,-2,0
1533864508393494,-1,-1,1,1,12,6,1,2
1533864508393494,0,-1,2,9,-7,-7,-3,-4
1533864508414438,0,-2,-1,-13,-12,-5,-3,-1
1533864508414438,-2,-4,-5,-2,5,-6,-3,-2
1533864508416433,-2,-2,-3,-6,10,12,3,-2
1533864508416433,-2,1,-4,-1,1,4,-1,1
1533864508429399,2,2,1,3,0,3,3,2
1533864508429399,-1,0,6,6,-6,-4,-1,1
1533864508435382,-3,-5,-5,-11,-8,-17,-7,-6
1533864508435382,-3,-8,-23,-8,1,-4,-5,-4
1533864508452353,1,-1,4,1,1,2,-1,1
1533864508452353,3,4,4,2,2,6,5,4
1533864508453330,-2,2,4,-11,0,1,5,0
1533864508453330,-2,1,-2,5,-1,1,5,-2
1533864508474479,-1,-4,-7,5,4,-5,-9,-2
1533864508474479,-2,-2,-4,-6,-9,-2,-4,0
1533864508476273,-3,-5,-17,-18,-10,-4,-3,-1
1533864508476273,-1,-1,8,1,-6,-3,-1,-3
1533864508488240,-2,-1,3,1,2,1,1,-1
1533864508488240,0,0,2,-11,9,-2,-2,-3
1533864508497229,-2,-1,3,6,-9,-4,-2,2
1533864508497229,-1,0,2,-9,3,1,-2,-5
1533864508512178,-1,-1,-1,-1,-3,0,0,-3
1533864508512178,3,1,0,-1,15,10,2,1
1533864508513180,-2,-5,-3,-5,-17,-6,-6,-2
1533864508513180,-1,-3,1,-8,-4,-8,-6,-6
1533864508534114,3,3,3,3,6,3,-1,0
1533864508534114,0,1,1,3,-5,6,14,5
1533864508536109,1,5,6,7,10,5,5,5
1533864508536109,-1,-2,1,6,-5,2,1,2
1533864508548079,-7,-6,-7,-6,-5,-5,-4,-5
1533864508548079,-2,-1,-1,-2,-1,-12,-7,-7
1533864508557052,2,-1,0,3,5,6,-1,-3
1533864508557052,-1,-1,0,-1,-2,-2,-2,-1
1533864508572012,0,-1,-2,0,3,-6,0,-1
1533864508572012,-2,-1,0,10,3,3,-3,-2
1533864508573010,-2,1,-1,-5,-5,-4,-4,-4
1533864508573010,0,1,-1,1,4,-1,2,4
1533864508594953,-2,-1,-3,-9,-9,-6,1,-1
1533864508594953,-4,-3,0,8,-10,-3,0,-1
1533864508595949,3,0,3,-5,9,9,-1,0
1533864508595949,-1,0,-2,-7,-11,-4,6,-1
1533864508607916,-3,-3,0,5,-2,-3,-5,-2
1533864508607916,-3,-2,-3,-6,-3,-9,-9,-5
1533864508616893,-1,1,2,1,-2,0,6,5
1533864508616893,-1,2,1,-6,-2,4,3,2
1533864508632853,0,-1,1,-1,5,1,-1,3
1533864508632853,-4,-5,-8,-9,-11,-5,-7,-5
1533864508633848,-2,-2,-1,1,4,-6,-7,-5
1533864508633848,1,-2,-4,-4,-1,3,-1,-2
1533864508654794,-2,-2,-2,1,-1,0,3,-1
1533864508654794,-3,-2,0,9,2,1,1,-1
1533864508655788,-1,-1,-2,-10,-3,-4,-2,-2
1533864508655788,0,-1,1,3,1,-2,-4,-2
1533864508667759,1,2,1,-1,-1,3,-1,0
1533864508667759,0,-3,-2,-2,0,-2,-3,-1
1533864508676731,-2,-2,-3,0,-9,-9,-6,-1
1533864508676731,0,-1,2,1,4,0,6,-1
1533864508691706,2,1,0,0,10,5,1,1
1533864508691706,0,0,-1,1,-8,0,1,-1
1533864508697687,0,0,3,3,4,-1,2,-1
1533864508697687,-3,-6,-9,-2,5,2,-6,-3
1533864508714635,-2,-5,-5,-1,-6,-10,-2,-3
1533864508714635,0,0,2,-1,-9,-2,0,2
1533864508715628,-1,0,2,8,2,3,-4,-1
1533864508715628,-2,3,3,0,5,2,2,1
1533864508727600,-3,1,-2,-4,5,1,1,-2
1533864508727600,0,-1,-2,-2,5,-2,-3,-2
1533864508742612,-1,-4,-3,4,-3,-7,-3,-3
1533864508742612,-3,-3,0,3,-2,-2,0,-4
1533864508751532,1,1,-1,-1,-7,1,-1,1
1533864508751532,0,0,1,-6,-6,0,-4,1
1533864508758513,-3,-2,-3,2,4,2,4,0
1533864508758513,-2,-3,-4,-4,-1,0,-1,-1
1533864508774474,-2,-3,-1,4,-3,-3,-1,-1
1533864508774474,-2,-2,-2,3,-2,-2,1,0
1533864508776465,-1,-1,-4,0,-2,-3,-8,-3
1533864508776465,1,2,3,-2,-5,-5,-2,-3
1533864508788437,0,0,2,-5,-4,0,3,4
1533864508788437,0,-1,-2,-6,21,6,2,0
1533864508797410,-3,-3,-2,-5,-11,-2,1,-1
1533864508797410,-1,0,-3,0,-4,-8,-7,-1
1533864508811373,1,-1,-3,-7,-1,-5,-3,-2
1533864508811373,-2,-5,-5,-7,-7,-7,-5,-4
1533864508818357,1,1,-2,-6,-11,-3,4,2
1533864508818357,-3,0,3,6,0,12,8,0
1533864508834311,-6,-1,-1,3,-7,-2,-2,-3
1533864508834311,-2,0,1,3,5,0,1,1
1533864508836305,-2,1,-1,1,1,-4,-5,-3
1533864508836305,0,-2,2,3,-4,-5,-1,2
1533864508848487,0,0,-2,2,7,2,-5,-3
1533864508848487,0,0,1,-1,-4,-2,1,-4
1533864508857268,-1,-2,-2,1,4,-3,0,-1
1533864508857268,0,0,-1,-6,-7,-4,-2,-1
1533864508871215,-1,0,2,-7,4,1,-1,-1
1533864508871215,-2,-1,-6,-5,-3,-2,-6,-5
1533864508878194,0,-3,-5,-6,-1,1,3,0
1533864508878194,-1,-2,-5,-3,-1,-2,-1,-2
1533864508894151,0,-3,-2,1,-7,-4,-4,-2
1533864508894151,1,-2,2,-10,7,5,0,5
1533864508896147,-2,0,1,-5,-4,-1,2,-2
1533864508896147,-2,-1,-1,-2,0,-2,-1,0
1533864508917093,-2,-1,-1,-2,-3,3,3,-1
1533864508917093,0,0,2,1,0,-7,-4,-3
1533864508918091,-1,-2,0,-2,6,2,-1,-1
1533864508918091,2,0,2,-8,-2,1,2,1
1533864508931052,0,-1,-1,-6,2,-1,0,1
1533864508931052,-2,1,1,2,-7,0,1,-1
1533864508946016,-2,-3,-2,-7,-4,-3,-7,-4
1533864508946016,-2,-1,-3,-2,9,-1,-3,-4
1533864508953994,-1,-2,-5,-4,-12,-8,-1,-3
1533864508953994,-1,-1,-5,-3,0,3,-1,0
1533864508955987,-1,-1,-5,2,-6,1,1,1
1533864508955987,0,2,2,-3,-3,-2,-5,-1
1533864508976929,0,-1,-4,-4,7,3,0,-1
1533864508976929,-1,1,2,4,-6,-4,-1,0
1533864508978926,-3,0,1,0,4,-1,1,-3
1533864508978926,-1,0,-1,-8,0,1,4,3
1533864508990944,-4,-3,-5,2,-4,-3,-4,-3
1533864508990944,-2,-1,-3,-4,-9,-6,1,1
1533864508998087,-1,0,5,10,10,5,4,2
1533864508998087,-2,-4,-5,1,-5,-6,-5,-2
1533864509014862,1,-1,-3,-6,-7,-2,-1,1
1533864509014862,1,-1,-2,-3,-1,-2,-3,-1
1533864509015826,0,0,-2,-6,-2,-2,-4,-1
1533864509015826,-1,0,-1,-4,-12,-4,-2,-3
1533864509036772,-4,0,3,3,-3,1,0,-1
1533864509036772,-1,-1,0,6,3,0,1,0
1533864509038764,0,-1,-4,-5,4,-1,-5,-2
1533864509038764,-1,-3,-2,-3,-2,-1,-3,-2
1533864509050735,0,-3,2,-4,6,-1,0,-1
1533864509050735,-4,-3,-2,0,-4,-3,-1,-4
1533864509059709,0,1,2,6,4,2,3,2
1533864509059709,-2,-7,-33,0,4,2,-4,-2
1533864509074702,-1,-1,1,6,-4,-3,-2,-1
1533864509074702,0,0,-1,-7,-2,3,2,-2
1533864509075686,-2,-2,5,-3,-7,-1,-2,0
1533864509075686,1,1,-13,8,5,0,0,-1
1533864509096628,-1,-6,37,0,-7,-4,-2,0
1533864509096628,-2,0,3,2,13,1,-2,0
1533864509098606,-4,0,-25,0,-12,-4,-1,-4
1533864509098606,1,0,54,13,4,-5,1,1
1533864509110606,-2,0,-6,3,-6,3,1,-2
1533864509110606,2,8,63,2,9,4,-1,1
1533864509119547,0,1,40,2,-3,-3,-2,-2
1533864509119547,-1,1,-14,-12,-2,1,-3,-1
1533864509134652,-1,1,-47,0,10,3,1,0
1533864509134652,-1,-5,25,3,-8,0,4,0
1533864509136522,-4,-3,-32,-11,-6,-2,-5,-4
1533864509136522,0,-2,-33,-1,-2,-6,-6,-3
1533864509156460,0,10,44,-1,4,-2,-1,1
1533864509156460,-4,-10,7,-11,-3,0,0,-3
1533864509158443,-2,13,-36,4,3,-2,0,-2
1533864509158443,0,-21,89,15,-5,-1,0,-1
1533864509170412,-2,5,-9,4,3,0,0,-1
1533864509170412,-2,3,-27,-1,-1,2,-1,1
1533864509187366,-3,-8,14,-10,2,0,2,2
1533864509187366,-3,7,-26,-7,-4,0,0,-2
1533864509194349,-3,-3,-26,-1,0,-4,0,-6
1533864509194349,1,-1,8,5,-7,-5,-3,-1
1533864509196343,2,-6,-12,-4,7,-1,-2,1
1533864509196343,-2,4,-14,-2,-6,2,-2,2
1533864509217290,-2,-6,9,-14,-23,-4,0,0
1533864509217290,-1,-4,-41,-5,-4,-3,-3,-5
1533864509218284,-1,-1,6,-3,-15,-2,-3,-2
1533864509218284,0,2,-2,-1,15,-2,-2,-1
1533864509231249,0,0,6,-11,-5,0,-5,3
1533864509231249,-5,1,-17,2,1,1,1,0
1533864509239228,2,0,5,7,12,2,1,0
1533864509239228,-3,-2,-17,-7,-9,-5,0,-5
1533864509254192,-2,-10,-98,-5,0,-2,-2,-2
1533864509254192,4,25,94,1,-9,-2,1,3
1533864509256182,-1,-9,40,8,11,-1,-3,1
1533864509256182,-2,-5,-22,-3,1,1,-1,3
1533864509277129,2,0,11,0,6,-3,0,0
1533864509277129,2,-2,-40,0,9,-3,-2,0
1533864509278127,-2,1,-10,-1,-13,-1,3,-1
1533864509278127,-1,2,9,-3,7,-1,-4,-3
1533864509290092,-1,3,-29,-8,-18,0,-3,-4
1533864509290092,-5,-14,-9,4,-1,1,-5,-4
1533864509299071,1,9,-18,-5,-1,-1,3,1
1533864509299071,5,-7,-23,-9,-6,6,-1,3
1533864509315025,-8,-15,-25,-13,17,-1,-4,-4
1533864509315025,1,-5,-40,10,0,-3,-2,-3
1533864509316023,6,30,127,22,30,3,2,1
1533864509316023,-8,-6,-73,-11,-18,-9,0,-5
1533864509336966,0,9,51,-12,-22,-5,0,-2
1533864509336966,-5,-10,2,4,-7,2,-2,3
1533864509338965,-4,-6,-62,-12,-11,-2,-8,-3
1533864509338965,-2,3,-15,2,-7,1,5,1
1533864509350929,4,3,33,7,29,0,0,1
1533864509350929,-1,0,-45,-6,-1,-3,-2,-6
1533864509359905,0,-9,-24,-6,0,0,-3,-2
1533864509359905,0,5,28,5,3,0,-4,-3
1533864509374892,-4,-6,-9,11,-4,4,1,-1
1533864509374892,-2,2,7,-12,-15,-5,-1,1
1533864509375864,-2,-8,-27,-5,-8,-1,-2,-3
1533864509375864,-2,1,33,12,10,-2,-2,-3
1533864509396806,0,9,-2,-3,-2,1,2,2
1533864509396806,-4,-9,-54,-7,-5,0,0,-1
1533864509398801,2,-8,-35,-10,-9,-3,-3,1
1533864509398801,0,6,32,-5,2,-2,-1,-1
1533864509410769,-2,-2,1,6,-5,-3,-1,-2
1533864509410769,-1,2,0,-1,11,3,-1,-2
1533864509419746,-3,-11,-11,-16,-20,-9,-2,-5
1533864509419746,6,12,-5,-3,14,8,7,4
1533864509434705,-1,-4,2,16,7,2,-6,1
1533864509434705,3,-1,12,5,25,-5,-1,-1
1533864509435702,-12,-12,-91,-15,-41,-8,-2,-4
1533864509435702,-4,-7,3,-1,-19,-3,-4,-4
1533864509456646,4,5,41,1,4,2,4,-1
1533864509456646,-4,2,-17,-3,0,-4,-3,-1
1533864509458641,2,-4,35,8,16,1,-1,-1
1533864509458641,-7,4,-70,-6,-12,-8,-2,-2
1533864509470610,5,-6,87,16,14,11,5,4
1533864509470610,1,5,36,-3,-10,-1,3,1
1533864509479586,1,2,36,9,11,-2,-1,0
1533864509479586,-2,-6,8,-1,-8,-2,-2,-4
1533864509494545,-2,-4,-46,-7,-4,-8,3,-1
1533864509494545,2,-3,-20,-4,-28,6,-6,3
1533864509495557,2,4,24,-8,16,6,1,-2
1533864509495557,1,-4,13,15,0,1,-4,-1
1533864509516504,-7,-5,-32,-1,-10,-10,-3,-6
1533864509516504,-2,-8,4,-8,-2,-4,2,0
1533864509518481,-1,-1,-7,7,-4,-4,-2,0
1533864509518481,1,1,12,-8,6,-1,0,-2
1533864509530452,2,0,-9,-4,-2,-4,-4,-4
1533864509530452,-4,-2,2,5,-11,-4,0,2
1533864509539425,2,-2,4,4,10,10,2,1
1533864509539425,-2,-2,-6,2,-2,-5,-3,-2
1533864509554388,-3,-11,1,-4,-12,-4,-6,0
1533864509554388,-3,-4,-1,4,8,-4,-4,-5
1533864509556380,-1,1,4,-6,-4,-3,-1,-1
1533864509556380,-1,-4,15,1,5,4,1,2
1533864509577333,-4,8,-88,-6,-2,-1,-4,-4
1533864509577333,8,0,97,15,1,3,3,5
1533864509578324,-6,-6,-21,2,-10,1,1,0
1533864509578324,0,6,6,-4,0,3,-2,-2
1533864509590289,3,-1,-2,-11,5,-2,-4,0
1533864509590289,-1,-1,-33,7,9,2,-4,-3
1533864509599265,-1,4,-19,-7,2,0,-1,1
1533864509599265,2,-6,21,-2,6,-1,4,-1
1533864509614225,-4,-3,5,-5,-9,1,1,-4
1533864509614225,-3,-3,-20,-2,0,-2,0,0
1533864509616219,2,2,26,10,14,-5,-3,4
1533864509616219,-5,-4,-27,-12,4,0,-3,-5
1533864509637197,-4,-2,2,-1,-2,-3,-2,0
1533864509637197,-3,-2,-4,-7,-8,-7,-5,-4
1533864509638176,-2,-2,-10,-1,-4,1,1,-2
1533864509638176,0,-2,4,-4,-6,-7,-1,1
1533864509650184,2,-1,27,15,9,1,0,-2
1533864509650184,1,1,0,-18,6,-2,-1,-1
1533864509659105,0,5,13,-1,-29,-2,0,-2
1533864509659105,-2,9,-10,-5,11,-2,-5,-4
1533864509674110,-2,-1,-36,-5,-1,-3,-2,-2
1533864509674110,-2,-16,16,9,9,5,6,4
1533864509680083,-2,-2,-13,-9,-12,-2,-4,-4
1533864509680083,-4,-13,-33,6,-6,0,0,1
1533864509697003,0,3,68,7,6,2,0,1
1533864509697003,-3,1,-20,-8,-2,-6,-5,-4
1533864509698000,1,-4,-16,-10,1,-3,0,-2
1533864509698000,0,-2,-11,-1,-3,5,1,4
1533864509710967,-1,-1,-14,-2,0,-1,-1,-1
1533864509710967,2,-1,-11,-12,-10,-3,0,-3
1533864509719963,0,2,37,7,2,-1,-1,-1
1533864509719963,1,-1,9,15,1,-3,-1,0
1533864509733909,-3,-6,8,0,10,1,2,1
1533864509733909,0,6,1,-19,-6,-2,-3,0
1533864509740886,-1,-2,-25,5,1,-2,-2,0
1533864509740886,-1,-2,13,5,27,6,-1,-2
1533864509756843,-2,15,-4,-10,-28,-3,-3,-3
1533864509756843,1,-20,20,17,2,2,2,2
1533864509758845,-5,-9,-6,-6,-15,-3,2,-1
1533864509758845,2,-6,-15,-2,2,-3,0,-1
1533864509770809,1,-3,30,5,13,1,-1,0
1533864509770809,-3,12,-10,-9,-20,0,-3,-3
1533864509779784,-1,-2,3,6,22,4,0,1
1533864509779784,-4,-2,8,-5,-17,-5,1,1
1533864509793746,1,-3,-36,-9,5,2,1,0
1533864509793746,-3,-3,-83,-6,-2,-5,-3,-5
1533864509800727,1,2,36,6,26,8,0,3
1533864509800727,-3,0,-24,-12,-20,-6,-3,-2
1533864509816684,3,3,33,9,6,2,1,2
1533864509816684,-3,-4,-33,-4,-3,2,-3,-3
1533864509818679,0,5,35,-5,-7,-4,0,-2
1533864509818679,2,3,1,6,2,2,1,-2
1533864509830649,-4,-6,-10,7,-10,-3,-5,-1
1533864509830649,2,9,-3,-2,15,0,2,0
1533864509839622,-1,-13,53,11,4,-7,-5,-2
1533864509839622,2,4,14,-12,-19,6,3,2
1533864509853595,-5,-16,-9,-5,-12,-4,-1,-2
1533864509853595,0,6,19,4,15,0,-1,1
1533864509860567,0,-2,-45,-12,-12,-1,-2,-1
1533864509860567,1,5,29,8,-3,-3,-2,1
1533864509876524,-2,2,-15,-6,9,-1,-3,-3
1533864509876524,0,2,5,1,0,1,4,2
1533864509878517,-3,-2,-28,-4,1,1,-3,-2
1533864509878517,-2,-5,7,2,2,-3,-1,-2
1533864509899465,-3,3,-68,-4,-7,0,-3,-4
1533864509899465,-3,-18,82,1,-4,-5,-4,1
1533864509901457,-3,-5,-16,3,-8,-3,-1,-2
1533864509901457,-3,0,-5,-3,-5,-3,-4,-2
1533864509913428,-1,-1,-5,0,-4,-5,-5,-2
1533864509913428,2,6,-12,5,26,3,2,-2
1533864509920409,-2,4,-1,-4,-32,-1,3,-2
1533864509920409,-2,-6,5,0,9,0,-1,-1
1533864509937364,2,1,16,-13,-6,3,1,3
1533864509937364,-3,-2,-11,-11,-32,-6,-4,-3
1533864509938360,0,-1,-5,8,18,2,0,0
1533864509938360,-3,-2,1,-3,-12,-9,-5,-3
1533864509959305,-2,-4,5,4,-1,-2,1,-1
1533864509959305,0,6,-7,0,-5,-5,-1,-2
1533864509961321,-2,-14,-22,6,5,0,3,0
1533864509961321,3,-6,25,6,6,5,2,2
1533864509974265,0,-3,2,-2,4,-3,-4,-1
1533864509974265,-3,-1,-2,-3,-17,1,0,0
1533864509980250,0,4,-5,-1,11,-6,-3,-2
1533864509980250,-4,-17,-89,-20,-11,-5,-4,-6
1533864509997204,-3,3,33,2,-9,0,2,2
1533864509997204,-2,0,-18,-2,6,-2,-2,-3
1533864509998198,-1,0,4,5,-2,-1,-3,-4
1533864509998198,-2,4,-17,-8,-3,1,-5,-2
1533864510019143,0,-1,-10,0,1,1,-2,-2
1533864510019143,-1,-4,-10,-1,15,-2,0,-1
1533864510021137,-1,16,-25,-8,-12,2,-2,-4
1533864510021137,-1,-16,40,17,8,-3,2,0
1533864510033285,2,2,4,-1,5,4,0,-1
1533864510033285,-5,-4,6,6,-4,-7,-4,-3
1533864510042086,-5,-8,-15,-14,-13,-3,-4,-2
1533864510042086,0,9,3,1,15,4,0,0
1533864510057044,-2,0,12,-3,6,-1,1,-1
1533864510057044,1,-3,-12,2,0,2,0,-2
1533864510059035,-1,1,-2,-2,-1,-4,-1,0
1533864510059035,-1,10,-9,-5,-15,-8,-4,-3
1533864510079982,-2,-16,-10,6,17,0,1,0
1533864510079982,4,10,61,3,0,5,3,3
1533864510080977,-4,-6,-46,-3,-5,-1,0,-2
1533864510080977,-5,5,10,-7,-7,-4,-3,-1
1533864510092946,3,20,46,11,0,-3,-2,-2
1533864510092946,-1,-17,-111,-6,-4,-4,-6,-5
1533864510101921,1,0,67,-3,4,5,2,3
1533864510101921,-3,-7,-14,1,9,1,0,0
1533864510116884,-4,0,-28,-6,-18,-4,-1,-2
1533864510116884,-3,1,-37,-6,2,7,-1,-4
1533864510118892,6,15,92,11,-13,-6,-2,2
1533864510118892,-1,-1,42,4,1,-1,1,1
1533864510139819,-3,-5,5,-1,-4,-4,-2,0
1533864510139819,0,7,39,8,3,0,0,1
1533864510140816,-2,-6,-33,-2,19,-3,-4,-1
1533864510140816,2,3,-2,-8,-7,4,0,0
1533864510153807,-3,-6,-11,-5,-21,-5,-4,-3
1533864510153807,-3,5,5,-2,-2,1,-1,-1
1533864510161761,-1,-4,-21,-1,-1,0,0,-1
1533864510161761,-2,-6,-4,2,2,-3,-2,-2
1533864510176720,1,3,-24,-3,8,2,1,-1
1533864510176720,-1,-3,-5,-5,-1,-2,0,0
1533864510178716,-3,-3,-4,1,-6,-2,0,-1
1533864510178716,1,10,4,-5,3,-1,0,-1
1533864510199662,-3,-9,-41,-6,-8,-2,-2,-4
1533864510199662,-6,-6,-44,-9,0,2,-3,-2
1533864510200657,3,-4,45,5,12,2,-1,2
1533864510200657,-4,-11,-49,0,-5,-1,0,1
1533864510212632,1,18,60,3,0,1,0,-3
1533864510212632,-2,-5,34,1,-4,-6,-1,-1
1533864510221803,0,-1,-19,-8,0,0,-1,-1
1533864510221803,-3,1,-60,-13,-11,-7,-4,-4
1533864510236766,-3,-5,-53,-7,1,-2,-1,-3
1533864510236766,-1,-5,14,2,-4,-1,1,-1
1533864510238556,-3,-4,-1,7,-2,-2,1,-1
1533864510238556,1,7,32,-2,-5,-6,-3,-3
1533864510259499,-1,-7,-79,-2,5,1,-1,-1
1533864510259499,1,-18,86,10,-1,3,3,4
1533864510260497,-8,-13,-34,-12,-8,-4,-5,-4
1533864510260497,0,1,13,8,5,5,3,2
1533864510273530,3,11,68,3,3,-3,-5,0
1533864510273530,-1,5,-18,-3,15,-1,0,-2
1533864510282517,-3,0,-25,-2,-12,-2,-1,-1
1533864510282517,0,-4,57,-2,-16,3,2,2
1533864510297466,0,4,3,-3,3,0,0,1
1533864510297466,-2,-2,-5,1,-5,-4,-5,0
1533864510298461,-1,5,4,-2,7,1,-1,-2
1533864510298461,-2,-11,-62,-8,0,-3,-3,-5
1533864510318406,-2,10,32,1,-10,-5,-1,-2
1533864510318406,2,4,32,2,3,-1,-1,0
1533864510319404,0,-1,-21,-7,4,1,0,-2
1533864510319404,0,9,-27,5,-2,-4,-6,-4
1533864510341348,1,-34,-19,6,18,2,0,3
1533864510341348,-4,-1,-49,-22,-22,-3,-2,-3
1533864510342342,1,0,-3,0,-5,0,0,1
1533864510342342,-3,-5,18,7,2,7,4,2
1533864510355311,-1,6,-12,1,-2,-1,-1,1
1533864510355311,-1,-2,-28,-1,3,-1,-2,-2
1533864510364287,3,-13,27,-5,-2,0,-2,1
1533864510364287,0,5,-66,-9,4,-4,-2,-3
1533864510379247,0,-4,84,6,4,1,-2,3
1533864510379247,-4,2,-2,5,-6,0,1,0
1533864510379247,-4,2,-16,-5,-4,-3,-2,-3
1533864510379247,-1,-3,11,1,4,0,1,0
1533864510401400,-2,-6,-13,-6,-5,-5,0,-3
1533864510401400,0,6,-3,-7,-8,-5,0,-2
1533864510402183,-1,2,10,0,9,-1,-1,-1
1533864510402183,-1,-5,3,3,10,-1,-2,-2
1533864510416149,-1,11,42,-9,-41,-3,0,0
1533864510416149,-1,-2,24,6,0,0,0,1
1533864510417142,-1,3,-21,-2,2,-1,-3,-3
1533864510417142,-2,-6,8,4,4,-1,0,0
1533864510439087,-3,0,0,4,9,-1,-1,-2
1533864510439087,1,9,-26,-3,-3,-2,-1,-3
1533864510439087,-1,-5,-58,3,1,-3,-1,-1
1533864510439087,-1,2,36,-3,-1,4,2,0
1533864510461025,-1,-1,-19,2,3,0,0,-1
1533864510461025,-1,2,10,-1,-3,-3,-2,-1
1533864510462023,-4,-3,-14,0,1,1,-2,-2
1533864510462023,3,2,18,-3,-4,-2,-1,-1
1533864510475988,-2,-8,-28,-6,-1,-2,-3,-2
1533864510475988,0,-2,-11,7,4,1,0,1
1533864510476982,2,5,13,-3,-1,-4,-1,-2
1533864510476982,-2,-2,12,0,-3,-4,-3,-1
1533864510498943,-2,-1,-7,-7,2,-2,-1,-1
1533864510498943,0,-2,-9,-3,14,0,-1,-1
1533864510499920,-1,-2,21,4,-5,0,1,1
1533864510499920,0,-6,11,0,-8,1,1,-2
1533864510521862,-2,-4,-23,0,4,1,-1,-1
1533864510521862,-3,-2,7,3,0,0,-5,-1
1533864510521862,-1,-1,12,0,1,-2,2,-1
1533864510521862,-4,-1,5,3,8,-3,-1,-1
1533864510535828,-2,-3,-11,-7,-10,0,-1,-2
1533864510535828,-3,-2,1,-3,0,-1,-2,1
1533864510536822,0,0,9,3,-1,-3,1,0
1533864510536822,2,1,2,0,3,-2,-1,-1
1533864510558779,3,-2,-23,-1,1,1,0,-2
1533864510558779,2,3,45,5,-8,-1,1,0
1533864510559762,-1,1,-3,-6,-6,1,-1,1
1533864510559762,-1,0,1,3,-5,-3,-5,-1
1533864510581706,-3,-2,-4,-11,0,-2,0,1
1533864510581706,0,0,-13,1,-5,-1,0,-2
1533864510581706,-1,-2,2,9,3,0,-2,-2
1533864510581706,-3,0,8,3,-1,-1,-2,-1
1533864510596662,-4,-4,-2,1,1,0,-4,-2
1533864510596662,-4,-3,-13,-4,0,-3,-2,-1
1533864510596662,-2,-1,5,1,2,-2,-1,-1
1533864510596662,-2,-1,-1,-5,-7,0,-2,1
1533864510618604,0,-2,1,8,-1,1,1,-1
1533864510618604,-2,-4,-2,1,2,-2,1,-2
1533864510619604,0,-1,-3,-4,-5,-1,-1,-2
1533864510619604,-2,-3,-5,-8,-2,-3,-1,-3
1533864510641545,-3,1,1,4,4,1,1,-1
1533864510641545,-1,-3,-6,-7,2,-3,-5,-2
1533864510641545,0,2,5,-7,-1,0,-2,-1
1533864510641545,-3,-3,0,-5,0,-2,0,-2
1533864510656516,-2,-1,6,20,-2,-4,0,0
1533864510656516,0,-1,-7,3,0,-1,-1,0
1533864510656516,-2,1,-1,-14,-5,0,1,1
1533864510656516,0,-1,1,0,1,2,1,-1
1533864510679441,0,-3,-4,-15,0,2,-1,0
1533864510679441,0,-3,-4,-3,-3,0,-3,-7
1533864510679441,-1,-2,0,4,-2,-4,-3,0
1533864510679441,-1,1,-8,1,1,2,-1,-1
1533864510701382,2,9,50,18,6,-1,1,1
1533864510701382,-1,3,13,-20,-11,1,0,0
1533864510702380,-5,-6,-20,-17,-8,-2,-1,-3
1533864510702380,-1,-3,22,4,-11,-2,-2,0
1533864510716346,-4,-2,-24,-14,-4,-3,-4,-1
1533864510716346,-1,0,-6,-11,4,0,0,-2
1533864510717339,1,-4,8,24,4,1,-2,0
1533864510717339,1,1,-15,-15,5,-1,-1,-2
1533864510739333,-2,0,-7,10,-15,-6,0,-3
1533864510739333,-3,-2,-4,-11,-16,-5,-1,-1
1533864510739333,-1,-1,-2,-15,9,2,2,-2
1533864510739333,-2,-2,-5,8,-2,1,0,0
1533864510761298,-1,-2,-1,-3,4,0,0,0
1533864510761298,0,3,-37,-10,2,-5,-3,2
1533864510762296,-2,1,20,16,0,1,-8,-14
1533864510762296,0,-1,-2,25,6,1,0,-3
1533864510776258,0,-8,-87,-33,6,0,2,-2
1533864510776258,-5,4,26,44,-8,-2,4,2
1533864510777276,-2,-5,-40,-81,-6,-3,1,2
1533864510777276,3,11,63,-12,-2,-8,-5,0
1533864510799231,-7,-13,-49,9,-16,-4,-5,-5
1533864510799231,3,-3,-8,-41,-1,2,-1,-3
1533864510799231,-2,-4,26,46,9,5,2,3
1533864510799231,-4,2,-17,-2,-8,1,-1,-3
1533864510821346,2,4,-20,14,10,0,-1,0
1533864510821346,-2,1,20,17,7,1,0,-1
1533864510822147,1,1,7,21,5,1,0,0
1533864510822147,-1,-5,-21,-10,-8,-1,0,0
1533864510836103,0,0,24,16,5,1,-2,-2
1533864510836103,0,-12,-18,-11,-5,0,-2,-2
1533864510837103,-3,2,-15,-8,-4,-4,-2,-1
1533864510837103,-1,-6,-19,15,5,-1,0,1
1533864510859040,1,2,37,-16,6,3,2,3
1533864510859040,-4,-2,-6,-17,-10,-6,-4,-3
1533864510859040,1,0,1,5,-2,-1,0,-1
1533864510859040,-1,-6,-1,16,0,-6,-2,-3
1533864510880979,-2,-1,17,-41,-8,-2,-3,-3
1533864510880979,0,0,2,31,9,4,0,0
1533864510881988,0,1,-3,-19,-11,-3,-2,-1
1533864510881988,-3,-5,-11,-1,-11,-6,-3,-3
1533864510895938,0,1,7,7,-5,-1,1,0
1533864510895938,-2,-4,-9,9,6,-1,-1,-3
1533864510896935,-1,0,2,-1,-3,-2,-1,-1
1533864510896935,1,1,5,10,10,1,1,1
1533864510918880,-1,0,8,6,-3,-3,-3,0
1533864510918880,0,1,5,0,-1,1,-3,0
1533864510919874,0,1,-1,18,9,2,0,1
1533864510919874,-1,-1,-3,-22,2,5,2,-1
1533864510941818,-2,-1,3,-5,-5,-6,-5,0
1533864510941818,0,-1,-3,-6,2,-3,-4,-4
1533864510941818,-2,-1,-7,2,8,2,6,-3
1533864510941818,1,-4,-4,-7,-24,-11,-9,1
1533864510956779,-1,1,9,0,22,16,3,-2
1533864510956779,-2,-1,0,15,-8,4,10,4
1533864510956779,-3,-1,-6,-1,28,11,2,-2
1533864510956779,-5,1,-4,-9,-8,2,-1,-3
1533864510978718,1,-2,3,6,2,-6,-6,-2
1533864510978718,-2,-6,-7,-13,-31,-14,-12,-4
1533864510979715,0,-5,0,1,-10,-10,-8,-1
1533864510979715,0,1,4,-2,16,6,5,-2
1533864511001759,0,0,4,-1,-5,2,3,0
1533864511001759,3,1,-4,4,8,4,2,2
1533864511001759,-2,-1,-3,-5,-15,-4,6,5
1533864511001759,-2,0,-4,-1,5,-4,-3,1
1533864511016615,0,0,3,1,0,-1,-2,-3
1533864511016615,2,-2,1,-4,-1,-1,-3,-3
1533864511016615,-1,1,2,0,-2,6,-4,-2
1533864511016615,-3,-3,-4,-8,-1,1,1,-2
1533864511038570,-4,-6,-3,-1,-1,-6,1,-2
1533864511038570,-4,-3,1,-4,3,-4,0,-2
1533864511039570,1,2,0,-1,-15,-10,-8,-4
1533864511039570,3,0,-4,3,7,8,2,-1
1533864511061497,-2,-3,-3,-3,1,-2,0,0
1533864511061497,-3,-1,-1,-2,-5,-2,-2,0
1533864511062492,-2,-3,-1,-7,-11,-6,-8,-6
1533864511062492,0,0,-1,-1,-6,-2,6,0
1533864511076455,1,0,0,-3,1,-4,-5,3
1533864511076455,1,2,1,2,17,2,8,0
1533864511077453,-1,-2,4,3,-1,8,2,0
1533864511077453,-2,-1,-3,-2,2,-8,-11,-5
1533864511098591,-2,-1,-1,3,-1,9,-4,-4
1533864511098591,2,3,3,7,20,-1,-3,-2
1533864511099421,-4,-4,-6,-14,-33,-13,-1,-4
1533864511099421,-3,-1,-2,-5,-8,1,7,3
1533864511129317,-4,-2,1,-1,-16,-5,1,2
1533864511129317,-4,-5,-4,-6,-1,-1,-3,-4
1533864511130312,1,0,-1,8,12,-1,-5,-2
1533864511130312,0,-1,1,0,12,2,-4,-4
1533864511136299,2,2,0,1,3,1,5,1
1533864511136299,-2,1,-1,0,-13,-3,-4,0
1533864511137292,-1,1,-1,-2,-12,-4,0,1
1533864511137292,-4,-4,-4,-6,-9,-5,-3,-2
1533864511159237,0,-1,3,3,7,6,-5,-1
1533864511159237,-2,0,1,3,6,2,0,-2
1533864511159237,1,-1,0,1,7,-1,1,0
1533864511159237,-2,-2,-3,1,-3,4,1,2
1533864511181179,0,-1,-4,0,-2,-9,-4,-3
1533864511181179,-1,0,0,-3,-7,2,-1,0
1533864511182193,-1,-2,-1,-6,2,-5,-7,-3
1533864511182193,0,-3,-1,-3,-4,-7,1,-2
1533864511196139,0,-2,-1,-1,4,7,7,0
1533864511196139,-1,-2,-3,2,5,0,2,2
1533864511197141,-1,-2,2,6,-14,-3,0,1
1533864511197141,0,-2,-1,6,10,1,-6,1
1533864511219079,1,-1,-2,-4,-24,-13,-7,-3
1533864511219079,0,-1,-1,2,-2,3,1,-1
1533864511219079,0,-2,-3,4,18,0,-1,-3
1533864511219079,0,-2,-2,-9,-5,-7,-5,-5
1533864511241017,-3,0,0,4,10,4,8,0
1533864511241017,0,2,4,-1,-3,5,-2,-2
1533864511242039,-1,-3,-8,-13,-6,-6,2,0
1533864511242039,-1,0,3,-1,2,-1,-3,-1
1533864511255978,-3,-4,-5,-3,-5,-10,-3,-6
1533864511255978,0,0,-2,-6,-12,-3,-2,-3
1533864511256973,0,2,1,0,6,4,0,0
1533864511256973,1,1,2,0,5,8,3,2
1533864511278917,-1,-1,3,0,7,1,-1,-1
1533864511278917,-2,-4,-4,-4,-4,-6,3,0
1533864511279911,0,0,0,4,4,-1,-6,-1
1533864511279911,-2,-3,-4,-4,-10,-5,-4,-4
1533864511300957,0,1,-2,-3,6,-1,-5,0
1533864511300957,0,0,0,0,-21,-5,2,-1
1533864511301853,-2,0,-1,-7,10,4,8,5
1533864511301853,-3,-1,-3,-1,-4,0,0,1
1533864511315939,-3,-4,0,-1,3,-2,-3,-3
1533864511315939,-1,-1,-2,-1,-4,-9,-9,-6
1533864511316840,3,1,5,5,11,3,-1,-4
1533864511316840,0,2,1,0,1,-1,1,0
1533864511338757,-4,-3,-5,-7,-30,-12,0,1
1533864511338757,-2,-3,-6,0,26,5,-2,-1
1533864511339751,0,-2,-17,-1,-12,-2,-3,1
1533864511339751,-1,0,2,-3,1,1,-5,-1
1533864511361692,-1,1,2,-1,-2,-1,4,1
1533864511361692,-1,-2,6,0,6,1,0,-1
1533864511361692,-1,0,-3,-1,-4,-5,-4,-4
1533864511361692,-3,-5,-8,1,-1,-5,-2,-2
1533864511375658,-1,0,0,0,-7,1,0,2
1533864511375658,1,-2,-11,-2,11,5,1,-1
1533864511383633,-2,4,-7,-3,4,1,0,-5
1533864511383633,-3,-4,5,-8,-11,-6,-4,-4
1533864511406572,-2,-3,-1,5,1,-3,-2,0
1533864511406572,-4,-4,12,-2,10,7,2,2
1533864511407570,0,2,-40,-14,-31,-9,-4,-3
1533864511407570,-2,-3,-20,-1,6,2,0,-3
1533864511421532,-2,-2,25,0,0,4,0,1
1533864511421532,0,2,10,-2,-4,1,-2,-2
1533864511422530,-1,-3,-35,2,28,4,0,-3
1533864511422530,-1,-3,-68,-18,-33,-13,-4,-5
1533864511435511,-1,-4,12,-1,1,-2,-2,-2
1533864511435511,-4,1,-18,-7,-18,-9,-8,-5
1533864511443474,-1,-6,20,6,7,5,6,4
1533864511443474,3,5,5,7,17,10,3,7
1533864511459431,-1,2,-15,0,1,-4,-2,-4
1533864511459431,-1,-3,-2,-4,-14,-6,4,2
1533864511459431,-6,0,1,-3,-11,-9,-6,-3
1533864511459431,1,-3,22,5,0,1,-2,-4
1533864511481376,3,4,-13,-9,1,4,3,4
1533864511481376,-3,10,62,6,2,-6,-8,-7
1533864511482369,-2,-10,2,6,-6,-2,-3,-1
1533864511482369,-1,5,51,0,1,-2,4,4
1533864511495335,-2,-13,-31,-3,6,0,-5,-4
1533864511495335,-2,3,-42,-6,-6,0,0,-1
1533864511504314,4,15,98,10,2,2,2,2
1533864511504314,-2,8,27,3,5,2,-2,0
1533864511518274,-3,-5,-121,-12,1,-3,-3,-5
1533864511518274,4,9,43,4,-6,-6,0,-1
1533864511519271,1,-23,27,5,3,6,3,6
1533864511519271,0,-5,-36,-6,9,3,-5,-1
1533864511541240,1,9,117,6,2,0,3,1
1533864511541240,-4,-8,-41,-5,2,5,1,-3
1533864511542211,-5,8,25,-13,-21,-14,-8,-6
1533864511542211,-2,-1,-2,11,-8,-1,4,-1
1533864511555209,-2,-9,-108,-14,11,2,-5,-4
1533864511555209,-1,-3,5,-4,-5,-4,-2,-1
1533864511571335,1,-8,15,8,7,-1,2,0
1533864511571335,-4,-9,67,-5,7,-2,-1,-1
1533864511579118,-1,5,89,18,-6,0,1,1
1533864511579118,-4,-7,-45,-4,1,0,-2,-2
1533864511579118,-1,-3,-99,-8,-1,-3,-3,-2
1533864511579118,-2,0,-59,-4,-5,-3,-2,-3
1533864511609034,2,3,46,3,-4,-2,0,-2
1533864511609034,3,3,-16,-12,-1,-1,-4,-2
1533864511610034,-1,8,-44,-13,-8,-3,-2,-4
1533864511610034,0,-7,85,14,1,1,3,0
1533864511616015,-3,3,-5,-4,-9,-3,-1,2
1533864511616015,1,1,-3,11,12,3,-3,5
1533864511623991,-4,-1,-35,-9,-8,-3,-2,-5
1533864511623991,0,0,-35,-3,-3,0,-5,-7
1533864511638954,0,-4,-15,-3,0,0,0,1
1533864511638954,-1,-5,-25,-2,0,0,4,-2
1533864511639948,0,1,33,7,9,5,0,3
1533864511639948,1,2,-1,0,-7,-4,-4,0
1533864511660894,-2,-1,-1,-1,-3,-1,-1,-6
1533864511660894,1,-3,22,1,3,-1,2,3
1533864511661892,-3,-2,8,1,10,3,0,-1
1533864511661892,-2,-1,-21,-5,-8,-6,1,-1
1533864511675855,1,0,-12,-3,-3,-1,-6,-3
1533864511675855,-3,-4,5,-1,-1,2,6,-1
1533864511683834,2,-1,4,0,1,-1,0,3
1533864511683834,2,1,-18,5,23,0,-9,-2
1533864511698794,-3,-2,15,1,-13,-5,0,-1
1533864511698794,-3,-5,10,-2,-18,-13,-4,-8
1533864511699788,2,-3,2,-7,5,6,-4,-2
1533864511699788,0,-1,-3,-4,-21,-2,6,8
1533864511721814,1,0,3,10,42,5,-4,-1
1533864511721814,-6,-4,-7,-15,-41,-1,6,2
1533864511721814,-3,-2,-6,3,-7,-4,3,-6
1533864511721814,1,-2,-7,-4,-1,-5,-7,-6
1533864511735695,2,0,1,1,7,1,-2,1
1533864511735695,1,-1,-6,4,13,2,-2,2
1533864511743671,-3,-2,7,3,-2,1,0,0
1533864511743671,-2,0,-2,0,0,1,3,-3
1533864511758630,0,-2,0,-3,-13,-8,-3,0
1533864511758630,2,-5,-12,-3,9,3,-7,-1
1533864511759628,-3,0,5,-4,-9,-5,0,-1
1533864511759628,-3,-3,-73,-7,3,1,-1,-1
1533864511781573,-1,-24,-1,1,-8,-1,1,3
1533864511781573,0,1,4,-3,-2,-4,-2,-1
1533864511781573,0,3,7,7,12,3,1,1
1533864511781573,-4,-9,0,-6,-9,-3,-1,-1
1533864511804640,-2,4,-28,-6,-12,1,-1,-2
1533864511804640,1,3,1,6,9,-1,-1,1
1533864511805506,-1,-7,0,-3,0,-5,-3,-1
1533864511805506,2,5,6,-4,0,0,0,-1
1533864511819468,-1,4,6,-1,-4,1,1,-3
1533864511819468,1,-2,14,-1,1,0,-2,-1
1533864511819468,-3,-2,-36,-2,8,-3,-5,-4
1533864511819468,0,11,27,-1,-10,-3,-1,-1
1533864511841412,-3,-10,-24,-10,-3,-3,-1,0
1533864511841412,3,4,36,7,3,7,-1,2
1533864511842407,-3,1,-99,-17,-8,-4,-4,-4
1533864511842407,2,-4,96,17,9,5,1,4
1533864511864351,-1,-27,-13,-4,-11,-5,1,1
1533864511864351,-2,1,-16,-3,8,-4,-3,-3
1533864511865346,-2,0,-4,-1,-7,0,2,0
1533864511865346,4,13,55,5,0,-2,-3,-2
1533864511879308,-4,7,-54,-8,-3,-3,-5,-5
1533864511879308,4,8,74,11,3,-3,-3,1
1533864511879308,-3,-8,21,1,-1,3,3,2
1533864511879308,-6,-2,-21,-3,1,0,3,-1
1533864511901249,4,20,89,10,-2,-1,1,2
1533864511901249,-7,-10,-110,-17,-7,-2,-3,-5
1533864511902247,6,7,112,14,4,3,1,3
1533864511902247,1,-13,42,4,0,0,3,2
1533864511924188,-1,13,-11,-1,2,1,-2,-2
1533864511924188,0,1,8,4,2,0,-1,-1
1533864511925185,2,7,-30,-10,-7,-4,-5,-3
1533864511925185,-6,-34,-128,-16,2,1,1,0
1533864511939148,-4,11,-45,-6,-1,-3,-3,-4
1533864511939148,6,-20,50,10,1,3,3,4
1533864511939148,-2,-17,-58,2,-2,2,1,0
1533864511939148,-3,1,23,-3,-5,-4,-3,-1
1533864511962096,-2,5,-22,-11,-2,-2,0,-4
1533864511962096,-5,-9,-26,-6,-5,-3,0,-3
1533864511962096,2,19,37,3,2,-5,-3,-3
1533864511962096,-1,-6,-4,-1,3,2,1,-1
1533864511984032,-3,-9,34,-3,-8,0,1,0
1533864511984032,-8,10,-100,-18,-3,1,-6,-8
1533864511985025,4,-6,122,16,-5,-3,0,4
1533864511985025,-4,-6,-7,1,3,-1,0,1
1533864511999202,0,-4,22,6,2,2,2,1
1533864511999202,-3,-1,-38,-6,-1,0,-2,-3
1533864511999988,-2,4,-24,-4,-3,-1,-2,-1
1533864511999988,4,13,30,3,0,-5,-3,-2
1533864512021136,-3,-7,-17,-6,2,-6,-3,-2
1533864512021136,-1,0,27,2,-5,-3,0,1
1533864512021927,-4,0,22,3,-1,-2,-3,-1
1533864512021927,1,10,9,-2,-5,-3,-3,-4
1533864512044865,4,2,15,8,7,2,1,1
1533864512044865,-3,2,40,1,-10,-6,1,0
1533864512044865,-4,-19,-101,-32,-6,2,0,-7
1533864512044865,-3,2,23,18,-12,-2,1,1
1533864512058828,-4,2,-8,-2,6,1,-5,-2
1533864512058828,-1,7,21,14,1,-6,-2,0
1533864512059830,-6,-18,-38,-4,-1,-2,0,-2
1533864512059830,0,-17,0,-6,3,0,-3,0
1533864512081767,0,3,15,-1,1,-3,-3,0
1533864512081767,-1,-8,8,2,1,2,1,0
1533864512081767,-1,-2,-5,-3,1,1,1,1
1533864512081767,-1,14,-18,-2,2,0,-3,-3
1533864512104719,3,17,19,1,-6,-4,-2,-2
1533864512104719,-2,-18,-56,-8,-2,-2,-4,-2
1533864512104719,-4,4,4,7,-1,3,4,1
1533864512104719,2,0,2,-2,6,3,-1,-1
1533864512118671,-3,-4,-82,-5,-12,-3,-2,-1
1533864512118671,1,14,41,3,-3,0,1,-1
1533864512119666,3,-7,83,11,5,2,3,2
1533864512119666,-5,2,-27,-6,0,-2,0,-1
1533864512141609,-1,-1,44,1,-3,-1,-1,1
1533864512141609,3,18,96,22,7,0,3,3
1533864512141609,-1,11,-12,-4,-2,-8,-3,-2
1533864512141609,-2,-14,-15,-9,-1,-3,1,0
1533864512164545,-3,-8,14,6,4,5,4,1
1533864512164545,-3,-16,-90,-21,-10,-3,-3,-5
1533864512165542,-2,7,12,6,9,1,-3,-4
1533864512165542,1,2,-24,-1,2,1,1,-1
1533864512178508,-2,-5,-24,-1,-4,-3,-2,0
1533864512178508,2,-5,32,2,6,5,2,1
1533864512179505,-3,-3,-48,-17,-10,-3,-3,-1
1533864512179505,1,5,-3,-2,-11,-2,-3,-4
1533864512201448,2,-8,-12,3,8,4,-2,-2
1533864512201448,-3,1,-6,-5,-3,-5,-2,-1
1533864512202453,3,11,-12,-2,-2,0,-3,-3
1533864512202453,-4,-7,4,-5,-5,-5,1,1
1533864512224399,-2,-4,20,0,-7,-2,-2,1
1533864512224399,-2,1,-12,-1,12,1,0,-2
1533864512225385,-4,1,11,5,1,-1,-1,-2
1533864512225385,-3,2,-7,-1,-3,-1,-1,1
1533864512239542,0,-2,-4,-11,0,-6,-3,-2
1533864512239542,2,9,-17,-9,-10,-4,-4,-1
1533864512240343,4,-14,-3,4,-4,-1,2,2
1533864512240343,1,2,0,2,-6,-2,-3,-3
1533864512261560,1,-4,-8,-2,0,0,2,-2
1533864512261560,0,-2,-1,-2,6,1,0,-3
1533864512261560,-1,0,7,-1,-11,-5,-2,0
1533864512261560,-2,0,-11,0,-13,3,-1,-2
1533864512284498,-3,-3,-1,-7,9,1,0,0
1533864512284498,-3,-6,-4,1,-1,-2,-3,-1
1533864512285496,-1,-1,-7,3,7,3,1,1
1533864512285496,-1,-2,0,1,1,-1,-3,-2
1533864512298464,-1,2,2,3,9,3,0,-1
1533864512298464,1,-2,7,-2,-6,-3,0,0
1533864512299459,0,0,-4,-5,3,-3,-2,-1
1533864512299459,-2,4,-2,-1,3,-1,-1,-3
1533864512321400,-1,0,10,2,-8,-3,1,-1
1533864512321400,-4,-5,-18,4,-2,-4,-1,-1
1533864512322397,0,4,10,4,2,3,1,-2
1533864512322397,-3,-3,-4,3,-1,-4,-4,-1
1533864512344355,0,1,1,0,-4,1,0,1
1533864512344355,0,-4,1,-4,-4,-2,-1,-1
1533864512345337,-3,-4,-10,-2,0,0,1,-1
1533864512345337,0,2,3,0,7,-2,-1,-1
1533864512358304,-1,-3,-2,-7,-12,-5,-3,-2
1533864512358304,-2,0,1,11,7,-2,-4,-2
1533864512359298,-1,0,0,-1,-13,-2,-2,0
1533864512359298,0,-2,-2,-17,9,-1,0,-3
1533864512381243,0,-2,0,-1,0,0,-1,0
1533864512381243,0,-3,1,-8,-4,2,0,1
1533864512382238,-1,0,3,13,5,0,-1,0
1533864512382238,1,2,-3,-7,-6,-1,-1,0
1533864512404178,-1,1,-6,-5,-6,0,1,0
1533864512404178,-2,0,24,1,14,4,-3,-1
1533864512405176,-3,-7,10,-1,-5,-3,-1,0
1533864512405176,-2,0,2,-1,-5,-1,0,1
1533864512418141,-2,-4,8,10,5,1,-2,-3
1533864512418141,-2,2,-15,-3,-6,0,0,0
1533864512426121,-2,-1,-2,2,-1,-2,-1,-1
1533864512426121,0,0,6,10,0,-1,1,-1
1533864512441079,-1,1,-12,-36,-6,-5,-3,-4
1533864512441079,-1,-1,-5,2,-3,-2,-2,0
1533864512442077,0,1,-4,2,0,4,-1,-4
1533864512442077,1,0,-4,-9,-2,-2,-3,-1
1533864512464056,-1,-2,-2,17,0,-4,-2,2
1533864512464056,-1,-2,0,0,-2,-3,0,-4
1533864512465015,-1,-4,-2,-10,2,1,0,0
1533864512465015,-3,0,-7,-1,0,-2,5,3
1533864512477994,-3,2,3,30,-1,2,-8,-10
1533864512477994,1,-2,-2,-64,-9,0,-2,1
1533864512485963,-1,-1,-13,-5,-4,-5,1,-1
1533864512485963,-3,0,11,4,2,1,-1,-1
1533864512500954,0,-3,4,-1,-4,-5,0,0
1533864512500954,-1,-2,-3,22,7,0,-1,-1
1533864512501918,-1,-1,2,-14,-6,0,-1,-1
1533864512501918,-3,-3,-5,0,1,0,-2,0
1533864512524079,-2,-5,10,19,4,0,2,1
1533864512524079,-1,-2,-1,-8,-9,0,0,-2
1533864512524870,2,1,-2,-2,-3,-3,-3,0
1533864512524870,0,-2,-10,0,-2,-3,-5,-1
1533864512538017,-2,2,2,7,6,1,3,3
1533864512538017,-1,-3,-6,-4,-2,-3,0,-3
1533864512546800,-2,-1,-2,5,-4,-3,-2,-1
1533864512546800,-4,-4,-7,12,5,0,-1,-4
1533864512560760,-1,-1,-5,-13,1,1,-1,0
1533864512560760,-1,0,2,-4,-10,-2,0,1
1533864512561767,0,0,-1,6,8,1,-2,-2
1533864512561767,-1,-1,-1,-14,-1,-2,-1,0
1533864512584709,0,1,-1,-6,-8,-3,-1,0
1533864512584709,-1,2,-7,18,4,-2,0,-1
1533864512585692,-2,-9,-27,-19,-5,-1,-2,0
1533864512585692,-1,-3,4,25,1,3,-1,-3
1533864512597664,-3,-2,-5,-12,-1,-1,1,-1
1533864512597664,-3,-4,-8,-3,-1,-1,1,-3
1533864512606648,1,6,36,26,5,-1,-2,-1
1533864512606648,3,9,6,-9,1,-1,-2,1
1533864512621600,0,-13,-2,2,-10,-2,-1,1
1533864512621600,-1,0,4,-9,-1,2,-1,0
1533864512621600,-2,0,-11,2,-2,-2,-1,0
1533864512621600,-1,0,-4,-5,-2,1,-3,-2
1533864512644537,-1,4,8,22,3,-1,-1,0
1533864512644537,-1,0,-8,-3,-2,-3,-3,-1
1533864512645534,-2,-3,-5,-14,-3,-2,0,-2
1533864512645534,0,-3,1,-2,-6,0,-1,-1
1533864512658514,0,5,-6,-4,4,-1,-1,0
1533864512658514,-3,-7,3,-7,0,1,1,0
1533864512666484,-3,1,-1,23,1,-1,-2,-2
1533864512666484,0,-1,-3,-63,-11,-3,-2,-3
1533864512681655,-1,4,1,6,2,-1,0,0
1533864512681655,-15,-2,4,23,5,-1,-1,-2
1533864512682436,2,1,-2,-4,-9,-7,-3,-3
1533864512682436,2,-2,-3,-2,2,0,-1,-1
1533864512704379,3,0,-3,-8,-2,1,-2,-2
1533864512704379,4,9,-8,10,4,0,-1,2
1533864512705374,-3,-2,40,-16,-1,1,0,-1
1533864512705374,-4,-2,-10,22,0,-4,-1,-3
1533864512727322,-4,-3,10,-6,-2,-1,0,-2
1533864512727322,1,-4,-8,16,2,0,0,1
1533864512727322,-2,-3,-16,0,1,-1,0,0
1533864512727322,2,0,-16,-8,-7,-3,-1,0
1533864512741280,-3,-3,0,-17,-4,-9,-5,-2
1533864512741280,-1,-3,3,-8,-6,-5,-1,-1
1533864512742274,0,2,-11,-13,-5,-3,-4,-4
1533864512742274,0,-1,13,9,10,4,0,-1
1533864512764219,-2,-4,-14,-8,-8,3,0,-1
1533864512764219,2,-1,6,2,2,1,-4,0
1533864512765215,-3,-1,-8,-6,-17,-6,-3,-1
1533864512765215,-1,0,2,18,9,6,5,4
1533864512794135,0,4,-4,5,7,5,7,3
1533864512794135,4,7,22,0,1,2,1,0
1533864512795137,-7,-29,-54,1,-3,-3,-3,-5
1533864512795137,-4,-3,15,-6,-9,-7,-8,-6
1533864512801120,-2,-6,0,-11,-6,-6,-5,-3
1533864512801120,0,0,-7,-6,-5,-2,-2,-3
1533864512802132,1,4,-7,0,6,-1,0,1
1533864512802132,-3,-2,-2,-1,-6,-4,-1,-2
1533864512824059,-1,0,-6,-2,2,-1,-2,-3
1533864512824059,0,0,-2,6,-1,-2,-1,-2
1533864512825052,0,4,10,-5,2,1,1,0
1533864512825052,-1,-2,-11,-3,2,0,2,0
1533864512846996,-1,1,9,0,-4,1,-3,-1
1533864512846996,0,-4,-3,1,6,-5,-6,-2
1533864512847991,-1,5,9,-11,-11,0,4,0
1533864512847991,-1,-3,3,-7,-9,0,-1,0
1533864512860957,0,-3,-9,1,1,1,-4,-1
1533864512860957,-1,-4,-2,-1,2,-2,5,-2
1533864512861955,-3,1,4,3,5,-3,-1,-2
1533864512861955,-2,0,-1,5,4,2,0,-1
1533864512884893,-2,-2,-3,-2,-10,-6,-5,0
1533864512884893,-2,-4,-6,-3,0,-2,-6,-3
1533864512884893,1,3,8,0,2,0,-1,0
1533864512884893,-1,1,-2,-2,-3,-3,-1,-1
1533864512906834,-2,-2,-2,-1,3,0,0,0
1533864512906834,-1,-1,2,1,-4,0,2,1
1533864512907833,1,0,-1,1,-1,1,-1,1
1533864512907833,-1,-1,0,-3,-3,-1,-5,-1
1533864512921797,-1,1,-3,0,-1,0,1,-1
1533864512921797,-2,-1,-1,-1,-6,1,2,0
1533864512921797,0,-1,3,0,1,-1,-1,0
1533864512921797,0,-2,-4,5,5,-6,-5,-5
1533864512944732,-1,-1,4,-7,-1,6,4,0
1533864512944732,-1,0,0,2,-3,1,-1,1
1533864512945732,0,0,1,2,1,1,0,0
1533864512945732,0,-1,-1,-2,2,-1,-2,1
1533864512966674,-3,-4,-4,-1,-3,-5,-4,-3
1533864512966674,0,-2,0,-6,-4,-3,-3,-2
1533864512967671,-1,1,1,0,0,0,-5,-3
1533864512967671,-3,-4,-3,-1,-5,-3,5,-3
1533864512981637,0,-1,-2,-3,-1,-2,-5,-3
1533864512981637,-1,-1,-4,-3,2,2,-2,1
1533864512981637,0,0,3,0,0,3,3,2
1533864512981637,0,0,0,3,-6,0,0,0
1533864513004576,1,-1,1,-2,12,3,3,0
1533864513004576,-1,-2,-3,-6,-9,-8,-5,-1
1533864513006567,0,-3,-1,1,-2,-7,-10,-6
1533864513006567,-1,-1,0,1,0,5,-1,0
1533864513026514,1,0,0,-1,-1,1,5,1
1533864513026514,-1,0,-2,-3,-8,-1,3,1
1533864513028508,-3,0,1,0,3,2,2,1
1533864513028508,-3,-2,-1,-4,-1,-4,-4,-1
1533864513040477,-2,-2,0,1,1,-6,-5,-3
1533864513040477,-3,-1,0,-1,3,-2,-4,-3
1533864513049454,-2,-2,-2,-5,-3,-2,1,0
1533864513049454,-2,1,-2,4,-5,-3,2,-2
1533864513072415,-1,0,-1,-2,-5,3,-1,-2
1533864513072415,-2,-1,0,-6,0,3,0,-1
1533864513073390,1,-1,2,2,8,2,-2,-2
1533864513073390,-2,-1,-1,1,-5,-2,0,0
1533864513087358,-2,-4,-4,2,-5,-5,2,-3
1533864513087358,0,-2,-2,1,-2,-9,-8,-7
1533864513088374,-3,-2,-5,-2,6,3,0,-2
1533864513088374,2,0,-1,0,-2,3,-1,0
1533864513100403,1,0,2,-3,-6,0,1,4
1533864513100403,-2,-3,-1,-3,-8,-1,0,0
1533864513109296,0,-2,0,5,5,-5,-2,-2
1533864513109296,-2,-2,-3,-3,1,-1,0,0
1533864513124256,-2,-1,-1,2,1,1,-5,0
1533864513124256,0,0,-4,2,7,3,-1,-1
1533864513126256,1,-1,-1,-4,2,-3,-2,-3
1533864513126256,-2,-3,-2,-8,-8,-6,-2,-2
1533864513147229,-3,-2,-1,1,-3,-2,-3,2
1533864513147229,-1,-2,0,-4,-7,0,2,1
1533864513148244,-1,2,1,-1,2,5,-2,-1
1533864513148244,0,0,-2,0,1,-2,-4,-1
1533864513160193,-2,1,-1,7,8,-1,0,-3
1533864513160193,-1,-2,-3,-10,-9,-5,-3,-3
1533864513169171,-3,0,-2,-1,-12,-3,1,-2
1533864513169171,1,0,0,4,1,3,-3,1
1533864513184127,-1,-1,1,9,2,-5,-4,-1
1533864513184127,1,1,1,-1,0,6,6,1
1533864513186124,-1,-2,-1,-3,2,1,1,0
1533864513186124,0,-1,0,-8,-16,-4,-4,-1
1533864513207069,-2,-5,-3,-3,-1,-3,-4,-6
1533864513207069,-1,0,-1,-6,11,5,0,0
1533864513209065,-1,0,-1,-3,-8,-7,1,1
1533864513209065,-2,-1,-1,3,11,4,5,1
1533864513221048,-1,-1,0,-8,-9,-4,-4,-2
1533864513221048,-2,-1,1,6,2,-3,-2,-2
1533864513230005,-1,-5,-6,-7,5,-2,0,-1
1533864513230005,-1,1,1,-1,2,-2,-1,1
1533864513243981,-1,0,0,-5,-2,1,1,-3
1533864513243981,-2,2,-2,-2,-2,-1,-2,0
1533864513245962,-1,0,2,-1,-7,3,-1,1
1533864513245962,-1,-3,-3,-7,1,-1,-2,-4
1533864513274888,-1,-1,-4,-6,0,2,1,2
1533864513274888,0,-1,-1,4,-2,-1,-2,1
1533864513275882,0,2,0,0,8,1,3,1
1533864513275882,-3,-3,-3,-6,-15,-9,-1,-1
1533864513280878,-3,-1,2,-1,3,0,1,-1
1533864513280878,-2,-2,-2,2,9,-4,-4,-3
1533864513289862,-1,-2,2,-3,-11,0,-2,-3
1533864513289862,0,-2,1,7,15,-1,1,-2
1533864513304817,-1,-2,-4,-10,-4,-2,-3,-4
1533864513304817,0,-2,-2,2,-3,-1,-2,0
1533864513305813,-1,-2,-3,-4,-1,0,-1,-2
1533864513305813,-3,-1,-3,-1,1,-1,-4,0
1533864513326761,0,-1,-5,-2,-2,-1,-1,-2
1533864513326761,-1,-2,-4,4,-1,0,2,-1
1533864513328763,0,-1,1,4,1,-2,-1,0
1533864513328763,-1,-2,-14,-9,-4,1,-3,-3
1533864513349698,-2,-2,-2,-3,-6,-3,-2,0
1533864513349698,-2,9,-1,-3,0,-3,-2,-3
1533864513350692,-4,-7,1,-3,-2,2,1,-2
1533864513350692,0,-1,-1,2,5,-2,1,-1
1533864513364719,1,0,5,6,5,4,1,-2
1533864513364719,-3,-6,-42,-24,-17,-4,-3,-3
1533864513365653,-3,2,12,6,-1,-2,-4,0
1533864513365653,-1,3,4,-2,6,4,-2,-2
1533864513386599,-3,-3,-2,-6,3,-2,1,1
1533864513386599,-2,-3,-1,1,-20,-8,-2,-5
1533864513388591,1,-3,-4,-8,3,-1,0,-3
1533864513388591,1,1,1,3,3,2,-9,5
1533864513400561,-1,1,1,0,8,-1,1,0
1533864513400561,-1,-1,8,0,2,1,2,2
1533864513409534,-1,2,-7,-7,-12,-5,-4,-5
1533864513409534,-1,0,6,3,0,0,4,-3
1533864513424497,-1,0,-5,-4,-2,-2,-2,0
1533864513424497,-1,-4,9,5,7,-1,-4,0
1533864513426489,1,0,-1,8,2,-2,-1,0
1533864513426489,-1,-1,1,-4,-6,-1,0,-2
1533864513447455,-2,-10,-56,5,-5,-3,0,-2
1533864513447455,-3,0,28,-12,-1,-1,-2,-2
1533864513448431,-2,0,1,7,4,-2,0,0
1533864513448431,-1,-3,6,5,-5,2,0,-2
1533864513460410,1,2,1,-2,2,-4,-1,-2
1533864513460410,2,2,-11,1,3,1,0,0
1533864513469374,-1,-14,-58,8,6,0,-2,-1
1533864513469374,-2,-2,40,-4,-10,-4,1,0
1533864513483341,-2,-2,13,-3,-39,-12,-4,-2
1533864513483341,2,-1,1,4,22,5,2,-1
1533864513490321,-3,-7,-56,-11,-12,-3,-2,1
1533864513490321,-3,1,-32,7,8,2,-2,-2
1533864513507276,-1,3,46,4,5,4,5,0
1533864513507276,-2,-3,10,1,-3,-2,-4,-1
1533864513513263,-1,3,-1,-7,-11,-4,-2,-4
1533864513513263,-2,-2,-15,-2,4,-3,1,-1
1533864513520375,1,0,-1,-3,1,0,-4,1
1533864513520375,-1,-2,-11,1,3,0,2,-1
1533864513529308,0,1,28,2,0,1,0,-2
1533864513529308,-2,-11,-53,-14,-6,-2,0,-4
1533864513544183,-1,1,19,-1,1,2,0,-1
1533864513544183,0,-2,2,2,-5,1,-1,1
1533864513551156,-2,-1,18,5,0,1,-4,-1
1533864513551156,1,0,9,1,0,-2,-3,-1
1533864513567113,-2,-1,-22,-1,-2,-1,-1,-2
1533864513567113,0,10,-7,-4,-3,-4,-3,-2
1533864513569108,1,-2,9,-1,3,-3,1,1
1533864513569108,0,-7,-10,-3,0,-2,-2,-2
1533864513580078,-2,0,17,-3,7,2,0,-1
1533864513580078,-2,-4,-68,5,-11,-2,-1,-2
1533864513590057,-1,-2,32,-13,-7,-2,-3,0
1533864513590057,0,-6,-6,3,0,1,-1,-2
1533864513604017,-2,-8,-64,-14,-10,-6,-6,-3
1533864513604017,1,-16,0,5,14,5,4,3
1533864513610996,-6,1,-11,13,2,-1,-3,-4
1533864513610996,-1,5,21,14,11,4,3,1
1533864513626953,-2,-8,-57,-1,-8,-8,-2,-1
1533864513626953,-6,4,-13,-4,-6,-4,-6,-5
1533864513628948,2,-9,-107,-11,3,5,0,-2
1533864513628948,8,-5,127,28,5,1,4,7
1533864513640916,-3,4,-3,-1,1,1,-4,-2
1533864513640916,-3,-3,-38,1,16,1,2,-2
1533864513649892,-3,5,-27,-28,-40,-12,-3,1
1533864513649892,1,3,-39,-17,-4,-2,-3,-2
1533864513663854,1,-13,19,-2,-3,1,0,1
1533864513663854,1,-6,15,1,2,0,1,0
1533864513670839,-1,2,36,8,15,-1,-2,-5
1533864513670839,-3,1,-56,-10,-15,-4,1,-2
1533864513686792,0,4,19,8,4,2,-2,-2
1533864513686792,-3,-4,14,-14,-6,-7,0,1
1533864513688793,1,3,22,1,2,4,-1,2
1533864513688793,-3,2,5,-5,-7,-4,-5,-5
1533864513709731,0,2,17,14,11,1,4,-1
1533864513709731,0,1,25,0,-11,-2,-1,-3
1533864513710739,-1,3,12,0,-5,-5,1,-1
1533864513710739,-3,-1,-29,4,0,-2,-3,-1
1533864513723697,3,-1,98,5,7,3,2,1
1533864513723697,-1,-1,4,0,-6,-1,0,1
1533864513737660,-4,0,-1,0,17,1,-4,-3
1533864513737660,-7,-13,-15,-8,-38,-7,-2,-4
1533864513747630,-2,-1,-27,-9,10,0,1,1
1533864513747630,1,5,28,-1,-6,-3,-1,2
1533864513748629,-1,-7,16,20,-13,-2,1,4
1533864513748629,-1,7,-40,4,18,3,-3,-6
1533864513769571,1,3,-1,-13,-5,-2,-2,0
1533864513769571,-5,-11,-10,-20,11,-5,-5,-4
1533864513771572,-1,-3,-6,-10,-1,-1,2,-3
1533864513771572,-1,0,2,-1,-6,-6,-3,-1
1533864513783534,1,0,-14,7,1,-1,-1,1
1533864513783534,5,11,61,11,1,7,4,4
1533864513792510,-2,0,6,0,12,4,2,-1
1533864513792510,2,15,52,4,8,-1,-1,-3
1533864513807473,4,-3,86,13,19,6,4,-1
1533864513807473,2,10,5,-6,-14,-2,-2,-1
1533864513808467,-3,1,-19,9,-5,1,-2,-1
1533864513808467,-3,-50,-105,-18,-10,-11,-1,-1
1533864513829414,-6,7,19,-2,-19,-4,-1,0
1533864513829414,-2,-2,12,1,-7,-3,-3,-3
1533864513831407,1,4,11,4,9,2,0,-1
1533864513831407,-1,10,2,23,17,4,1,0
1533864513843374,4,-3,-33,-3,20,4,0,0
1533864513843374,-7,-18,-60,-42,-46,-12,-4,-2
1533864513852350,-5,1,-67,-13,-6,-2,-4,-4
1533864513852350,8,17,123,3,-9,4,3,4
1533864513867313,1,-8,19,19,11,0,-1,-2
1533864513867313,4,11,49,28,21,2,-1,-2
1533864513868307,0,-4,25,-20,-13,-2,2,-1
1533864513868307,-7,5,-10,-13,-17,-7,-7,-2
1533864513889254,-2,4,-9,0,-26,-3,-1,0
1533864513889254,0,-10,-44,-2,11,1,-2,-2
1533864513891246,4,4,25,11,28,1,-2,0
1533864513891246,-2,-3,-13,-1,13,1,-1,-3
1533864513903217,-5,-2,-55,-24,-8,-4,-3,-4
1533864513903217,-2,-4,-14,7,-5,4,3,0
1533864513912189,-1,-1,1,5,0,2,1,-2
1533864513912189,-1,1,4,-6,-1,0,0,1
1533864513927150,-4,-5,-32,-3,-7,-4,-6,-3
1533864513927150,1,6,-4,8,14,3,-1,-3
1533864513928148,4,17,54,-4,-8,-3,-4,-1
1533864513928148,2,0,82,16,-7,1,2,1
1533864513949094,-6,-5,-50,-8,-3,-4,0,-4
1533864513949094,4,5,27,37,20,3,2,0
1533864513951086,-3,-12,-32,-25,-4,-7,-6,-6
1533864513951086,-6,-5,-77,-34,-35,-10,-3,-4
1533864513963054,-3,1,-8,-7,9,2,-1,-1
1533864513963054,-3,-7,-14,-7,-10,0,0,1
1533864513972030,-2,-5,-2,16,-5,2,-3,-2
1533864513972030,-1,2,-23,5,5,0,0,-2
1533864513987032,3,2,10,-8,13,1,-4,-1
1533864513987032,-4,8,-28,-9,2,-3,-1,-1
1533864513989003,-1,-16,3,8,-7,-5,0,1
1533864513989003,3,-1,25,-2,0,12,3,1
1533864514009929,-6,-3,-8,-2,-20,-9,-4,-4
1533864514009929,-3,0,10,-2,4,2,-3,-2
1533864514010932,1,4,6,-6,2,-1,-1,2
1533864514010932,-3,-1,-10,0,1,0,-2,-3
1533864514023109,2,-1,-6,-5,-1,-1,0,-1
1533864514023109,-1,-7,-3,-4,2,-2,-4,-3
1533864514031871,-1,-1,6,1,2,-3,1,1
1533864514031871,0,2,-16,1,15,9,4,1
1533864514046833,-2,-9,-6,2,-6,-1,2,0
1533864514046833,-3,9,23,2,-18,-4,-2,1
1533864514048824,-3,-4,-37,0,-3,-1,-1,-5
1533864514048824,2,-6,19,2,26,-3,-3,-1
1533864514069769,1,11,24,6,-9,-1,0,1
1533864514069769,-1,10,95,-5,-23,-7,0,1
1533864514070779,-6,-14,-36,-5,-1,1,-1,-2
1533864514070779,-1,7,21,2,5,3,0,-1
1533864514082737,-2,1,-24,8,-1,0,-4,-1
1533864514082737,-3,-8,-44,0,-9,-7,-2,-4
1533864514091713,1,5,19,-6,11,6,2,0
1533864514091713,-3,-6,-25,-6,-5,-5,-4,-3
1533864514106673,-3,6,13,-9,1,-7,-6,-3
1533864514106673,0,-7,-35,-7,4,1,-1,-1
1533864514108664,4,5,56,5,-8,-2,8,5
1533864514108664,-4,1,-22,-2,3,1,-8,-3
1533864514129608,1,11,2,-1,-2,1,5,-3
1533864514129608,-3,-15,-107,-12,-2,-3,-7,-5
1533864514130605,-2,-14,-8,3,-3,-4,-3,-1
1533864514130605,-2,1,8,-2,-1,-3,1,-1
1533864514143571,0,-2,17,0,-4,-2,-2,1
1533864514143571,0,6,-29,3,6,2,-1,-2
1533864514150555,4,5,88,1,3,0,-2,1
1533864514150555,-2,-17,7,11,-12,-3,0,2
1533864514167511,-3,-5,-37,-2,2,4,-1,-3
1533864514167511,6,18,75,16,21,5,4,3
1533864514168504,-5,-19,-128,-13,-5,-3,-4,-6
1533864514168504,8,9,104,6,-3,-3,2,3
1533864514189452,-6,-18,-87,-10,-7,-1,1,-2
1533864514189452,-5,-19,-39,-3,0,2,5,1
1533864514191443,-10,5,-13,-4,-6,-3,-3,-4
1533864514191443,2,9,-15,-3,2,-1,-2,-1
1533864514203414,1,2,-13,1,13,0,2,-1
1533864514203414,2,-2,-22,-5,-7,-4,-4,-5
1533864514212387,-6,8,1,-4,-12,-2,-3,-3
1533864514212387,-7,-9,-57,-10,-4,-5,-1,-4
1533864514227353,4,4,54,-4,-5,1,1,2
1533864514227353,-4,-4,-6,-8,-2,-2,-1,1
1533864514228345,5,6,33,4,8,1,0,2
1533864514228345,-2,4,-18,-14,3,-2,-2,-3
1533864514249297,-2,-20,-14,2,1,-1,0,-1
1533864514249297,0,3,98,10,-7,-5,-2,0
1533864514251287,0,0,-20,10,-6,1,0,-2
1533864514251287,-6,6,-12,-13,0,-3,-3,-3
1533864514263255,-2,-14,-7,-4,5,0,-2,-1
1533864514263255,3,-1,5,-11,2,1,-2,-3
1533864514272227,-6,-19,-69,0,-4,-4,-3,-1
1533864514272227,0,-16,-63,-10,-1,-1,-2,-4
1533864514287190,-1,13,33,15,-4,-1,1,3
1533864514287190,-5,-2,-13,-3,-1,1,0,0
1533864514288184,-1,10,30,8,4,4,2,2
1533864514288184,-4,-1,-84,-10,-5,-3,-8,-9
1533864514309128,-4,-8,3,-3,-9,-3,-4,-3
1533864514309128,0,-6,10,-6,7,0,0,1
1533864514311147,1,18,-4,-3,-1,1,-2,-1
1533864514311147,-1,-17,-33,7,0,1,2,1
1533864514323224,3,-24,-59,-2,2,-2,-4,0
1533864514323224,3,22,79,25,1,-2,-3,-1
1533864514332066,-7,-27,-20,-17,-5,-4,-2,-1
1533864514332066,2,6,40,7,2,3,6,4
1533864514347027,-2,7,1,-10,-6,-2,-2,-2
1533864514347027,-2,-5,-54,-10,-1,-1,-3,-2
1533864514349021,4,2,16,-1,-4,-4,-3,-1
1533864514349021,-1,-2,1,-5,-8,-2,-1,-1
1533864514369969,-3,-2,-81,-4,9,1,-1,-5
1533864514369969,4,9,75,18,-6,-2,1,2
1533864514370963,0,10,44,8,5,3,1,0
1533864514370963,-4,-5,-7,-9,4,-3,0,-1
1533864514382933,0,20,-26,-2,-12,-4,-1,-2
1533864514382933,0,-19,-14,-1,1,2,3,0
1533864514391910,0,-24,23,-3,1,-1,1,1
1533864514391910,-2,3,21,18,2,3,1,0
1533864514407038,0,13,85,4,-1,-2,-5,-3
1533864514407038,-6,-8,-48,-11,-1,-1,-2,-3
1533864514408862,1,3,-10,-8,-7,1,1,1
1533864514408862,-4,0,-48,13,-1,0,-2,0
1533864514429809,4,6,67,6,-1,1,2,2
1533864514429809,-4,-6,-66,-8,6,0,0,-1
1533864514430803,2,10,4,5,17,-2,-5,-4
1533864514430803,4,4,42,-13,-25,-3,0,0
1533864514442771,-1,1,26,-4,-16,-4,0,-4
1533864514442771,-2,12,73,1,-6,0,-1,-4
1533864514459725,-6,-24,-11,0,3,1,0,1
1533864514459725,0,19,40,17,16,1,-3,1
1533864514466708,0,-7,9,0,6,0,1,1
1533864514466708,-2,-1,-29,-7,-5,-2,-2,-2
1533864514468719,7,24,57,10,7,-3,-4,-3
1533864514468719,-2,-2,21,-2,-2,2,2,1
1533864514489649,-6,-13,-40,-7,-4,1,-1,-2
1533864514489649,-1,-8,-33,-2,1,-1,0,-3
1533864514491640,-2,7,-52,-5,-8,-3,-6,-3
1533864514491640,1,-15,-13,-5,0,0,-2,-2
1533864514503608,-3,5,-1,8,6,0,-2,-2
1533864514503608,0,-4,-11,-6,5,0,-3,-2
1533864514512584,-5,-13,-79,-9,-14,-2,0,-3
1533864514512584,-1,6,28,-4,-6,-5,-6,-8
1533864514526546,-7,-20,-20,3,9,4,2,0
1533864514526546,-3,4,-3,2,-3,-2,-1,-3
1533864514533532,0,2,-63,-12,-1,-7,-5,-4
1533864514533532,10,11,83,20,8,3,8,9
1533864514549489,-4,2,-32,-2,-10,-1,-2,0
1533864514549489,-2,2,-50,-5,1,-2,-3,0
1533864514551484,4,4,91,3,-5,1,-1,1
1533864514551484,0,1,39,3,3,1,0,-1
1533864514563451,-2,-7,-76,-8,-4,0,-1,-1
1533864514563451,-2,1,101,0,-15,0,3,4
1533864514572449,-3,1,-38,-8,7,-4,-2,-3
1533864514572449,-2,1,-18,-3,-2,-3,-5,-2
1533864514586433,5,3,46,3,7,-1,0,1
1533864514586433,-5,-1,-112,-8,-1,-5,-8,-7
1533864514593393,7,-20,85,8,1,1,4,3
1533864514593393,0,-2,12,4,5,2,2,4
1533864514609351,-4,11,62,-12,-11,-5,-4,-6
1533864514609351,0,0,38,12,3,-1,0,-1
1533864514611346,-2,16,49,-10,-18,-6,-4,-3
1533864514611346,-3,-3,-21,-7,3,3,2,1
1533864514632293,-2,-6,-14,1,-1,-3,0,0
1533864514632293,1,-6,-47,-14,0,-2,-3,-1
1533864514633287,3,14,43,10,0,-2,-1,0
1533864514633287,-5,1,-11,-6,-11,-3,-3,-4
1533864514646252,0,0,-38,3,0,0,-2,-4
1533864514646252,0,-3,-1,-1,-2,1,1,0
1533864514653233,-2,-2,-44,0,3,1,0,-1
1533864514653233,-1,-5,-65,-9,0,-1,-3,-3
1533864514669230,5,-3,37,14,5,-1,2,6
1533864514669230,-2,-30,-59,-4,4,-3,-3,-3
1533864514671185,-2,-1,7,9,-4,2,3,2
1533864514671185,-5,-6,-32,-1,-3,-2,-3,-2
1533864514692129,10,12,56,-7,0,1,-2,-3
1533864514692129,-5,-4,-54,-12,1,-1,-4,-5
1533864514693126,-2,12,-16,-9,-18,-8,0,-2
1533864514693126,-6,-15,-14,2,17,6,4,2
1533864514706095,-4,8,-33,-16,-24,-3,-3,-4
1533864514706095,-2,-8,16,-6,-8,-3,-3,-2
1533864514713073,-3,-11,-84,-10,8,-3,-3,-3
1533864514713073,-1,7,50,6,-8,-4,-2,0
1533864514730031,-2,-8,-58,-4,1,-4,-2,-1
1533864514730031,0,11,74,5,6,5,0,0
1533864514731025,-2,-8,-22,-1,-1,-3,-1,-1
1533864514731025,1,-3,-39,-10,-1,-6,-3,-4
1533864514750971,-1,-4,-10,3,9,0,0,1
1533864514750971,2,7,17,3,-7,-4,0,0
1533864514759947,-1,1,5,3,2,0,-4,-1
1533864514759947,0,-2,11,-2,-5,-3,-1,0
1533864514765935,0,5,25,5,3,1,0,0
1533864514765935,-3,0,-13,1,0,-2,0,2
1533864514774907,-1,-5,10,3,3,3,2,1
1533864514774907,0,-1,-50,-1,1,2,0,1
1533864514789868,-9,19,-26,-19,-11,-9,-15,-12
1533864514789868,3,-11,-8,2,2,-1,4,3
1533864514790864,-5,-15,7,-1,-5,2,-1,-3
1533864514790864,1,1,-4,0,-6,1,0,1
1533864514811811,-2,0,-10,-4,4,2,-2,-2
1533864514811811,1,8,13,4,5,0,-4,0
1533864514813804,-3,-2,-17,-6,-14,-5,-3,-1
1533864514813804,-2,-2,-11,-2,8,-3,-3,-4
1533864514825771,3,0,22,11,22,9,8,6
1533864514825771,-4,2,-1,0,3,-3,-1,-1
1533864514834748,1,1,1,2,8,-1,0,1
1533864514834748,-5,-17,-7,-9,-23,-5,-2,-5
1533864514849711,-1,-16,9,1,-3,-2,-1,1
1533864514849711,-1,1,1,2,-2,2,0,-3
1533864514850705,0,13,-1,5,8,3,0,0
1533864514850705,-1,-2,1,-5,0,-3,-3,-2
1533864514871817,-2,-9,-2,1,-3,0,0,0
1533864514871817,-2,8,7,5,-4,-2,0,-1
1533864514873643,-1,6,-4,-5,-2,-2,0,-2
1533864514873643,-1,3,0,1,6,0,0,-1
1533864514885619,-1,0,5,4,-4,-5,0,-1
1533864514885619,-4,-16,-10,-9,-10,-1,-4,-2
1533864514894587,-3,-6,1,-4,0,2,-1,0
1533864514894587,-1,-1,-1,-1,-3,0,-2,-1
1533864514909547,0,-2,-4,-2,-1,-4,-1,-1
1533864514909547,1,6,6,-3,-1,0,1,0
1533864514911542,-1,-3,3,8,3,-1,1,0
1533864514911542,-1,0,-4,-2,0,-2,-3,-1
1533864514939471,-1,-1,6,0,-3,-1,-4,1
1533864514939471,-1,3,-37,-4,-4,-2,-1,1
1533864514941462,-2,-7,-3,1,-3,0,-3,-4
1533864514941462,-3,2,20,-1,-2,-3,-3,-1
1533864514945451,0,-1,2,1,2,1,1,-1
1533864514945451,-1,-4,-22,9,0,3,1,0
1533864514954427,1,6,18,-15,-4,-4,-1,-3
1533864514954427,-2,-13,-32,5,10,3,3,3
1533864514969387,-4,4,65,-14,-5,-4,-3,-2
1533864514969387,-5,-11,-49,-10,6,0,-2,-3
1533864514971382,1,-2,34,6,-1,-2,1,1
1533864514971382,-2,7,-71,11,9,-1,-9,-10
1533864514992546,1,0,7,21,2,3,2,-2
1533864514992546,4,12,124,-14,-34,-6,0,4
1533864514993325,-9,-9,-12,-19,-8,-3,-6,-3
1533864514993325,0,7,13,24,-8,0,-1,0
1533864515005295,-2,-3,-55,8,16,3,1,-2
1533864515005295,-2,-8,-49,-13,4,-7,-6,-4
1533864515014267,1,-5,-20,-12,-4,-3,-1,-1
1533864515014267,3,-2,58,-47,-2,0,-1,4
1533864515029228,2,5,0,24,6,1,2,3
1533864515029228,-1,-1,3,29,2,3,2,-1
1533864515031247,1,-3,-1,-4,0,1,0,2
1533864515031247,-2,7,-19,-14,-3,-1,0,-5
1533864515052169,-1,-6,-5,-11,-7,-2,-3,0
1533864515052169,-6,-7,-8,-14,-3,-4,-5,-7
1533864515053163,5,16,-25,51,14,5,2,3
1533864515053163,2,9,100,25,-4,-2,2,4
1533864515066132,-6,-8,-5,9,-11,-8,-6,-5
1533864515066132,-6,-3,2,18,2,1,-1,2
1533864515074107,1,-8,-32,-54,-8,0,1,0
1533864515074107,3,-3,-48,-19,-6,-5,-4,-3
1533864515090065,0,-1,1,14,5,0,2,1
1533864515090065,1,1,10,11,2,0,-1,0
1533864515091062,0,-8,-15,1,-5,-5,-5,-4
1533864515091062,-2,-5,-7,25,1,-1,-2,0
1533864515112010,1,0,-5,-33,-7,-1,-2,-3
1533864515112010,0,-2,-19,-36,-8,-1,0,-2
1533864515114001,0,-2,6,27,10,2,7,11
1533864515114001,-10,-13,-7,-7,-5,-1,-7,-19
1533864515125981,16,6,-8,6,-7,-7,-5,1
1533864515125981,3,9,4,20,6,-1,2,-1
1533864515134945,-3,-7,2,-4,-4,-3,-5,10
1533864515134945,6,5,0,-17,-1,0,2,-9
1533864515149908,-6,-13,-7,9,8,3,3,4
1533864515149908,6,5,9,-24,1,2,-5,-8
1533864515150902,0,-2,-11,-71,-17,-3,0,10
1533864515150902,5,8,-15,8,3,-2,-2,-4
1533864515171849,-2,2,-3,-56,-7,1,0,2
1533864515171849,-4,-6,-1,5,7,-2,-3,0
1533864515173841,-4,3,16,81,18,4,3,-3
1533864515173841,-2,-6,-7,-51,-21,-8,-6,-5
1533864515185823,-4,-5,-14,6,-16,-7,-2,-1
1533864515185823,-1,2,1,1,0,1,2,-2
1533864515194784,-2,6,3,9,4,2,-2,-9
1533864515194784,0,-2,-1,0,4,-1,2,7
1533864515209745,-7,-2,3,15,7,2,1,-3
1533864515209745,2,-2,-4,9,-1,-5,-2,4
1533864515210742,1,0,2,16,-1,0,-2,-8
1533864515210742,-5,-6,-3,28,4,3,3,4
1533864515231689,-2,-3,-6,5,-4,-2,-4,-2
1533864515231689,-2,-4,6,9,1,-1,-1,0
1533864515233681,-2,-2,-1,0,0,-1,-2,-7
1533864515233681,-2,-3,-5,9,1,2,1,6
1533864515245652,-4,-6,-1,-9,-4,-3,-1,-2
1533864515245652,1,-4,-5,-6,-13,-5,-3,-4
1533864515254625,-2,-2,-11,-7,9,2,-2,-7
1533864515254625,1,5,31,6,24,7,0,7
1533864515269588,-2,1,-21,1,-6,-4,-2,-1
1533864515269588,-7,1,24,-5,-14,-1,4,-1
1533864515271579,-3,17,1,-11,-29,-6,-2,1
1533864515271579,1,-9,0,13,11,-2,-1,0
1533864515292523,-2,0,7,-4,22,11,-2,-5
1533864515292523,-2,-3,1,-5,-13,-17,-7,0
1533864515293536,-4,-5,-7,-3,14,0,-3,-8
1533864515293536,-2,1,-19,6,-3,10,2,-4
1533864515305492,-2,0,1,-16,-23,-6,5,0
1533864515305492,-1,-11,-10,16,7,-2,2,-2
1533864515314464,-3,-6,-13,-23,-13,-12,-6,-4
1533864515314464,3,-3,-4,-5,-3,-12,-5,1
1533864515329428,-3,5,63,1,12,10,-5,-7
1533864515329428,3,6,-7,-4,5,10,5,4
1533864515331419,-2,-4,22,-4,-5,-3,4,-3
1533864515331419,-4,-4,-13,-22,-6,-7,0,-1
1533864515352374,-3,6,-27,-11,-5,-4,1,-1
1533864515352374,1,-13,-9,-3,12,-7,-6,1
1533864515353361,-1,-1,10,2,-15,-2,-3,-5
1533864515353361,1,0,-11,-4,4,4,-3,-1
1533864515365332,2,1,-15,4,-20,-10,-13,0
1533864515365332,-2,5,-5,-4,13,13,14,-2
1533864515374308,-3,-4,-13,-3,9,12,9,11
1533864515374308,-4,-1,1,-1,-9,0,2,-1
1533864515389274,-1,-7,3,6,-2,-4,-5,-1
1533864515389274,-1,-1,-1,1,5,-11,-15,-6
1533864515396246,-3,-4,9,-12,-5,-2,3,-4
1533864515396246,-2,4,13,7,-14,-5,-8,-4
1533864515412207,0,-2,3,24,3,-3,-4,2
1533864515412207,0,2,-4,-29,-21,-1,-1,0
1533864515413201,1,-5,-17,-8,14,-6,-7,-4
1533864515413201,-4,-4,-14,-38,-5,-9,-3,-6
1533864515425168,-1,-5,-17,2,-10,-10,1,-7
1533864515425168,0,2,-4,11,4,-1,1,3
1533864515434144,5,5,12,18,-2,19,3,8
1533864515434144,-1,-1,3,8,7,12,-1,1
1533864515449108,0,-1,-1,-6,13,0,10,4
1533864515449108,-4,-3,-2,-8,-22,-7,-6,-4
1533864515456089,-2,-4,2,4,9,-13,-3,-5
1533864515456089,0,-1,-4,6,-5,6,2,2
1533864515472043,-2,0,-2,-1,-7,0,-3,-2
1533864515472043,-1,-1,4,9,15,8,2,2
1533864515474038,-1,-4,-7,-1,-10,-13,-11,-2
1533864515474038,-3,-4,-8,8,-10,-11,4,-6
1533864515486006,-1,2,0,-1,7,7,6,1
1533864515486006,3,2,1,-4,7,-1,-5,-1
1533864515494982,-1,1,0,1,3,7,2,1
1533864515494982,-1,-3,-5,5,-7,-12,-11,1
1533864515508948,-1,-4,2,0,-3,-11,-7,-7
1533864515508948,2,0,0,5,15,18,14,2
1533864515515929,1,-1,0,-5,-1,4,5,1
1533864515515929,-1,1,3,16,-6,3,10,5
1533864515531890,-1,-5,-7,-2,5,-10,-12,-5
1533864515531890,-3,-3,-5,19,-6,-9,-3,-3
1533864515533878,1,1,-1,23,4,2,-1,-1
1533864515533878,0,-3,1,9,1,0,0,1
1533864515545846,2,-2,0,7,-3,2,-2,2
1533864515545846,-3,-4,-3,8,-13,-4,-3,-5
1533864515554822,-1,-1,0,9,9,2,-1,-2
1533864515554822,-2,-2,0,-2,-3,-8,-6,-4
1533864515568784,0,-1,-4,-10,8,5,2,-2
1533864515568784,-1,1,1,-15,4,3,3,3
1533864515575766,-1,1,5,-10,-19,-9,-5,0
1533864515575766,2,3,3,-4,20,14,4,1
1533864515591726,-2,-2,-8,-39,-21,-3,4,0
1533864515591726,-3,-2,-5,-21,-8,-8,-4,-1
1533864515593718,0,-1,-1,-18,-1,-4,-4,-4
1533864515593718,-3,-3,-2,-5,4,-5,-6,-6
1533864515614665,1,2,7,12,14,9,-4,0
1533864515614665,0,0,-4,-8,-3,2,2,2
1533864515620649,-4,-5,-12,-7,-9,-6,-1,-2
1533864515620649,1,3,2,2,1,1,6,2
1533864515628628,-3,-1,-6,-11,-4,-5,0,-1
1533864515628628,-2,0,-4,-7,-2,-5,-6,-4
1533864515635609,-1,4,6,2,8,3,-2,2
1533864515635609,0,-1,2,-5,-7,-1,-2,0
1533864515650567,0,0,-1,1,2,-1,1,1
1533864515650567,0,1,4,3,4,1,-1,1
1533864515659541,-2,-3,-4,-1,1,-2,-2,-3
1533864515659541,0,0,-3,-4,-6,-2,-1,-1
1533864515674501,0,1,-1,-7,-10,0,2,2
1533864515674501,-6,-4,-37,-9,-3,-4,-2,-3
1533864515676496,-1,0,25,6,13,2,1,0
1533864515676496,-1,-1,4,-10,-18,-5,-3,-2
1533864515697482,-3,-4,-9,-6,-3,-1,1,-2
1533864515697482,1,-2,-4,6,-2,-3,-2,0
1533864515698438,0,-2,-9,-6,-15,-3,0,0
1533864515698438,-2,-2,-7,5,1,-4,-2,-4
1533864515712400,-1,3,9,0,8,2,-2,-1
1533864515712400,0,0,10,3,12,-2,-2,0
1533864515713397,-2,-5,-13,-2,-11,-6,-2,-3
1533864515713397,-1,3,8,-12,-8,-1,0,0
1533864515734342,-2,-3,-9,-3,4,3,2,-2
1533864515734342,3,3,28,-12,1,1,-3,-1
1533864515736336,-2,-3,1,7,3,1,-1,-4
1533864515736336,-3,-3,-12,-2,2,3,4,-1
1533864515748309,0,-1,5,3,-6,-1,-9,-2
1533864515748309,0,0,1,5,-1,1,3,-1
1533864515757280,1,3,0,0,2,5,3,2
1533864515757280,-2,-3,-2,-1,-5,-3,-5,-4
1533864515772243,0,-2,-5,5,2,-2,-1,-2
1533864515772243,-1,-1,-1,3,2,1,0,1
1533864515773237,-1,-1,-4,-3,-5,-4,-5,-2
1533864515773237,-1,-2,-6,2,1,-4,0,-2
1533864515794185,0,-2,4,4,1,-2,1,-3
1533864515794185,-4,2,-13,-2,-12,-4,-3,-2
1533864515796177,-2,-17,13,2,2,-2,1,2
1533864515796177,1,-3,1,4,0,-2,-7,-3
1533864515808144,1,3,-1,-9,-1,1,1,0
1533864515808144,4,6,35,10,4,2,0,1
1533864515817120,-3,6,38,-4,1,0,-3,-4
1533864515817120,-5,-3,-4,-3,-9,-6,-1,-4
1533864515832091,0,-3,5,-3,-15,-6,3,2
1533864515832091,-4,0,-18,1,2,2,6,3
1533864515833077,2,5,-15,-3,8,3,-9,-1
1533864515833077,1,-2,7,2,2,-1,0,0
1533864515855030,-2,3,0,5,0,-4,-1,-4
1533864515855030,-5,-7,-18,-10,4,2,-1,-2
1533864515856033,0,-2,-63,-5,-9,-6,-9,-4
1533864515856033,-1,4,37,3,0,1,0,1
1533864515867984,-2,-2,-15,20,5,0,1,-1
1533864515867984,2,0,78,3,-4,-6,-4,-3
1533864515876962,-3,-7,15,-15,-15,-3,3,-3
1533864515876962,-2,4,-107,-14,4,-5,-4,-5
1533864515891920,-2,-7,53,-1,-4,0,-3,1
1533864515891920,-3,0,-19,4,1,3,0,0
1533864515893914,1,10,-24,-13,1,-5,0,-1
1533864515893914,0,-23,-16,-10,9,1,0,0
1533864515914859,2,-19,-34,7,-18,-6,0,2
1533864515914859,4,3,92,2,-10,-2,-5,1
1533864515915857,-3,0,2,2,3,-1,3,0
1533864515915857,-4,4,-27,-10,-8,-5,-2,0
1533864515927827,1,5,-34,9,11,6,-4,-1
1533864515927827,-1,-10,-46,1,-23,-3,-1,-2
1533864515936816,-1,-4,-24,-3,-4,-4,-1,-2
1533864515936816,4,5,37,3,7,5,4,2
1533864515951763,0,6,-40,-6,10,-1,-4,-3
1533864515951763,4,5,71,9,-1,-4,0,0
1533864515953755,-3,4,17,-1,-3,-1,0,-4
1533864515953755,-7,6,-28,3,-5,-6,-9,-6
1533864515974702,-5,-1,-69,-10,-1,2,2,1
1533864515974702,2,-19,-18,-1,7,2,-1,0
1533864515975697,3,4,115,7,-6,-3,-1,1
1533864515975697,-2,7,48,11,-3,1,1,-1
1533864515988665,-2,5,10,6,12,-1,0,-3
1533864515988665,-1,1,-53,-1,2,0,-2,0
1533864515996640,-2,-8,-64,-15,-15,-1,3,-1
1533864515996640,0,-6,-9,-5,-14,-6,-1,0
1533864516011599,-3,6,35,1,-3,0,-3,-2
1533864516011599,-2,-5,-42,-6,5,-2,-1,-4
1533864516013595,1,-1,9,10,7,6,1,2
1533864516013595,2,3,-1,3,6,0,0,1
1533864516034548,-1,-4,7,-8,-4,-1,0,-1
1533864516034548,-3,-7,-100,-19,-3,-5,-3,-6
1533864516036534,0,-7,45,8,4,1,1,2
1533864516036534,-4,-8,1,3,-4,-1,0,1
1533864516048536,0,7,14,-4,2,-4,-3,-1
1533864516048536,-2,-2,-70,1,2,3,-1,-1
1533864516057478,4,16,54,25,5,2,1,2
1533864516057478,-3,-4,-34,-13,14,3,-4,-6
1533864516072438,3,-10,45,-16,-26,-4,1,2
1533864516072438,-4,17,51,7,9,-2,-4,-3
1533864516073435,0,-14,-35,-6,-2,-1,2,0
1533864516073435,-4,10,5,-11,-40,-5,-1,2
1533864516094384,2,1,-28,8,15,5,1,0
1533864516094384,0,-4,3,0,-2,1,-3,-3
1533864516096374,-6,-4,-48,-8,-2,-4,-3,-5
1533864516096374,2,-7,-16,7,17,2,3,3
1533864516108344,0,0,-1,-4,-1,-2,-4,-2
1533864516108344,-2,0,21,-4,-7,-2,-1,1
1533864516124298,-1,2,-24,8,2,0,-5,-2
1533864516124298,2,-2,5,-5,-8,0,0,-2
1533864516132281,0,-5,22,-3,7,1,0,0
1533864516132281,-2,5,13,-4,-2,-4,1,0
1533864516133275,-3,-3,-26,-4,4,-2,-2,-1
1533864516133275,3,-3,20,7,16,4,0,-1
1533864516154225,-3,0,2,-1,-16,-7,-2,-1
1533864516154225,-3,-4,-18,-16,-15,-10,-1,0
1533864516156214,-1,-2,-13,-10,3,3,0,-1
1533864516156214,-4,-6,-25,1,8,1,-1,0
1533864516168185,-2,-16,-26,4,-6,-5,-3,1
1533864516168185,-5,-4,-7,-4,-25,-6,0,-1
1533864516177157,1,1,-52,4,27,9,-1,-3
1533864516177157,2,0,46,-2,47,-1,-5,-4
1533864516192121,-7,0,-20,-19,-83,-17,3,0
1533864516192121,1,-3,7,5,-1,1,-1,-1
1533864516193117,-2,-7,-28,-11,-25,-6,-2,-1
1533864516193117,3,4,-13,16,21,9,1,0
1533864516214150,-2,-2,-5,-2,27,5,-2,-4
1533864516214150,0,-2,8,-3,2,0,-1,2
1533864516216149,0,4,17,1,-6,-5,-1,-3
1533864516216149,1,0,9,-8,-14,-4,0,1
1533864516228114,-1,3,32,4,5,-4,1,1
1533864516228114,-1,-1,-5,0,9,7,3,-5
1533864516237085,-2,-5,1,0,0,-5,-7,-9
1533864516237085,3,-1,10,-8,-22,-8,-6,7
1533864516251052,-4,-5,-13,13,23,4,-1,-1
1533864516251052,-2,3,-3,9,8,1,0,-1
1533864516258209,-1,-3,6,-5,23,4,0,-2
1533864516258209,-8,-7,5,-3,-46,-9,0,-6
1533864516274986,4,6,7,2,15,8,-1,0
1533864516274986,-1,-1,-3,-1,11,-3,-5,-1
1533864516275985,-2,-3,18,-1,-12,-5,1,-1
1533864516275985,-2,-3,-4,0,-4,-4,-1,-2
1533864516288156,0,-1,-3,1,15,0,-4,1
1533864516288156,1,-1,1,-7,-10,-4,-1,-1
1533864516296925,1,2,-1,-1,-22,-3,1,4
1533864516296925,-4,-3,-8,-4,-3,1,0,0
1533864516310907,1,0,6,0,0,1,-1,-3
1533864516310907,-2,-4,-2,4,-5,-1,-1,-1
1533864516317873,-1,0,4,-4,15,4,-1,-1
1533864516317873,-2,-4,-40,-1,7,-2,0,-2
1533864516334827,0,14,42,-4,-13,-2,1,-1
1533864516334827,-1,-19,-12,-3,0,1,-1,-2
1533864516335821,0,-1,13,2,2,0,-1,0
1533864516335821,0,10,66,3,-1,-3,-1,-2
1533864516348801,-1,-6,-19,0,14,0,-3,-2
1533864516348801,0,-2,-3,0,-2,-1,1,1
1533864516356897,-2,4,19,4,-11,-4,-1,0
1533864516356897,-3,4,-26,-4,-7,-4,-2,-2
1533864516371811,-2,-7,-68,-1,12,2,0,-3
1533864516371811,-2,14,55,-6,-16,-7,-5,0
1533864516377712,1,-17,-11,4,-1,3,3,1
1533864516377712,2,3,-38,-3,21,4,0,-2
1533864516401722,-6,-3,-33,-7,-36,-6,-2,-2
1533864516401722,-2,6,-40,-8,9,6,1,-3
1533864516403641,-3,-15,-17,-9,-10,-6,-2,-1
1533864516403641,2,-14,17,9,0,2,1,2
1533864516408627,1,-5,-28,-6,10,-1,1,0
1533864516408627,-2,1,-17,-9,-10,-2,0,0
1533864516416605,0,10,44,1,-1,-1,-1,0
1533864516416605,2,3,62,14,8,4,3,1
1533864516431756,0,-2,9,-4,-1,0,-5,-3
1533864516431756,-4,0,10,8,-2,-3,-4,-1
1533864516433580,-1,2,-16,0,6,-1,-2,-1
1533864516433580,-6,-13,-68,-23,-11,-4,-5,-4
1533864516454596,3,5,-18,-7,-4,-2,2,0
1533864516454596,1,9,54,18,14,2,0,-1
1533864516456516,-5,5,-3,-2,-6,-3,-5,-1
1533864516456516,-3,-8,-8,-3,-10,1,1,-1
1533864516468470,0,13,-32,-16,-3,-2,-3,-2
1533864516468470,1,-25,-15,10,9,0,-1,2
1533864516477443,-2,-3,7,3,-6,-1,1,0
1533864516477443,0,3,23,4,-7,0,-1,1
1533864516492403,1,0,25,5,10,0,-2,0
1533864516492403,0,6,-26,-4,26,-2,-5,-4
1533864516493410,0,3,-2,-18,-38,-1,1,-1
1533864516493410,-3,-12,-76,-6,-6,-3,-4,-3
1533864516515346,1,-2,56,9,-1,-1,1,0
1533864516515346,-2,-2,-12,-5,1,-1,-2,-3
1533864516516338,-1,-2,-25,3,11,1,1,-2
1533864516516338,-3,7,45,0,-9,-5,-3,-2
1533864516537457,1,-1,5,-3,12,1,1,0
1533864516537457,-1,2,26,7,-21,-1,-1,-1
1533864516538279,-1,0,-8,-3,7,-3,-4,-3
1533864516538279,2,11,-1,2,2,-2,1,0
1533864516552246,-6,-31,-35,-13,-2,-2,-3,-2
1533864516552246,3,12,-44,-3,1,-3,0,-2
1533864516553240,1,11,54,8,2,-1,0,1
1533864516553240,-3,-18,4,9,6,0,2,3
1533864516574184,-3,-2,3,5,-4,1,-1,-2
1533864516574184,-3,-9,-52,-14,-12,-2,-1,-2
1533864516576190,-2,-2,-75,-7,4,-6,-4,-4
1533864516576190,1,17,47,-2,-3,-2,-2,-1
1533864516597122,-1,7,35,6,3,-3,-1,0
1533864516597122,-3,-2,-41,-9,-3,-2,-2,-3
1533864516598155,5,-1,17,-3,8,1,1,0
1533864516598155,-2,-7,-2,10,-2,-1,-1,-2
1533864516612299,0,3,-7,-4,-5,5,-1,-2
1533864516612299,0,4,-13,-18,-9,-2,-1,0
1533864516613116,-3,-5,-22,0,16,-1,-4,0
1533864516613116,1,-4,29,4,4,0,1,1
1533864516634024,-3,6,16,6,-10,-5,-2,-2
1533864516634024,3,-2,19,6,3,2,2,2
1533864516636018,-3,-2,-18,-19,-4,-1,0,-3
1533864516636018,-7,14,-13,-4,-3,1,0,-2
1533864516656965,16,3,-26,5,1,-3,-2,-2
1533864516656965,-14,12,106,12,0,0,0,-2
1533864516658958,-1,-6,-25,-7,-7,-4,-5,-3
1533864516658958,14,-3,-21,-5,3,2,-1,-1
1533864516670928,-3,-6,25,-2,-6,-2,0,0
1533864516670928,3,-3,-23,-4,2,1,-2,-1
1533864516677907,3,1,18,17,8,0,0,2
1533864516677907,-3,11,1,-7,5,-5,-6,-6
1533864516694866,-2,-4,-3,0,5,3,3,3
1533864516694866,2,-9,79,-17,-38,-11,-5,0
1533864516695859,-10,-5,4,15,-7,2,4,0
1533864516695859,-1,-8,-31,-9,-10,-4,-2,-3
1533864516716806,-5,-5,13,6,9,4,2,0
1533864516716806,-2,6,-24,-6,19,1,-5,-4
1533864516718802,2,-3,-5,3,2,2,0,-4
1533864516718802,-1,1,11,-1,-2,6,1,7
1533864516731765,-2,6,1,-6,-3,-7,-5,-5
1533864516731765,-4,-8,-29,4,-5,0,0,-2
1533864516737750,1,4,8,-2,0,1,0,-1
1533864516737750,0,-5,-5,-3,-4,1,2,-1
1533864516754706,-5,-1,-2,3,-4,-4,-2,0
1533864516754706,1,-5,-20,3,7,-1,0,0
1533864516755697,2,-1,13,-3,-4,-5,-4,-1
1533864516755697,-3,4,4,-6,-3,-1,0,-3
1533864516776643,-5,-14,-95,-14,-2,-3,-3,-3
1533864516776643,5,2,101,24,2,4,6,4
1533864516778638,0,27,-71,-36,-2,-3,-4,-3
1533864516778638,-6,-46,-14,4,5,1,3,2
1533864516791604,-8,3,65,17,-14,-4,-4,-2
1533864516791604,-2,-9,-14,-1,4,-4,-2,-2
1533864516798589,-2,1,-11,-13,-11,-5,0,1
1533864516798589,1,10,-5,2,5,2,-1,-2
1533864516814544,3,-4,3,-6,-17,-4,-2,0
1533864516814544,3,2,-35,-17,6,2,-1,-1
1533864516816540,-1,-1,42,14,0,-1,0,0
1533864516816540,-5,1,-15,-9,-19,-4,-3,-4
1533864516836501,-1,0,11,0,8,4,3,0
1533864516836501,-4,3,-16,-2,-4,1,-4,-1
1533864516838491,-2,-9,-5,1,-14,-1,-1,-2
1533864516838491,2,1,5,-2,2,-6,-3,-1
1533864516851444,0,2,-5,0,14,5,2,-1
1533864516851444,-2,-4,-13,0,-20,2,2,1
1533864516858427,1,-5,12,2,20,3,1,-1
1533864516858427,-4,3,-6,1,-5,-6,-4,-4
1533864516874558,3,2,33,-5,-1,-4,0,0
1533864516874558,-1,13,-34,-8,-1,-5,-5,-5
1533864516876383,6,-17,62,13,1,4,2,4
1533864516876383,-3,-7,-67,-10,3,-1,-1,-1
1533864516897455,-4,6,27,3,-1,-2,-5,-2
1533864516897455,3,-6,-2,4,1,0,2,-1
1533864516898317,-4,6,-25,0,-4,-3,-4,-4
1533864516898317,0,4,-2,0,-6,-3,-1,0
1533864516911283,0,-14,0,4,9,4,2,0
1533864516911283,1,-6,-30,-6,6,0,-2,-1
1533864516918267,-5,-3,3,5,-22,-6,0,-1
1533864516918267,1,5,17,-5,-3,-3,-1,0
1533864516934224,-5,2,-26,6,-7,2,-2,-4
1533864516934224,3,4,16,-19,26,-2,3,3
1533864516936215,-3,-2,-20,-11,-3,-1,-1,-2
1533864516936215,1,4,25,14,14,3,-1,-1
1533864516957378,-1,-2,-11,-8,-10,-4,-3,0
1533864516957378,-2,-4,-5,3,5,2,0,-2
1533864516959171,-2,-2,3,2,-1,0,-1,-2
1533864516959171,-1,7,-23,-6,0,-4,-3,-2
1533864516971123,-3,-8,-3,-10,-12,-1,-1,-1
1533864516971123,-5,-7,-82,0,-2,-2,-4,-5
1533864516978122,2,2,65,10,-2,3,2,2
1533864516978122,1,2,25,10,27,7,0,0
1533864516995064,-1,7,-4,-3,-1,-3,-1,-1
1533864516995064,-6,-13,-46,-16,-13,-7,-6,-4
1533864516996057,-5,3,-45,2,4,-1,-3,-4
1533864516996057,-1,-9,8,-1,-25,-1,2,1
1533864517016999,5,3,13,10,17,5,1,1
1533864517016999,2,4,20,12,13,1,0,-1
1533864517019010,-6,-8,-18,-8,-9,-11,-6,-3
1533864517019010,-5,-2,6,-5,-9,-3,-3,-2
1533864517030966,0,9,-30,-6,11,-2,-4,-2
1533864517030966,-1,-17,60,8,-9,6,4,2
1533864517045922,7,-13,-4,1,26,4,3,4
1533864517045922,-8,-1,17,-6,-16,-6,-6,-2
1533864517054898,-9,-14,-80,-3,-16,-6,-5,-4
1533864517054898,3,25,104,17,11,7,2,0
1533864517055932,-5,4,-74,-13,1,1,-3,-3
1533864517055932,2,-20,-38,2,0,6,3,3
1533864517076840,0,-7,15,-1,1,-2,1,0
1533864517076840,-4,4,-21,-7,-10,-5,-3,-2
1533864517078834,0,-4,-9,-2,4,-1,-3,-3
1533864517078834,0,6,-13,1,9,1,0,-1
1533864517090802,2,6,-6,-4,-10,-3,-2,0
1533864517090802,-2,-6,-28,-3,-7,-4,0,0
1533864517099806,-2,-2,-73,-10,-12,-5,-3,-4
1533864517099806,2,-13,56,1,6,0,3,2
1533864517114738,-2,-3,25,0,5,-3,1,1
1533864517114738,-7,-6,-69,-10,-8,-8,-6,-6
1533864517115736,4,-11,74,16,0,1,1,3
1533864517115736,-6,7,-35,-16,-13,-2,-1,-1
1533864517136792,-2,-10,-72,-1,4,3,4,1
1533864517136792,-4,6,29,11,-6,-3,-5,-1
1533864517138675,9,25,52,-14,-9,-8,-8,-4
1533864517138675,-4,-1,12,9,12,0,0,0
1533864517150644,-3,-23,-59,-4,3,1,1,0
1533864517150644,0,8,33,3,5,3,0,-1
1533864517159619,-2,2,-17,-3,-8,2,-1,-1
1533864517159619,3,13,19,8,-12,-6,-5,-3
1533864517174581,-1,4,2,-5,-4,0,-1,-3
1533864517174581,0,-10,-31,-2,-4,-1,3,1
1533864517176584,-2,-5,16,-2,16,0,-1,-1
1533864517176584,1,-2,-11,8,16,0,0,0
1533864517196524,-2,2,23,-9,-15,-4,-3,-2
1533864517196524,0,-4,7,4,6,-5,-1,0
1533864517198514,-5,3,-10,-3,-11,0,1,1
1533864517198514,-2,-11,38,3,1,-1,-3,-2
1533864517210561,1,4,24,1,-3,-2,-3,-1
1533864517210561,-4,-11,-3,-13,-12,-4,-5,-2
1533864517219458,-3,12,-9,-1,2,-2,-1,-3
1533864517219458,1,-11,-47,7,-1,-2,1,-2
1533864517234418,4,25,96,15,5,3,1,1
1533864517234418,0,-27,41,10,2,5,2,1
1533864517236413,-11,-2,-86,-7,-5,1,-2,-2
1533864517236413,-3,-1,-29,-7,-14,-2,-3,-3
1533864517257540,9,2,114,-9,27,-2,0,3
1533864517257540,-3,3,-40,-15,-13,-5,-2,0
1533864517258355,-6,-6,-64,11,-8,-2,-2,-3
1533864517258355,3,6,86,-1,15,8,4,3
1533864517271319,-4,-5,-54,1,-19,-1,-3,-5
1533864517271319,3,9,-27,-13,-4,-4,-2,-4
1533864517279300,1,-6,51,8,0,-3,2,2
1533864517279300,-1,3,-43,-12,-2,-5,-4,-3
1533864517294258,-1,-2,-18,-2,13,3,-2,-1
1533864517294258,-1,-1,-13,-4,0,-5,-4,-2
1533864517296253,2,-1,15,-4,-19,-4,2,3
1533864517296253,-5,-1,-9,-4,7,1,-1,-1
1533864517317200,-3,3,-38,-7,1,0,1,-1
1533864517317200,-4,-9,46,18,-4,-4,-2,1
1533864517319233,0,8,-83,-8,2,-1,-2,-3
1533864517319233,-4,-11,-17,-10,-7,1,-2,-3
1533864517331165,0,6,70,8,-6,1,0,1
1533864517331165,1,6,9,-4,5,4,2,2
1533864517339138,-1,-6,4,-1,4,0,-3,-3
1533864517339138,-1,1,-2,0,-7,-5,-2,-1
1533864517355095,-2,-12,-101,-23,-9,-4,-5,-7
1533864517355095,1,13,29,9,3,3,-1,0
1533864517356101,4,4,85,8,11,1,1,0
1533864517356101,2,8,-20,-3,-9,-1,-3,-3
1533864517377036,-8,1,-68,-15,-12,-10,-6,-6
1533864517377036,-2,0,30,11,-2,5,5,3
1533864517379031,-2,-8,-14,-9,11,0,-1,1
1533864517379031,-3,0,-23,12,6,-2,-5,-4
1533864517391091,-4,-18,-95,-8,-15,-3,0,-2
1533864517391091,3,7,26,-6,-2,-2,0,-2
1533864517399975,5,0,118,22,5,1,1,1
1533864517399975,-7,1,31,2,-3,1,4,3
1533864517413939,-2,6,49,10,-10,-4,-1,2
1533864517413939,0,-2,-36,-5,4,0,0,2
1533864517420982,3,11,-6,-9,-3,2,-1,-1
1533864517420982,2,-8,14,-1,1,-1,-2,-1
1533864517436880,2,-1,45,5,5,3,0,2
1533864517436880,-2,2,-23,-3,3,0,1,-1
1533864517438871,-3,-5,-21,-4,-4,-1,-5,-3
1533864517438871,3,7,-3,-5,5,1,0,1
1533864517450851,-4,-10,-14,2,4,-1,-2,-1
1533864517450851,0,8,21,-1,-8,-3,-3,-3
1533864517459815,-3,5,25,-4,-6,-1,0,-2
1533864517459815,4,-6,61,-2,0,1,3,4
1533864517473981,-4,-6,45,14,0,4,4,3
1533864517473981,3,9,40,-2,-3,-7,-6,-3
1533864517480759,-3,-35,-88,-18,15,-4,-1,-2
1533864517480759,1,-13,44,11,-10,3,6,5
1533864517496753,-5,6,1,11,8,-5,-4,-4
1533864517496753,-5,-14,-65,-2,-5,-3,-2,0
1533864517498715,-3,15,41,3,-11,0,0,0
1533864517498715,-3,3,-54,-11,-7,-6,-6,-6
1533864517519671,3,-1,2,1,6,4,4,0
1533864517519671,-8,-18,-67,6,5,1,-1,-1
1533864517521693,1,2,-6,-9,-3,-3,-1,-1
1533864517521693,-3,3,-21,-16,-5,-8,-3,-3
1533864517533621,1,-2,26,1,2,-1,-3,-2
1533864517533621,-1,0,-41,-6,0,-3,-3,-2
1533864517540598,1,13,56,2,-3,1,1,0
1533864517540598,3,0,50,2,7,1,4,3
1533864517557559,2,-6,64,-1,-3,-3,-3,1
1533864517557559,-3,0,-17,-2,-6,-2,1,0
1533864517558551,0,-6,-108,-11,1,2,-1,-4
1533864517558551,-3,4,18,5,-2,1,-2,-1
1533864517579522,-1,5,-9,-9,-10,0,1,-1
1533864517579522,1,-4,17,0,7,-3,-1,-1
1533864517581490,-4,-6,-23,2,-8,-5,-2,-1
1533864517581490,-1,6,-34,1,3,-3,-3,-4
1533864517593465,1,3,-17,-4,-8,-4,-2,-2
1533864517593465,0,0,-2,6,5,4,1,0
1533864517602436,-2,-12,-15,-2,0,-2,-1,0
1533864517602436,-1,-2,-38,-2,-2,-1,-2,-3
1533864517617449,-1,-2,20,5,-1,-2,-1,-1
1533864517617449,-1,2,-94,-13,-14,-4,-4,-5
1533864517618391,-2,-11,58,7,22,1,1,2
1533864517618391,-4,-1,-4,0,-10,1,-1,-1
1533864517639346,-4,0,-18,-2,-2,-2,-2,-1
1533864517639346,-3,0,-1,-3,-2,1,-2,-2
1533864517641360,-2,-17,4,8,-7,-2,-1,-1
1533864517641360,0,1,-18,-3,7,-3,-3,-3
1533864517653298,2,1,-27,2,5,-3,-1,-2
1533864517653298,3,2,69,-5,-8,0,0,1
1533864517662274,0,3,0,4,-12,-1,-2,1
1533864517662274,-2,1,-8,-9,-4,0,-1,-1
1533864517677250,-1,-1,1,-1,0,1,-1,-2
1533864517677250,1,1,15,6,0,-2,0,-1
1533864517678231,-2,2,4,-2,5,-2,1,-1
1533864517678231,-2,-2,-16,-2,-10,-2,-1,-1
1533864517699238,0,4,-11,2,11,3,1,2
1533864517699238,2,0,6,-18,-5,-4,-1,-1
1533864517701170,-4,-4,-14,3,-2,1,-1,-2
1533864517701170,0,-1,-18,-1,1,-3,-1,-2
1533864517713138,0,0,-1,0,1,-1,-1,-1
1533864517713138,-2,-1,15,5,5,1,1,-1
1533864517722114,-1,1,3,-2,-6,-1,-1,-2
1533864517722114,0,-2,-1,-3,-1,-5,-4,-2
1533864517737247,-1,-1,1,1,0,-2,-1,-1
1533864517737247,-2,-4,-5,0,0,-2,-3,-2
1533864517739068,-1,2,-3,-3,-1,-2,-2,-4
1533864517739068,-2,-1,-10,2,7,2,2,0
1533864517759014,-1,-1,-5,-3,-3,0,0,-2
1533864517759014,-2,-2,-6,-2,-4,-2,-1,-1
1533864517761019,-2,-2,-44,0,-8,0,-2,-3
1533864517761019,1,2,15,0,-2,-1,-2,-2
1533864517773025,-2,1,0,0,-2,-3,-1,-1
1533864517773025,-2,-5,-1,-2,0,-1,-1,0
1533864517789949,-1,2,1,-3,4,2,1,1
1533864517789949,-4,-2,-11,4,-7,-3,-2,-2
1533864517796917,0,2,-1,3,0,1,0,-1
1533864517796917,-2,-3,-9,-3,-3,-4,-2,0
1533864517798909,0,1,18,-2,0,-1,0,0
1533864517798909,0,-2,-8,-2,1,1,-3,0
1533864517818858,1,-2,-1,-2,-4,-3,-1,-1
1533864517818858,0,-10,18,1,9,0,1,1
1533864517826834,1,1,9,4,8,2,-3,-2
1533864517826834,2,-7,8,1,-8,4,2,-1
1533864517832821,-6,-6,-14,-5,-1,0,-2,-1
1533864517832821,-1,-2,-6,-4,-5,-1,-1,-1
1533864517841800,-1,-1,6,-1,-24,-7,-4,-3
1533864517841800,0,2,-3,-2,18,6,4,1
1533864517856757,0,1,-3,-1,-3,-2,-3,-2
1533864517856757,-2,-1,-22,-2,4,-1,-4,-5
1533864517858749,0,5,49,-1,4,2,4,5
1533864517858749,0,4,-4,-4,-4,-3,-2,0
1533864517879721,-2,-2,1,0,3,-2,0,1
1533864517879721,-2,3,-3,4,-6,-2,-3,-1
1533864517881688,-1,-6,-13,-7,2,-5,-5,-4
1533864517881688,-2,-2,-7,-6,-4,-5,-4,-3
1533864517892691,-1,0,11,8,8,1,0,0
1533864517892691,-3,-2,4,-9,-8,-1,-2,-1
1533864517909611,-2,-2,-15,15,-5,-1,-2,-1
1533864517909611,-1,-1,-4,-1,7,0,-2,-2
1533864517916593,1,2,-4,-8,-2,-1,1,-1
1533864517916593,-2,5,-12,-26,-9,-3,-2,-2
1533864517918588,0,-5,-21,-16,-5,-5,-2,-2
1533864517918588,-3,1,0,25,2,-4,-4,-1
1533864517939532,-2,-3,-1,-32,-4,-4,-4,-3
1533864517939532,0,1,8,-22,1,-2,0,-2
1533864517941527,-1,3,1,19,6,3,3,3
1533864517941527,0,-4,-5,-11,-13,-3,-3,-1
1533864517953494,-1,-3,-6,-37,-3,0,-2,-4
1533864517953494,-1,-2,-3,22,4,2,-1,2
1533864517962471,-1,0,2,0,1,-2,-4,-1
1533864517962471,-2,3,-1,-8,3,-1,2,0
1533864517977430,-1,1,19,17,-3,-2,0,-1
1533864517977430,0,-2,3,9,5,0,0,0
1533864517978430,-3,-2,-5,10,-3,-3,-3,-3
1533864517978430,0,0,8,-7,-3,-4,-2,-1
1533864517999372,-3,-2,-12,7,-1,0,-4,-4
1533864517999372,3,2,6,17,6,5,5,6
1533864518001367,0,-2,-3,-38,-8,2,2,1
1533864518001367,0,7,-11,-29,-14,-2,-2,-4
1533864518013335,-1,4,-14,-3,-5,-2,-2,-3
1533864518013335,-3,-3,10,16,8,-3,-2,-2
1533864518022311,-1,0,4,14,3,-3,1,0
1533864518022311,-1,-2,-2,-15,-1,-1,0,-3
1533864518037281,0,-1,-6,8,0,-4,-4,-2
1533864518037281,-4,-10,-42,-18,-12,-5,-3,-4
1533864518038366,-1,2,3,-5,-5,-4,-2,-3
1533864518038366,-3,-5,-8,-32,-9,-3,-1,-1
1533864518067408,0,1,8,22,10,6,3,4
1533864518067408,-1,1,-3,22,3,2,0,-1
1533864518068192,-2,-4,-57,-35,-4,-4,-1,-1
1533864518068192,1,2,-23,22,7,-2,-2,-2
1533864518073393,-5,-12,22,6,-4,-2,2,2
1533864518073393,-2,1,9,-44,-8,-2,-2,-1
1533864518082161,0,2,13,21,11,1,0,0
1533864518082161,0,-5,-5,39,7,-2,-1,2
1533864518097111,2,-1,-38,-32,-14,-6,-3,-3
1533864518097111,-4,6,16,1,-3,0,0,-2
1533864518098108,-8,-13,7,14,2,3,-1,-3
1533864518098108,-6,-4,0,0,3,-1,-2,-1
1533864518119051,-2,-3,6,-1,-3,-1,-2,2
1533864518119051,1,-1,-2,-6,-3,-2,-4,-5
1533864518121059,2,4,13,3,0,-2,0,0
1533864518121059,0,-2,7,28,2,0,0,-3
1533864518133014,3,2,1,-5,2,0,-1,0
1533864518133014,-3,1,0,15,0,-1,0,1
1533864518142035,1,2,0,3,-2,2,-1,-1
1533864518142035,-6,-10,8,-10,-1,-1,-1,0
1533864518156953,9,13,-2,4,-1,-1,-2,-3
1533864518156953,2,-5,-5,12,3,0,-1,0
1533864518158946,-1,0,4,-10,-7,-5,0,-2
1533864518158946,0,4,-4,-9,-2,0,1,-1
1533864518179893,-5,-24,-95,-4,-3,-2,-3,-3
1533864518179893,-3,1,45,16,6,2,2,1
1533864518180887,2,3,61,-6,-1,2,-1,2
1533864518180887,-1,0,4,4,3,-1,-1,-2
1533864518192863,-1,-2,-9,-13,7,0,0,1
1533864518192863,2,-2,-18,-27,-36,-7,-2,-2
1533864518201830,-6,-7,-30,-10,-24,-6,-4,-3
1533864518201830,2,1,0,-8,-7,-3,0,0
1533864518215797,-2,5,35,18,24,10,4,1
1533864518215797,0,0,0,34,16,5,1,1
1533864518222774,-1,3,5,-17,2,2,1,0
1533864518222774,-5,-2,-11,-23,-15,-6,-3,-4
1533864518239733,-1,3,11,9,-6,-6,-5,-3
1533864518239733,-3,-1,-3,-4,5,-1,-2,-2
1533864518240727,7,1,-16,16,4,1,-3,2
1533864518240727,1,0,8,13,7,1,0,0
1533864518252694,-7,-11,-1,-21,-15,-6,-3,-4
1533864518252694,-3,-3,-8,-15,-9,-6,-1,-2
1533864518261671,-1,-4,3,0,-4,-8,-7,-3
1533864518261671,6,3,-18,-4,29,-1,-5,-3
1533864518276631,-4,3,14,-1,-13,3,7,-1
1533864518276631,1,8,52,-1,-14,5,5,4
1533864518283612,-4,-8,-4,-6,5,3,-3,-4
1533864518283612,-3,-2,-4,-3,-3,-4,-4,-2
1533864518299569,2,-4,68,10,-15,-6,-3,0
1533864518299569,-1,-5,-19,-3,8,-4,-4,-2
1533864518301565,-1,6,-8,9,-1,4,3,0
1533864518301565,0,-3,15,2,7,2,-5,-1
1533864518313532,-1,3,-9,2,5,-1,-1,2
1533864518313532,0,-4,-19,-9,-7,-6,-2,-2
1533864518322514,0,0,10,2,3,-1,-1,-2
1533864518322514,-4,-3,-19,5,-8,-3,2,-2
1533864518344450,-1,3,-2,4,-1,-3,-2,1
1533864518344450,1,0,-5,6,8,6,0,2
1533864518346445,-3,-3,-18,-5,3,-7,3,-3
1533864518346445,-1,-3,8,-1,-9,-3,1,-1
1533864518359409,-2,1,-8,3,3,8,3,-2
1533864518359409,-1,-4,1,-1,-1,1,-6,-5
1533864518361404,0,-3,-3,0,12,-5,-3,1
1533864518361404,-1,2,7,-2,-11,-2,3,3
1533864518373578,-4,-3,-2,-15,-4,-5,-2,-2
1533864518373578,-4,-2,-17,-4,9,1,0,-5
1533864518382362,-3,-1,-2,-6,-13,-2,-3,-2
1533864518382362,0,0,2,5,5,2,2,5
1533864518396314,-3,0,-10,2,-7,-1,2,-1
1533864518396314,0,-3,-3,-4,2,0,1,0
1533864518403293,0,-1,-4,-3,-2,0,-3,-4
1533864518403293,0,-4,6,0,3,-1,-4,-3
1533864518419257,0,-5,-2,3,2,-2,-7,-2
1533864518419257,0,-1,-6,-1,-5,-6,-1,-1
1533864518421243,2,3,10,7,2,0,3,2
1533864518421243,-2,-1,-6,-4,-7,4,0,-3
1533864518442189,-1,-1,-3,-1,1,-2,1,-2
1533864518442189,-1,-2,-4,-1,0,-9,-11,-3
1533864518443185,0,-1,-5,2,1,2,8,3
1533864518443185,-1,0,-1,-5,-5,11,-1,-1
1533864518456150,0,3,-1,5,7,1,5,1
1533864518456150,-1,1,4,-3,3,-1,-1,2
1533864518463134,-1,-3,-4,-1,-5,-4,1,-4
1533864518463134,-1,-1,0,1,-15,-9,-2,-2
1533864518479090,0,-3,-2,4,8,1,-5,-3
1533864518479090,-2,-2,-5,-1,-3,-7,1,1
1533864518481118,-2,1,1,-3,9,4,-2,2
1533864518481118,-4,-4,-4,-6,-13,-6,-4,-4
1533864518502060,0,0,-3,0,-7,-4,-5,2
1533864518502060,2,0,4,3,1,1,-5,-3
1533864518504048,-2,-4,-4,-1,2,0,-1,-2
1533864518504048,1,0,4,6,8,5,7,4
1533864518516999,-3,-1,-5,-4,-2,-2,0,0
1533864518516999,-3,-1,-3,0,-2,-1,3,-4
1533864518523447,-3,-1,0,-2,-10,-5,-7,-1
1533864518523447,-1,0,1,4,7,-2,-4,-6
1533864518539204,-1,1,-4,-1,1,3,6,4
1533864518539204,-3,-2,-2,2,1,5,2,4
1533864518541198,-2,-3,2,1,-1,-1,-1,-1
1533864518541198,-3,-4,-5,-12,-24,-11,-2,-3
1533864518562142,-1,-2,1,-1,3,-2,-2,-4
1533864518562142,0,1,-2,3,-6,0,-2,0
1533864518563140,3,0,-1,7,8,3,-2,0
1533864518563140,-1,0,-1,5,7,-2,-3,1
1533864518576121,-1,-2,-1,2,-2,-4,2,-4
1533864518576121,-1,0,-2,0,4,-2,-2,-3
1533864518585081,-1,2,2,6,-10,-3,1,0
1533864518585081,0,-1,-1,-3,-7,0,-3,-1
1533864518599047,-2,1,-1,6,11,1,-4,1
1533864518599047,-1,-2,0,0,0,0,-1,-1
1533864518601038,-3,-1,-5,-11,-28,-6,-5,-4
1533864518601038,-2,0,0,1,9,0,1,0
1533864518621983,0,-2,-1,-4,0,-1,-3,1
1533864518621983,0,-2,-3,-2,7,2,-1,-2
1533864518623977,1,-1,2,-8,6,1,2,-1
1533864518623977,-2,-1,-4,-2,-12,-3,-2,0
1533864518635945,0,-5,-3,-7,-6,-2,2,0
1533864518635945,-1,-1,0,-1,4,-1,-1,-1
1533864518644921,0,-1,-3,-3,10,3,-1,0
1533864518644921,-1,-2,0,-1,0,-2,0,-3
1533864518658889,-1,0,0,1,-10,-8,-6,-4
1533864518658889,2,2,4,4,3,3,-1,1
1533864518659882,-3,-3,-11,-5,2,2,3,0
1533864518659882,-1,-1,6,-2,-2,4,-1,3
1533864518681900,-4,-1,-3,0,-8,-2,-1,-5
1533864518681900,-1,-3,5,-4,-6,-6,-6,-4
1533864518681900,0,-2,-7,1,17,3,-6,0
1533864518681900,0,-1,-4,-5,2,-3,4,3
1533864518703764,-3,1,5,-3,-8,1,-3,1
1533864518703764,-5,-5,-16,-9,-15,-4,-3,-3
1533864518704762,-3,-2,0,1,-1,-1,-4,-5
1533864518704762,1,1,3,5,4,2,-4,-5
1533864518718928,2,6,2,-19,5,-4,-2,-1
1533864518718928,-1,-10,14,5,8,4,4,4
1533864518719722,-2,0,-2,2,-5,-2,3,2
1533864518719722,3,6,59,-3,2,1,0,2
1533864518741666,-3,-3,-9,8,1,0,-2,-2
1533864518741666,0,3,-5,-1,5,-1,1,0
1533864518742660,0,-1,11,-4,-9,-8,-4,-2
1533864518742660,-3,-5,-26,-3,-8,0,-1,-2
1533864518763816,3,12,-68,-9,-2,2,-4,-4
1533864518763816,2,-17,79,17,8,2,5,3
1533864518764766,-2,-6,-78,-7,-19,-6,-2,0
1533864518764766,-4,20,41,7,-4,2,-4,-1
1533864518778728,-2,0,-4,12,31,4,-1,-1
1533864518778728,-5,0,-29,-13,-24,-13,-5,-4
1533864518779730,0,-6,21,6,-4,-1,-2,-4
1533864518779730,-2,-8,-56,-14,-6,-4,-3,4
1533864518801670,6,6,123,5,-13,-6,4,5
1533864518801670,-5,5,-50,8,23,6,-1,-1
1533864518801670,-1,0,57,2,1,-1,-2,-4
1533864518801670,-2,-5,-16,5,4,-2,1,-2
1533864518823611,-2,-5,-20,3,-1,-7,-4,-2
1533864518823611,2,0,-23,-10,-10,-3,-4,-2
1533864518824607,-3,3,1,1,-5,-1,0,0
1533864518824607,-1,-4,-10,-6,-2,-2,-4,-5
1533864518838571,-4,-8,-28,-1,11,3,5,1
1533864518838571,4,-2,69,-2,-12,-2,0,3
1533864518839574,-4,4,-4,-5,-13,0,0,-1
1533864518839574,-2,-6,-39,-7,-9,-3,1,-1
1533864518861506,-2,1,79,11,-1,-2,-4,-3
1533864518861506,-5,6,-76,-5,3,-2,-5,-4
1533864518862504,2,5,70,3,12,8,7,2
1533864518862504,1,10,19,5,27,-2,-8,-5
1533864518883448,-1,-24,-102,-28,-39,-8,-1,-2
1533864518883448,-4,-5,-44,3,-6,3,0,2
1533864518884445,-3,-2,14,-3,-8,-4,-4,-1
1533864518884445,1,-1,-7,2,11,3,0,-4
1533864518898411,-3,4,-22,-8,-7,-4,-5,-3
1533864518898411,2,11,-2,-1,14,-4,5,-4
1533864518899407,0,-14,-48,-1,-7,0,-11,6
1533864518899407,0,-4,-35,-7,3,6,3,1
1533864518921349,-5,-2,0,3,-6,2,1,-3
1533864518921349,-4,-8,-61,-11,-12,-4,-4,-4
1533864518922344,1,12,-44,-1,7,-7,-2,-1
1533864518922344,-5,-14,-64,-13,-4,-2,-2,-3
1533864518943548,1,-22,14,9,12,1,0,3
1533864518943548,-1,12,-71,-16,-22,-7,-6,-8
1533864518944545,2,-8,78,5,1,1,0,-1
1533864518944545,-7,-15,-39,-11,3,-3,-4,-2
1533864518958507,-2,3,-3,-10,-6,1,2,-1
1533864518958507,-7,-18,-4,-16,-17,-6,-6,-5
1533864518959508,-2,-2,-12,3,-2,-3,-3,-3
1533864518959508,3,8,30,14,20,2,2,3
1533864518981466,-1,7,13,-2,-24,-2,-3,2
1533864518981466,0,2,0,-1,15,-2,0,2
1533864518982455,-2,1,-44,-7,-5,-3,-2,-4
1533864518982455,-1,-8,36,3,-18,-5,2,0
1533864519003390,-2,-3,-41,-5,6,-1,-8,-8
1533864519003390,0,-1,41,9,8,6,4,5
1533864519004384,-1,-3,-5,0,15,6,-1,-2
1533864519004384,2,8,-15,7,25,4,3,1
1533864519018348,-2,-16,-40,1,-19,-5,1,1
1533864519018348,-2,5,46,9,-5,-2,-2,-5
1533864519019346,-3,3,-9,-5,-10,-6,1,-4
1533864519019346,0,-6,-4,5,-10,0,-3,2
1533864519041285,3,16,88,3,12,1,-2,1
1533864519041285,0,2,27,2,-1,-1,2,1
1533864519042284,-1,2,-8,0,7,-1,-1,-2
1533864519042284,-1,-10,7,-2,-15,-2,-1,-1
1533864519064227,0,-8,-54,3,7,-2,-1,0
1533864519064227,1,0,5,-3,-5,-3,-1,0
1533864519064227,3,11,20,5,2,2,1,-1
1533864519064227,-2,13,-2,-6,-3,-4,0,-5
1533864519079187,4,-1,84,18,1,2,3,5
1533864519079187,-5,-9,-68,-1,-6,0,1,0
1533864519079187,-1,-3,26,-2,4,-1,-1,-1
1533864519079187,1,-3,23,6,21,8,2,1
1533864519101282,-3,1,-34,-13,-17,-7,-2,-4
1533864519101282,-2,4,11,-6,-8,0,3,-3
1533864519102123,2,-2,-11,5,13,-4,-12,3
1533864519102123,-4,-3,-13,-2,-16,0,-4,-3
1533864519124067,1,8,10,-7,-4,2,1,1
1533864519124067,0,-3,15,2,-1,2,1,0
1533864519125072,-4,-4,-34,-4,0,-1,2,-4
1533864519125072,2,-1,20,-4,-2,-8,-5,-2
1533864519139027,1,1,-23,2,9,7,0,0
1533864519139027,0,-1,21,-1,0,-1,-2,-1
1533864519140021,-1,-6,-45,-5,-2,-1,1,-2
1533864519140021,0,9,10,-10,-11,-10,-4,-1
1533864519160965,-2,-6,0,3,-3,0,1,-3
1533864519160965,-1,0,14,0,11,0,-4,-4
1533864519161967,-3,-1,-6,-1,-16,1,2,2
1533864519161967,-1,0,5,1,-2,0,-1,0
1533864519183904,1,3,-8,-4,21,-4,0,-1
1533864519183904,1,-2,-4,-6,-4,-2,0,0
1533864519184902,-2,0,-8,-3,-5,-3,-1,-2
1533864519184902,-3,-3,-20,-4,-10,-2,0,-3
1533864519198867,-1,2,22,2,17,-4,-4,-1
1533864519198867,-1,-5,-21,3,-6,6,-1,-3
1533864519199862,1,4,62,5,5,3,7,2
1533864519199862,2,3,4,-2,-1,1,1,1
1533864519221806,-5,1,1,7,6,-1,0,-2
1533864519221806,0,-3,-10,-5,2,-7,-3,-1
1533864519221806,-2,-5,-20,-4,-14,-2,1,-1
1533864519221806,-1,-4,0,2,-2,0,-4,-1
1533864519243744,-1,0,-1,-5,-7,3,-1,-1
1533864519243744,0,-1,12,-2,15,-7,-6,0
1533864519244742,-2,-2,-41,0,20,7,0,-3
1533864519244742,0,6,100,1,-31,-7,4,2
1533864519258704,-1,0,-5,-4,-5,4,-2,-2
1533864519258704,-4,-19,-71,-11,-6,-4,-5,-1
1533864519259702,1,6,55,5,7,2,0,2
1533864519259702,-4,4,-40,4,8,-3,-5,-4
1533864519281684,-1,-25,-2,4,-3,-2,0,0
1533864519281684,2,9,9,-1,-1,0,2,3
1533864519282640,-1,-9,10,-2,-2,-2,-1,0
1533864519282640,-1,-4,-8,0,-1,1,0,0
1533864519304581,-4,16,-20,-7,-7,0,-3,-4
1533864519304581,2,4,-19,-1,1,-1,-1,-1
1533864519305594,-4,-4,-39,-10,-9,-3,-2,-3
1533864519305594,0,-11,-17,-1,2,-1,1,1
1533864519318544,-1,2,5,7,0,0,1,-1
1533864519318544,-3,-17,14,6,3,1,0,1
1533864519319552,1,4,-6,-2,-11,-7,-2,-2
1533864519319552,-5,-6,-104,-27,-1,-5,-6,-7
1533864519341486,10,4,72,26,10,4,6,5
1533864519341486,-1,6,26,6,-1,3,2,-2
1533864519342481,-1,-2,-28,-4,0,-2,-2,-1
1533864519342481,-6,-7,-34,1,7,-3,1,-3
1533864519364657,-1,3,-50,-16,-14,-5,-6,-5
1533864519364657,0,3,94,-4,-6,2,-3,-4
1533864519365651,6,10,32,5,-6,-7,-3,0
1533864519365651,-8,-44,-87,-2,1,4,3,1
1533864519378620,-2,5,98,6,2,3,2,4
1533864519378620,-1,-2,14,6,0,5,2,4
1533864519379614,-9,11,-96,-20,-5,-2,-8,-7
1533864519379614,7,16,101,9,-3,-4,-1,1
1533864519401556,-3,-8,-21,-7,-3,-2,-1,-3
1533864519401556,-5,1,-39,-10,-10,-2,-4,-3
1533864519402552,-1,-5,8,4,8,1,0,-3
1533864519402552,3,9,15,1,-3,-4,-1,0
1533864519423500,-3,0,-29,-6,-9,-2,-4,-2
1533864519423500,1,9,12,8,1,-4,-1,-1
1533864519424507,-3,-5,-9,0,1,0,-1,1
1533864519424507,4,22,37,4,0,0,-4,-5
1533864519438456,-5,-25,-128,-12,2,-4,-3,-4
1533864519438456,4,15,81,22,11,1,3,6
1533864519439462,-5,-36,-61,-13,2,-1,-1,-1
1533864519439462,0,15,82,-11,-12,-5,-5,-3
1533864519461405,-9,-11,18,6,-10,3,1,2
1533864519461405,-1,3,-39,-10,-6,2,2,-2
1533864519462393,-2,0,-34,-2,-7,-2,1,-1
1533864519462393,-2,-3,6,4,0,5,-1,1
1533864519484335,-2,7,-10,-3,0,-3,-5,-2
1533864519484335,-2,-9,-21,-5,3,0,-1,-1
1533864519484335,-5,0,-4,0,1,-3,-2,-2
1533864519484335,0,-9,-43,-4,-4,-2,2,0
1533864519498309,2,6,14,1,6,-5,-2,0
1533864519498309,-2,0,-33,-8,0,1,-2,-2
1533864519499295,0,-1,-32,-6,-2,1,-1,-4
1533864519499295,-1,7,16,6,2,0,0,0
1533864519521234,-1,-1,-1,-3,4,0,-1,0
1533864519521234,0,-2,3,0,-5,-7,-6,-4
1533864519522232,6,13,55,7,-3,0,0,2
1533864519522232,-4,-7,-13,1,2,-1,1,-1
1533864519544177,2,2,49,0,11,-2,-1,0
1533864519544177,-3,-2,12,3,-13,6,1,-2
1533864519544177,-7,7,-6,-7,-13,-5,3,1
1533864519544177,-1,-3,21,0,-2,0,0,0
1533864519559138,-1,-1,-27,-10,-5,-6,-5,-5
1533864519559138,-2,-5,-39,5,2,-5,-5,-2
1533864519559138,-1,-3,23,7,6,3,0,1
1533864519559138,1,3,-1,3,1,-2,-2,0
1533864519581078,-3,1,-33,-4,-3,0,0,-3
1533864519581078,0,-2,57,0,0,-1,-1,-2
1533864519582072,-2,-16,-53,-11,0,-1,0,-2
1533864519582072,2,11,68,9,5,-2,-3,-3
1533864519604191,-3,-5,-50,3,-1,1,-1,0
1533864519604191,-4,6,-13,-8,-5,-4,-2,-2
1533864519605013,1,-1,-29,-1,1,3,3,0
1533864519605013,-6,-11,-23,-3,-1,-2,-3,-2
1533864519618977,0,0,-80,-8,3,-3,-3,-6
1533864519618977,-3,1,54,-4,-5,-1,1,1
1533864519619971,1,4,37,6,-2,-2,-4,0
1533864519619971,1,-3,-63,-10,-2,-1,-3,-2
1533864519641913,1,2,31,5,8,2,2,2
1533864519641913,-4,-13,-56,-3,-1,1,2,-1
1533864519641913,-1,1,49,-2,-9,-2,-3,-1
1533864519641913,-4,-3,-20,-3,-5,-3,-3,-1
1533864519663872,-1,-1,8,1,1,0,0,1
1533864519663872,2,0,-15,0,6,-2,-2,-2
1533864519664852,2,11,29,-7,-6,-2,2,-4
1533864519664852,2,-3,20,2,2,-3,0,3
1533864519678814,-2,4,16,0,-8,-3,-1,-3
1533864519678814,-2,3,-12,-1,5,-1,-1,1
1533864519679812,1,3,7,11,8,2,3,1
1533864519679812,0,1,-29,-8,-1,1,-2,-1
1533864519700755,3,-17,43,2,-9,-1,1,1
1533864519700755,-1,1,-11,-6,4,-2,-4,-1
1533864519701753,-3,-11,-54,-8,-16,-8,-5,-3
1533864519701753,1,-1,-22,-4,2,1,0,-2
1533864519731676,-5,-10,-59,-8,-7,-2,-1,-1
1533864519731676,-6,-1,-16,-1,-3,-1,0,-1
1533864519732669,-1,-2,-4,1,2,-1,-3,0
1533864519732669,-3,7,47,1,11,0,-2,-2
1533864519738670,0,-26,-70,2,0,-3,-3,-3
1533864519738670,1,6,50,-3,-2,1,5,4
1533864519739656,-5,-18,-40,7,-4,0,1,-1
1533864519739656,3,15,-42,-6,-5,0,0,1
1533864519761592,3,-7,13,4,-8,1,-1,0
1533864519761592,-1,-4,4,-4,-2,-3,-5,-3
1533864519762589,2,-1,24,6,4,3,-1,0
1533864519762589,1,0,60,6,-1,1,1,1
1533864519783533,2,11,38,-3,8,-4,-2,-1
1533864519783533,0,-7,-14,-1,-4,-1,0,-1
1533864519784531,-4,6,5,-7,-7,-3,-3,-3
1533864519784531,-3,-13,-23,7,-3,-2,-1,0
1533864519798497,0,9,-24,-14,-2,-2,0,-3
1533864519798497,-2,-9,-9,-2,8,0,-1,0
1533864519799491,5,6,65,-4,3,-1,0,-2
1533864519799491,-6,-12,-11,-2,-14,-6,-2,-4
1533864519821432,0,8,20,4,11,3,-2,-1
1533864519821432,-3,3,-35,-5,-20,-5,-1,-2
1533864519822429,0,-5,37,1,-1,-5,-2,-2
1533864519822429,0,-6,-21,-13,19,2,2,1
1533864519843373,-6,3,-3,1,-3,-2,-4,-2
1533864519843373,1,-3,-4,-2,-3,1,-3,-2
1533864519844371,-1,4,2,11,5,4,-2,-2
1533864519844371,-3,-17,26,1,-9,-2,0,1
1533864519867440,-1,3,7,-3,-4,-2,2,-1
1533864519867440,1,1,-2,6,5,-1,-1,-1
1533864519868306,-3,-4,-12,-10,-5,-3,0,0
1533864519868306,1,-1,-26,-4,3,1,-1,-1
1533864519881276,-2,-3,4,-3,-7,-2,-3,-1
1533864519881276,1,-1,-6,5,-5,-4,-2,0
1533864519882269,1,4,-4,10,14,2,-2,-2
1533864519882269,-1,4,-13,-19,-18,-6,-1,-1
1533864519904212,-5,1,8,0,-8,-5,-4,-2
1533864519904212,1,3,-4,-1,3,2,-1,-1
1533864519904212,-4,7,4,8,4,-1,-2,-1
1533864519904212,-1,-5,-8,3,9,3,0,0
1533864519919174,1,3,12,-1,-7,-3,0,1
1533864519919174,-1,0,-4,2,-1,2,0,-1
1533864519919174,-2,-2,-12,-10,10,1,-2,-1
1533864519919174,-3,-2,-9,10,-16,-3,0,-2
1533864519941142,1,2,15,3,9,3,4,1
1533864519941142,1,-3,-15,0,-3,-3,-6,-5
1533864519942134,-2,-6,-9,-26,-15,-4,-2,-1
1533864519942134,-3,2,-5,12,0,0,-5,-3
1533864519964054,0,1,5,-1,2,3,1,0
1533864519964054,-1,0,3,-8,0,0,1,0
1533864519964054,0,-2,-1,11,-3,-4,-3,0
1533864519964054,0,-2,-35,4,1,-4,-2,-2
1533864519978195,-3,3,7,-8,0,0,-2,-1
1533864519978195,-2,-1,-5,-4,-1,-3,-1,-2
1533864519985994,-2,-2,-3,-1,-6,-2,-2,-1
1533864519985994,-3,-1,-5,3,3,-2,0,1
1533864520000959,0,1,2,1,-1,-2,-1,0
1533864520000959,0,1,-19,-12,-2,-4,0,0
1533864520001948,-2,-14,8,17,1,0,1,1
1533864520001948,-1,-14,14,-12,-8,-2,-1,-2
1533864520024103,-3,-4,-14,-27,-2,0,-3,-3
1533864520024103,1,3,12,-17,-4,-2,0,3
1533864520024888,0,1,-3,-1,0,-1,0,0
1533864520024888,2,7,36,8,2,0,0,-2
1533864520037876,-2,-14,-82,12,2,-3,-1,-2
1533864520037876,-5,-3,17,11,4,1,-2,-1
1533864520046830,1,-2,-30,14,1,-1,-1,-4
1533864520046830,-1,6,31,-42,-5,-1,2,-1
1533864520061788,1,-15,-4,-31,-10,-4,0,0
1533864520061788,-1,-1,5,14,2,-2,-2,0
1533864520061788,-2,-1,-1,-4,-2,-1,-2,-1
1533864520061788,-3,-6,-17,3,3,1,-1,0
1533864520083739,2,14,74,20,-1,-5,-3,-2
1533864520083739,0,1,-11,5,1,-3,-1,-1
1533864520084741,1,-4,14,-5,0,2,1,2
1533864520084741,-2,1,-3,5,-2,-3,-5,-4
1533864520097697,1,3,2,-27,-4,-3,-3,0
1533864520097697,-1,-3,-2,20,3,2,3,0
1533864520106673,2,12,-16,-5,3,6,1,5
1533864520106673,-4,5,24,4,-8,-5,-2,-3
1533864520121630,-3,-3,-17,18,11,3,0,-2
1533864520121630,3,8,97,8,0,-4,-1,1
1533864520122627,-4,-3,-10,-10,-14,-6,-2,-3
1533864520122627,1,-12,-24,5,6,2,0,1
1533864520143575,-1,7,71,2,-6,-1,-2,-1
1533864520143575,-1,-1,-60,-1,0,2,-1,-2
1533864520144571,-2,-2,26,-13,5,0,2,0
1533864520144571,1,1,9,1,-3,-2,-1,0
1533864520158532,-2,-1,-23,9,2,0,2,0
1533864520158532,0,-3,-42,-7,-3,-2,-2,-5
1533864520166512,-2,3,11,-6,-3,-3,-3,-4
1533864520166512,1,-1,-25,3,1,-2,0,-1
1533864520181469,-2,1,-21,2,0,-1,-2,-1
1533864520181469,-2,-1,-1,2,2,2,0,-1
1533864520182485,-2,-5,-8,-14,-5,-3,-1,-1
1533864520182485,1,2,3,-4,3,1,-2,-1
1533864520204407,-1,0,-4,10,-2,-3,-1,0
1533864520204407,-2,-2,8,-21,-1,-2,-1,0
1533864520204407,-2,-2,-8,-1,-2,-3,-4,-4
1533864520204407,0,3,-15,4,4,0,1,1
1533864520218562,-2,0,1,-12,-8,-1,-1,1
1533864520218562,-4,-6,-13,11,-3,-3,-2,-1
1533864520226349,-2,1,-2,16,3,0,-2,-4
1533864520226349,-2,-4,-13,-34,-10,-4,-3,-5
1533864520241502,0,-2,-1,-1,-1,0,2,-1
1533864520241502,0,-4,-2,-18,-5,-4,-1,-1
1533864520242307,-1,2,0,8,4,0,0,0
1533864520242307,0,1,5,5,-1,-2,-1,1
1533864520264248,-3,-2,1,-7,-3,-3,-3,-2
1533864520264248,0,0,-8,-2,-1,0,0,-2
1533864520264248,1,-4,14,27,1,-1,0,1
1533864520264248,-2,-2,15,10,3,3,-1,1
1533864520278358,-4,-3,-12,11,-2,-2,-1,-1
1533864520278358,-4,-4,-2,-39,-11,-3,-2,-2
1533864520286236,-1,-1,-2,-12,-2,-1,-1,-2
1533864520286236,2,1,-5,21,5,-1,-2,-1
1533864520301152,-3,2,4,18,6,0,-1,3
1533864520301152,2,-7,-1,7,4,0,-1,0
1533864520302146,-2,2,-23,-48,-13,-7,-5,-6
1533864520302146,-4,8,-2,0,-1,1,0,-1
1533864520324224,-3,-2,-6,1,2,-1,0,-3
1533864520324224,1,-1,5,10,-1,-2,-2,-1
1533864520325084,3,-11,-8,9,1,0,0,1
1533864520325084,-11,5,1,-7,0,1,1,0
1533864520347026,3,7,3,0,-1,0,-1,-3
1533864520347026,-2,4,3,1,-1,0,-2,-3
1533864520348051,-1,-1,-60,1,-2,-2,-2,0
1533864520348051,0,-8,-12,3,2,-3,0,1
1533864520360993,0,2,5,2,-1,-1,-2,-1
1533864520360993,-6,-3,14,6,-5,-2,-2,-3
1533864520361986,1,-4,1,0,-1,0,1,1
1533864520361986,-2,-1,-41,-4,-4,-1,-3,-5
1533864520383928,-5,-9,-34,-10,-4,1,-2,-1
1533864520383928,0,-5,-3,9,3,1,-1,1
1533864520384933,-2,5,28,9,-1,-2,0,0
1533864520384933,2,-1,-7,-4,0,0,0,1
1533864520406869,3,0,11,-3,-4,-1,-1,0
1533864520406869,-1,3,-5,-5,-4,-3,-3,-3
1533864520407902,-3,2,17,1,6,1,0,-2
1533864520407902,8,-13,-13,2,6,3,-2,3
1533864520421827,3,-1,0,11,-1,0,2,1
1533864520421827,-3,-1,3,-13,-15,-6,-2,-1
1533864520421827,-5,2,57,-5,-8,-3,-3,-2
1533864520421827,0,1,57,1,0,-3,0,-4
1533864520443902,-3,0,23,-10,-3,-1,1,0
1533864520443902,-1,-1,-10,4,3,0,2,3
1533864520444765,1,-3,-24,-6,0,-2,-2,-2
1533864520444765,0,3,-6,-8,-5,-2,-1,0
1533864520467718,0,0,10,8,3,0,-1,-2
1533864520467718,-3,2,-7,-3,8,2,2,-1
1533864520467718,-4,-4,-6,7,-1,-4,-1,-1
1533864520467718,0,-1,-2,-3,-11,-4,-3,-3
1533864520489645,0,3,21,-2,-2,-3,3,0
1533864520489645,5,0,3,4,7,6,-1,6
1533864520490642,3,13,-5,17,8,2,-1,1
1533864520490642,-9,-16,-5,16,-29,-6,-4,-6
1533864520503611,-1,-6,24,-20,-7,-1,1,2
1533864520503611,-2,1,5,2,4,1,0,-3
1533864520504605,-3,-3,-26,-9,6,4,-1,-2
1533864520504605,5,7,-17,1,4,-1,-1,1
1533864520526546,-1,-4,-24,3,-7,-6,-3,-4
1533864520526546,-3,-6,-15,0,2,-4,-1,-4
1533864520527544,0,0,6,8,1,-2,-1,-1
1533864520527544,-2,0,-4,-13,3,0,-2,-2
1533864520541524,0,-1,-6,4,3,3,-3,-4
1533864520541524,-1,3,-64,-10,-8,-6,-1,-1
1533864520542503,-6,-12,21,-10,-12,-6,-1,-4
1533864520542503,-2,4,13,-2,-1,0,0,-1
1533864520564445,-4,-6,-16,-8,2,-4,-7,-3
1533864520564445,2,8,36,7,2,0,2,-1
1533864520565443,4,8,5,-8,1,2,2,1
1533864520565443,0,-1,11,-5,-3,2,6,5
1533864520587422,-2,1,-10,2,7,3,1,-1
1533864520587422,-3,-5,6,-10,-2,-5,-5,-3
1533864520587422,1,-2,-10,-12,-5,-3,-1,0
1533864520587422,-1,-6,-11,2,12,3,-3,-3
1533864520601555,-2,1,5,-4,11,0,-3,-3
1533864520601555,-4,-5,-58,11,-10,0,0,-3
1533864520602344,-2,-2,20,-10,-9,-5,1,1
1533864520602344,-4,-4,-15,-2,-4,1,0,-3
1533864520624285,-1,-5,-9,-3,-3,-5,-1,-3
1533864520624285,-2,-6,-2,-1,4,-2,-4,-6
1533864520624285,-2,0,-14,2,5,-8,-4,-5
1533864520624285,1,1,6,4,6,16,0,4
1533864520647668,1,4,5,-2,1,4,5,5
1533864520647668,-3,1,35,7,-3,-2,3,-1
1533864520647668,-2,-6,-14,-5,-9,-4,-1,-4
1533864520647668,-1,3,12,2,1,-9,-9,-3
1533864520661454,3,1,-7,0,-8,1,-4,0
1533864520661454,-2,-3,-5,3,2,-2,-3,-1
1533864520662444,-1,0,1,5,-1,3,4,1
1533864520662444,-2,-3,-6,2,0,-6,2,1
1533864520683388,0,-1,-7,1,1,0,-6,-3
1533864520683388,2,0,11,-5,-5,-1,-3,0
1533864520684385,-2,-1,0,2,2,-2,-1,2
1533864520684385,-3,-2,6,-8,-14,-8,-3,-4
1533864520707453,-3,-2,-5,-3,-4,-9,-9,-5
1533864520707453,3,2,12,-3,3,9,6,4
1533864520708322,2,0,-1,5,10,10,4,1
1533864520708322,-1,-2,-9,6,5,-1,-1,1
1533864520721290,-5,-4,-6,-12,-2,0,7,-4
1533864520721290,-3,-1,0,-3,-14,-13,-5,-2
1533864520722284,-1,-3,-4,-2,-2,3,-2,0
1533864520722284,0,2,2,-1,4,6,2,1
1533864520744225,0,-1,3,4,0,-4,-6,-1
1533864520744225,0,-3,5,-3,1,-3,-5,-2
1533864520744225,1,-1,-2,6,-1,0,1,-1
1533864520744225,-2,0,0,-9,-1,-7,0,-6
1533864520767163,-1,-2,-7,0,-3,2,-2,0
1533864520767163,-2,-3,-3,-9,0,1,-2,-2
1533864520768161,-3,-2,-3,-2,-6,-1,2,-2
1533864520768161,1,1,-2,7,8,3,-2,1
1533864520781130,-1,0,-35,8,-4,2,4,1
1533864520781130,-3,-2,10,6,-10,-1,-1,0
1533864520782131,-1,-3,0,6,4,-3,-6,-3
1533864520782131,-2,-1,1,0,1,-4,-1,-2
1533864520804247,-2,0,-2,7,-12,-3,-1,1
1533864520804247,-1,0,-1,4,1,3,3,0
1533864520805064,-2,-2,-1,6,-5,-2,-4,-3
1533864520805064,0,-2,-5,3,4,1,-1,0
1533864520827003,0,1,11,2,4,2,1,1
1533864520827003,1,0,-2,-7,0,-3,1,0
1533864520828001,-2,-2,3,-6,-3,-1,2,1
1533864520828001,0,-2,-1,-7,-6,-10,-9,-6
1533864520840969,-1,-2,6,-7,-10,-7,-6,-4
1533864520840969,3,1,4,-4,-1,8,5,5
1533864520841968,-4,-2,-8,-7,-3,-4,0,-3
1533864520841968,-4,-1,1,-3,-11,-2,-1,1
1533864520863908,1,-1,-2,-7,6,0,0,1
1533864520863908,-2,-2,-4,1,6,-2,-3,-4
1533864520864902,0,-3,-1,3,-4,-6,-12,-5
1533864520864902,-1,-2,-2,0,0,1,4,-3
1533864520886843,0,1,6,-1,5,-2,0,-2
1533864520886843,-2,1,-2,4,9,1,0,2
1533864520887842,-1,-1,-3,-2,-11,-7,-2,2
1533864520887842,-2,1,2,-15,-2,2,4,0
1533864520900806,-2,-2,-27,-7,-3,-1,-1,-1
1533864520900806,0,-1,2,-3,0,0,-2,-3
1533864520901808,-1,-1,-3,-1,7,0,-3,-2
1533864520901808,-1,-3,1,1,4,1,-3,-2
1533864520923748,0,0,-1,-6,0,-3,1,-2
1533864520923748,-1,0,0,-5,-19,-8,0,0
1533864520924742,-4,-2,-2,-5,2,-1,0,-2
1533864520924742,0,-1,-9,1,4,4,-1,2
1533864520947681,-2,1,7,-7,1,3,1,1
1533864520947681,-1,0,0,3,-7,-4,-6,-1
1533864520947681,2,1,5,-4,0,8,4,0
1533864520947681,0,-2,2,-10,2,-6,-1,-1
1533864520960647,-3,-2,-7,7,-13,-4,-4,-1
1533864520960647,2,-2,-56,-13,3,-2,-4,-3
1533864520968628,-1,-3,78,0,-10,-3,-2,0
1533864520968628,-4,-1,1,0,5,3,0,-1
1533864520983588,-1,1,11,3,2,3,4,3
1533864520983588,-3,-2,-15,2,3,-5,1,-4
1533864520984582,0,0,-26,0,10,2,-2,-3
1533864520984582,0,-1,-2,-4,-12,-9,-10,-5
1533864521007524,1,0,13,4,2,1,2,0
1533864521007524,-1,-2,5,0,-6,4,1,2
1533864521007524,0,-1,-14,-2,0,0,1,1
1533864521007524,0,-2,6,1,0,-3,0,-1
1533864521020486,-2,-3,-11,-8,-15,-8,-6,-3
1533864521020486,1,1,16,-2,11,-3,-2,2
1533864521028708,-2,2,17,-8,-3,2,1,2
1533864521028708,-4,-1,-14,-7,-10,-5,-2,-2
1533864521043666,-1,1,1,-7,-9,-1,-2,-4
1533864521043666,-2,-3,22,3,4,-2,-5,-4
1533864521044664,-2,-4,-40,-7,-3,-6,-3,-4
1533864521044664,2,9,75,14,3,3,4,3
1533864521066608,-3,-4,-33,-9,5,3,1,-2
1533864521066608,-3,5,6,3,-4,-3,-7,0
1533864521067608,0,-5,-8,8,1,3,0,1
1533864521067608,-2,0,-25,-4,0,3,2,-3
1533864521080571,-1,-3,-3,2,3,-5,-2,-1
1533864521080571,0,0,1,-2,-5,0,1,-4
1533864521088550,0,-1,-54,-4,-12,-4,-1,0
1533864521088550,1,8,76,0,0,-1,-6,2
1533864521103510,-1,-3,17,2,0,1,1,0
1533864521103510,-1,-5,-8,-1,10,4,2,-2
1533864521104504,-2,-1,15,-4,-8,-5,1,-3
1533864521104504,-2,-7,-39,-6,-5,-1,-4,3
1533864521127442,-1,-1,0,10,10,-1,-4,-2
1533864521127442,1,-2,10,-2,-12,-3,-3,-1
1533864521127442,2,3,-18,-6,4,-1,-4,0
1533864521127442,-1,5,61,10,-3,-3,0,-4
1533864521140626,-1,-6,-51,-12,0,0,-4,-6
1533864521140626,-1,6,38,6,7,0,4,3
1533864521148522,-2,10,-44,-2,-1,-1,-4,-3
1533864521148522,-2,-18,53,6,-3,-3,2,3
1533864521164356,-5,10,-11,3,-4,-3,-3,0
1533864521164356,-1,-12,12,7,6,6,4,0
1533864521164356,0,-1,-24,4,7,3,0,-2
1533864521164356,0,-9,-128,-9,-6,-4,-2,-3
1533864521187475,4,28,126,4,-3,-1,2,2
1533864521187475,-2,-13,-18,-7,3,2,0,0
1533864521188279,0,3,82,7,-6,-8,0,3
1533864521188279,-4,-2,-45,-3,2,2,1,-2
1533864521200247,0,-8,-5,-5,-1,-2,0,-5
1533864521200247,5,13,51,4,16,6,5,2
1533864521209225,-2,-6,0,-1,-9,-3,-4,2
1533864521209225,-2,-1,-4,6,-5,-1,-3,-4
1533864521224401,-3,-6,-11,4,-1,1,-2,-2
1533864521224401,-3,-4,-28,-4,-11,-5,-2,-5
1533864521224401,1,3,-5,-7,7,-2,-4,-2
1533864521224401,-2,3,-4,-2,-1,1,2,0
1533864521247335,0,-10,-21,-4,3,1,-1,-2
1533864521247335,-1,-2,-21,-1,-5,-2,-3,-4
1533864521248120,-3,2,7,1,-3,-2,3,-1
1533864521248120,2,12,40,5,-2,-3,-4,-3
1533864521269088,4,-1,47,-3,12,1,2,1
1533864521269088,-4,1,1,0,-12,-6,1,0
1533864521270061,-3,-5,-41,3,-6,-7,-3,-2
1533864521270061,2,6,67,-4,0,5,-1,-2
1533864521284194,-4,-3,-86,-4,-20,-5,-6,0
1533864521284194,2,-3,-4,-1,10,0,-1,-2
1533864521285021,-3,-12,32,-2,-4,3,2,0
1533864521285021,-3,-9,-52,-3,6,5,-3,-6
1533864521307146,0,-5,3,-4,-12,-2,-1,-4
1533864521307146,1,9,-20,-8,-1,-5,-8,7
1533864521307960,-2,2,-4,-2,5,0,-4,-3
1533864521307960,-2,-3,-19,-2,-2,-2,3,1
1533864521330024,-2,0,12,3,7,1,2,-2
1533864521330024,-2,-1,-8,-6,-8,-1,-2,-4
1533864521330024,-2,-3,10,2,7,6,4,-2
1533864521330024,0,-3,-10,0,-3,-3,-5,2
1533864521343886,0,-2,-8,-1,-5,-3,-3,-1
1533864521343886,-4,-8,-75,-4,-4,0,-1,-3
1533864521344866,1,19,100,4,-3,-2,-1,-2
1533864521344866,-3,5,-29,2,7,-1,1,-1
1533864521366806,6,-6,72,13,17,7,3,4
1533864521366806,-3,-8,0,9,-14,-6,1,-1
1533864521368796,0,2,-33,-13,-10,-4,-1,-1
1533864521368796,-4,-10,-24,-6,0,-2,0,0
1533864521396725,-1,-3,-1,2,2,0,-2,-1
1533864521396725,0,4,0,-3,6,2,-3,-4
1533864521398717,0,-7,-9,5,-1,-1,-3,-1
1533864521398717,4,0,1,-7,1,0,-1,7
1533864521403703,-2,-5,-22,-3,5,-2,3,0
1533864521403703,-3,-2,12,0,5,1,1,0
1533864521411686,-4,-6,-22,-4,-4,-2,-3,-2
1533864521411686,0,-1,2,2,-3,1,-1,-5
1533864521426645,-2,0,-14,-2,-6,-3,-2,-2
1533864521426645,1,1,6,-1,2,1,-4,0
1533864521428638,-1,-5,-37,0,-5,-4,-3,0
1533864521428638,3,10,73,1,2,1,-1,0
1533864521449582,-3,-7,3,0,-6,-4,2,1
1533864521449582,-3,-3,0,-2,-4,-5,0,-4
1533864521451576,2,-2,-2,1,8,10,-3,5
1533864521451576,-4,-7,-62,-5,-8,-7,-1,-3
1533864521463546,0,14,25,-4,-1,-1,-1,0
1533864521463546,-4,-3,-19,-4,-12,-3,-1,-1
1533864521472521,1,-7,12,12,2,2,3,0
1533864521472521,-1,-4,-16,-8,-3,-4,2,0
1533864521487478,1,1,-3,-6,1,-2,-4,-1
1533864521487478,-2,1,-20,-1,0,-6,-5,-3
1533864521488478,-1,-1,-1,-9,-2,-3,-2,-2
1533864521488478,-3,-3,-3,4,5,0,-2,-6
1533864521509421,-3,-5,-18,-5,-7,-4,-3,-9
1533864521509421,4,4,20,-4,2,4,-2,7
1533864521511429,-1,-1,-7,-1,-3,-1,1,0
1533864521511429,-3,-3,12,2,-1,2,5,2
1533864521523384,-1,-4,-20,-1,-6,0,-6,0
1533864521523384,-1,-2,12,3,1,-1,0,-5
1533864521532361,-1,-2,4,-4,3,-5,-5,-5
1533864521532361,-1,0,-21,-2,-3,-4,-2,-1
1533864521547319,2,-3,0,0,13,4,2,5
1533864521547319,-1,-2,8,-8,-16,-6,-3,-1
1533864521548317,-4,-2,-4,2,-5,1,3,-1
1533864521548317,0,3,-1,-8,3,-1,-4,-3
1533864521569260,-4,-5,-15,2,-6,0,1,-1
1533864521569260,2,-1,12,0,8,0,-2,-2
1533864521571278,-2,0,-8,-8,-2,-9,-8,-2
1533864521571278,0,-2,-1,-1,-5,-1,-1,0
1533864521583297,-2,-2,1,3,8,4,2,2
1533864521583297,-2,-3,-6,2,1,-1,-3,-1
1533864521600180,-5,-9,-107,-14,-17,1,2,-3
1533864521600180,2,4,52,10,0,0,0,3
1533864521607159,-3,1,-9,-10,-12,-7,1,-1
1533864521607159,-3,0,-7,0,1,-6,0,-2
1533864521609162,-1,-1,-8,-4,8,3,0,-1
1533864521609162,-1,-5,-15,-4,6,-2,-3,-1
1533864521629104,-3,-2,-10,1,-2,-4,-3,-2
1533864521629104,0,0,4,-2,-6,5,2,-1
1533864521631095,-1,0,33,6,5,-4,0,0
1533864521631095,-2,-1,-10,-7,2,2,-1,-3
1533864521643063,0,-1,12,1,-13,-1,0,0
1533864521643063,-1,-1,-3,1,0,5,-2,0
1533864521652040,0,2,13,7,7,-1,-1,1
1533864521652040,-3,-9,-3,-4,-4,-6,-3,-4
1533864521667002,-3,-5,-21,-4,2,-3,-1,-1
1533864521667002,0,-1,6,0,-5,0,-2,-1
1533864521672983,-1,-1,16,0,-1,-1,0,0
1533864521672983,-1,2,-13,3,-3,0,-2,-1
1533864521689938,0,1,4,0,2,-2,-4,-1
1533864521689938,-3,-2,-1,-4,-5,-4,0,0
1533864521690939,-1,1,15,0,-5,-4,-3,-2
1533864521690939,-2,-4,-15,-9,-10,-4,-1,-2
1533864521702906,-1,-1,-1,-2,-5,-4,0,2
1533864521702906,-3,0,-16,0,1,1,-2,-1
1533864521711878,1,-3,5,3,8,-3,-2,0
1533864521711878,-2,-1,-5,-2,-7,-2,1,-2
1533864521726839,0,-2,-1,7,12,6,0,-2
1533864521726839,-2,1,-3,-7,-17,-7,-2,-1
1533864521728868,-1,3,6,0,-4,4,1,-1
1533864521728868,0,0,-7,-1,-3,-4,-4,1
1533864521756762,-1,-1,-5,1,-9,-5,-2,-2
1533864521756762,0,-2,-1,-4,6,-2,-1,-3
1533864521758755,1,-2,5,3,2,-3,-1,2
1533864521758755,1,1,2,2,5,5,1,0
1533864521762743,-1,2,1,-3,4,1,1,-1
1533864521762743,-1,-2,6,-3,1,-2,0,-1
1533864521771722,-3,-6,-1,1,-5,-3,-1,-5
1533864521771722,-1,-2,-5,1,11,-2,-2,-3
1533864521787687,-1,-1,1,-4,-15,0,-2,-1
1533864521787687,-2,0,2,0,2,-2,2,0
1533864521788674,0,2,2,-5,-1,4,1,1
1533864521788674,1,3,3,2,2,4,2,-2
1533864521809647,-2,-11,-2,4,11,-4,-3,-2
1533864521809647,1,2,6,4,-6,-3,-1,2
1533864521810616,-5,-5,-72,-12,-9,7,-1,-2
1533864521810616,-2,7,-2,-10,-12,-9,-4,-5
1533864521823581,0,-1,16,1,-6,-1,0,1
1533864521823581,-3,-4,-40,-4,11,1,-3,-4
1533864521832557,1,-6,48,3,3,-6,0,1
1533864521832557,-3,2,-31,-2,-3,-2,-4,-3
1533864521847517,-1,3,-17,-7,4,1,-1,-3
1533864521847517,1,-4,-1,2,-6,-3,0,-2
1533864521848531,0,11,34,-2,-5,-4,-2,-2
1533864521848531,-3,0,-2,-3,1,0,-2,1
1533864521869469,0,5,15,-1,4,-1,-3,-1
1533864521869469,-2,-8,2,-2,0,0,-2,-2
1533864521871453,-1,-1,2,1,3,-3,-1,0
1533864521871453,1,-8,17,-5,-9,-1,-2,2
1533864521883439,-2,-4,10,9,7,-4,-3,-1
1533864521883439,0,7,-22,-6,-1,6,0,-1
1533864521892397,-6,0,-4,-2,-17,-4,-1,-1
1533864521892397,1,-2,11,2,8,-3,0,1
1533864521907356,-1,3,-39,-4,-6,2,2,-2
1533864521907356,0,0,10,-3,3,-4,1,0
1533864521908355,1,-4,0,0,7,-1,-3,-3
1533864521908355,-2,-4,-41,1,0,2,1,-2
1533864521929301,1,5,29,0,-1,-1,-1,-1
1533864521929301,-2,1,1,4,4,0,-1,-2
1533864521931292,3,7,96,6,-2,2,1,2
1533864521931292,-1,-1,-32,-5,-3,-3,-3,-4
1533864521943260,-1,6,-13,-6,-2,1,-3,-2
1533864521943260,-1,0,-2,-4,-6,-2,-2,0
1533864521952237,1,2,-25,-3,3,0,1,-2
1533864521952237,-5,-11,-42,4,-4,-2,0,-3
1533864521967196,-3,6,-17,-15,-2,-6,-6,-5
1533864521967196,0,-10,40,14,4,3,6,7
1533864521968194,-3,-12,-17,-5,0,1,-1,-1
1533864521968194,0,2,33,8,-2,0,0,2
1533864521990136,-3,-7,-29,-3,-4,1,-1,0
1533864521990136,1,3,-18,-8,1,-2,-5,-5
1533864521992181,5,12,7,7,7,-1,0,-1
1533864521992181,-4,-17,8,-1,-8,3,1,1
1533864522003134,0,-5,9,0,-1,0,-1,-2
1533864522003134,0,1,-18,-3,-6,-4,-4,-3
1533864522012077,-2,-11,-13,0,4,-4,-2,-1
1533864522012077,2,9,9,1,12,2,-3,-3
1533864522026042,1,-4,-3,-4,-8,6,5,0
1533864522026042,-1,-2,18,0,-6,-1,-1,0
1533864522033029,-4,2,-27,-1,-4,-3,-4,-3
1533864522033029,0,1,12,4,2,-1,-1,-1
1533864522049976,-3,-10,-5,6,9,-5,-4,0
1533864522049976,-2,0,-41,-11,-3,0,-1,-3
1533864522050972,-2,-12,-15,-1,9,-3,-3,-1
1533864522050972,-1,5,29,0,-14,-4,-1,0
1533864522062950,1,0,-6,3,6,1,2,0
1533864522062950,-3,-12,-23,-8,-8,3,-3,-2
1533864522071916,-1,-6,-22,-2,-6,2,1,-1
1533864522071916,-3,-4,-31,-4,5,2,0,-2
1533864522085882,2,8,82,4,-9,-2,-1,1
1533864522085882,-4,9,19,0,-3,-5,-4,-3
1533864522092860,0,-5,0,-2,4,0,0,0
1533864522092860,1,5,17,-1,-2,-1,0,1
1533864522109821,0,-18,12,0,-8,-3,-2,1
1533864522109821,0,6,14,3,-3,-4,-1,-1
1533864522110837,-4,-18,-9,0,-3,2,4,2
1533864522110837,-2,8,71,0,0,-4,-3,0
1533864522122785,-2,-3,-52,-2,0,-2,-2,0
1533864522122785,1,1,27,8,1,1,0,0
1533864522131773,1,9,10,0,0,0,-3,-1
1533864522131773,-3,-7,-20,-2,-6,-5,-4,-3
1533864522146719,2,7,5,6,9,-1,0,1
1533864522146719,1,-5,28,3,2,2,0,1
1533864522152700,-5,4,-23,-4,-6,-4,-1,-3
1533864522152700,1,-7,-17,1,-1,1,-1,-3
1533864522169655,-3,0,-9,-5,-5,0,-2,-2
1533864522169655,-1,4,-10,-4,9,-2,-2,-1
1533864522170652,-1,9,-11,-1,-1,-1,-2,-2
1533864522170652,0,-5,35,3,-1,0,-1,1
1533864522192593,0,6,-4,-11,-5,0,0,-2
1533864522192593,-6,-11,-14,3,-6,-6,-2,-1
1533864522193593,-1,2,3,-6,-1,-2,-3,0
1533864522193593,1,13,-6,-4,-3,-2,0,-3
1533864522206559,-3,-14,-21,6,7,-2,-1,-2
1533864522206559,-4,-10,-4,-11,-5,0,0,-2
1533864522213537,-1,3,-7,-6,5,1,0,0
1533864522213537,-3,-15,-40,1,-14,-5,-1,-1
1533864522229498,-1,1,7,-1,-3,-5,-4,-2
1533864522229498,0,-3,-71,-13,-3,1,-1,-1
1533864522231490,-3,-7,36,0,-5,-2,-1,-2
1533864522231490,3,6,41,9,12,4,3,5
1533864522252434,-3,0,-3,-4,-8,-4,-3,-3
1533864522252434,0,-2,5,9,3,-1,0,0
1533864522253431,3,1,-25,-5,4,0,-3,-2
1533864522253431,0,0,-15,-5,5,0,0,-2
1533864522266547,-2,4,-3,-4,-13,-5,1,0
1533864522266547,-1,-9,21,10,10,4,0,1
1533864522273527,0,-1,-4,-5,-7,-3,-4,-3
1533864522273527,0,-4,3,-2,-2,-2,-2,-2
1533864522289481,-2,-5,-59,0,3,1,-1,-3
1533864522289481,1,14,56,1,-3,-1,0,0
1533864522291476,-2,-7,10,2,-4,1,2,0
1533864522291476,-2,-3,-27,1,0,-2,0,-2
1533864522312420,-4,-8,-28,-6,3,0,-1,-1
1533864522312420,0,4,2,-3,-3,-4,-3,-2
1533864522313421,3,17,-4,5,6,-2,-2,-1
1533864522313421,-4,-13,-67,-7,-12,-5,-1,-2
1533864522326385,1,-10,109,21,0,-1,4,3
1533864522326385,-5,-8,33,1,-7,-2,-1,1
1533864522333572,1,6,-24,-10,-8,-2,-2,-2
1533864522333572,1,18,43,3,12,0,-3,-1
1533864522349460,2,21,85,10,-7,-1,-3,0
1533864522349460,-4,-15,-66,-17,5,-4,-4,-3
1533864522351316,-4,-6,56,9,-3,0,4,3
1533864522351316,2,9,-4,-6,1,-2,-3,0
1533864522372260,-1,1,0,-13,-12,0,-3,-3
1533864522372260,1,10,29,12,5,2,2,-1
1533864522373257,-2,0,-9,-1,-3,-2,-2,-2
1533864522373257,-2,-5,-32,-9,-8,-4,-4,-2
1533864522386237,1,4,-80,-9,5,2,0,-2
1533864522386237,2,-7,16,7,-4,-2,-1,2
1533864522394201,-2,-14,-52,-9,2,0,-2,-1
1533864522394201,-1,-3,17,2,0,-1,-1,-1
1533864522409162,-3,-8,-21,-3,-1,-1,0,0
1533864522409162,1,-4,-12,0,-5,-1,-1,-2
1533864522411155,1,5,-28,-10,5,0,-2,0
1533864522411155,-4,-10,-69,-13,-9,-3,-3,-6
1533864522432103,4,17,88,29,4,7,6,4
1533864522432103,-3,0,-24,-6,1,0,-1,-4
1533864522434096,2,17,104,8,-3,-3,-2,-1
1533864522434096,-4,-7,-34,-3,1,2,-1,-3
1533864522446067,2,-1,6,-14,3,-6,-3,-3
1533864522446067,-3,6,2,-1,-12,-6,0,2
1533864522455041,1,-3,-21,2,0,0,0,1
1533864522455041,-3,-2,31,7,3,0,0,0
1533864522470152,-5,-5,-30,-9,-1,-3,-6,-4
1533864522470152,2,20,-16,-11,0,-3,-4,-4
1533864522471006,-1,-10,39,0,-9,-2,-1,-3
1533864522471006,1,-5,2,3,1,1,1,0
1533864522491940,-2,-9,-39,-8,2,-1,-4,-4
1533864522491940,0,-2,-19,0,-2,0,-3,-1
1533864522493971,1,-5,-34,-4,2,0,-1,-1
1533864522493971,-2,-1,29,2,-9,-3,1,1
1533864522506059,-4,-3,-9,-1,8,4,0,0
1533864522506059,1,0,27,5,-6,2,0,1
1533864522514920,-6,-8,-26,-2,-11,-4,-1,-3
1533864522514920,0,3,6,-1,1,2,-1,-2
1533864522529857,-4,0,-25,-9,-4,-4,-3,-2
1533864522529857,-2,-11,-22,-3,5,1,-1,-1
1533864522530835,-5,-11,-93,-13,-1,0,-3,-4
1533864522530835,-1,7,30,8,-2,-3,1,0
1533864522559758,-1,-4,-18,4,0,-2,0,-1
1533864522559758,-2,-5,11,-4,-4,-5,-1,-2
1533864522560763,-2,0,1,3,11,0,-2,-2
1533864522560763,2,-3,4,-5,-3,1,-2,0
1533864522565781,0,-6,-3,-3,-10,-3,-3,-2
1533864522565781,0,0,-5,0,-2,1,0,2
1533864522574732,0,0,11,1,-5,-2,-1,0
1533864522574732,-2,0,-10,-1,11,2,-1,-2
1533864522589680,-2,-1,4,-2,2,-4,-1,-3
1533864522589680,-1,-1,-7,-3,-9,-3,-1,-3
1533864522591673,0,1,13,-4,-8,-2,-1,-2
1533864522591673,1,11,-1,-3,2,-1,-2,-1
1533864522612633,-4,-13,-42,-6,-13,-3,-1,-3
1533864522612633,0,8,6,6,8,1,1,-3
1533864522613615,-1,6,68,1,0,-1,1,-1
1533864522613615,-1,-19,30,-1,-6,-1,0,1
1533864522625593,-3,-4,-12,-1,-3,-3,-4,-2
1533864522625593,0,6,-12,-1,7,2,-1,-1
1533864522640546,-2,-13,0,5,2,0,0,1
1533864522640546,-3,-1,-12,2,1,-4,-1,0
1533864522649523,-1,4,15,-3,2,0,-2,1
1533864522649523,0,-16,-60,-9,-2,0,0,-1
1533864522651513,-4,5,5,0,-9,-3,-1,-3
1533864522651513,-1,-2,-6,-10,2,0,1,-2
1533864522672458,1,6,-12,0,2,1,0,0
1533864522672458,-3,-16,-1,2,-8,-1,0,0
1533864522673467,0,-1,-14,3,-4,-3,-2,-1
1533864522673467,0,-1,-5,1,-1,2,0,1
1533864522685526,2,-3,-43,-7,4,3,2,-2
1533864522685526,-2,7,63,0,3,-2,-3,-3
1533864522694399,-3,1,-19,3,1,-4,0,-1
1533864522694399,-2,-8,78,4,2,-1,-1,0
1533864522710355,1,0,12,3,0,-4,-2,-1
1533864522710355,1,1,0,6,3,2,-2,1
1533864522711352,2,0,2,13,10,2,0,0
1533864522711352,-1,-4,-76,-9,-12,-6,-4,-3
1533864522732299,0,-1,19,-8,0,0,0,1
1533864522732299,-5,-3,15,0,-4,-2,-1,-3
1533864522733294,-3,5,-5,-2,4,0,-4,-3
1533864522733294,1,2,-21,0,-6,0,-1,-1
1533864522746260,3,-6,83,4,1,0,1,3
1533864522746260,1,-1,-3,-3,1,-3,1,0
1533864522754242,0,1,-13,5,-1,1,1,-1
1533864522754242,-1,-1,13,-15,-9,-1,-2,-1
1533864522769231,-3,-2,-21,-10,-10,-2,-1,-1
1533864522769231,3,6,3,-2,6,1,1,2
1533864522771198,0,-5,4,-1,0,-1,0,0
1533864522771198,-1,1,-11,-2,-9,-2,-1,-2
1533864522792136,-3,1,-5,4,0,-3,-2,-3
1533864522792136,-3,-3,-12,5,2,-3,-1,-3
1533864522793135,0,-1,-9,-16,1,-1,-1,-1
1533864522793135,1,-2,-3,-1,7,-3,-2,-1
1533864522806280,-1,0,-7,8,-11,-4,0,-1
1533864522806280,-2,-3,0,-21,-6,1,-2,-1
1533864522815076,-2,-6,-8,3,-7,-1,-3,-3
1533864522815076,-2,2,6,9,2,3,-2,0
1533864522830037,1,0,8,10,8,1,-1,-1
1533864522830037,2,-2,-8,-9,0,-2,-1,-1
1533864522831035,-1,-3,-2,-23,-1,-2,2,1
1533864522831035,1,-1,-5,14,5,-3,-1,-3
1533864522851991,-4,-2,-19,-18,-11,-3,-2,-2
1533864522851991,-3,0,0,10,-6,-2,-1,-1
1533864522853971,0,-2,-4,4,-3,-1,-1,0
1533864522853971,-1,3,6,2,9,2,0,1
1533864522865967,0,0,6,2,3,0,0,-1
1533864522865967,-3,-3,-4,-4,-7,-1,-2,-2
1533864522874915,-1,-2,7,-12,-7,0,-2,-1
1533864522874915,-1,-1,-7,2,-1,-4,-2,-3
1533864522889044,-3,-2,-6,15,1,-2,0,-1
1533864522889044,0,1,-4,-30,-2,-1,-2,-1
1533864522896952,1,1,-3,16,-1,-3,-1,-1
1533864522896952,1,1,1,-24,-6,-1,1,0
1533864522911852,-2,-2,-7,-7,0,0,-2,-1
1533864522911852,0,-2,4,25,0,-2,-3,-1
1533864522913838,0,-2,1,-9,-2,-1,-3,-3
1533864522913838,-1,-4,-2,-8,-7,-3,-1,-2
1533864522925784,-2,10,17,-7,-3,-5,-3,-3
1533864522925784,-1,3,4,12,3,3,1,-1
1533864522934761,0,-1,1,-3,2,0,1,2
1533864522934761,-1,-5,4,16,2,-3,-3,-1
1533864522948721,1,3,-1,-8,-9,-1,1,0
1533864522948721,4,5,30,-3,-1,-3,-1,3
1533864522955703,-2,1,8,5,4,0,-1,0
1533864522955703,-3,-1,-24,-21,-5,-2,-2,-4
1533864522972658,0,-4,5,8,5,2,-3,1
1533864522972658,-2,-6,-43,6,1,-1,-2,-2
1533864522973687,0,1,14,-6,-3,2,1,2
1533864522973687,-3,-2,5,5,1,0,-1,-1
1533864522985623,-1,-5,-18,-4,-1,-2,-2,-1
1533864522985623,-1,-5,-2,1,-4,-3,0,-2
1533864522994595,-3,-2,-15,-3,-1,-3,-3,-3
1533864522994595,1,1,1,-3,-3,-2,-2,0
1533864523008557,-2,-4,-1,-32,-2,-2,-2,-2
1533864523008557,-1,3,-1,-15,-2,-5,-3,-2
1533864523015539,2,0,9,-7,-2,0,0,-1
1533864523015539,-3,-8,0,5,-3,-1,-1,0
1533864523032495,1,3,0,12,3,2,0,2
1533864523032495,-2,8,10,-14,4,3,0,-1
1533864523033498,2,-4,-9,12,-7,-5,-5,-3
1533864523033498,-1,3,-10,-4,1,2,1,1
1533864523045462,3,-4,5,10,2,0,0,-1
1533864523045462,-1,-4,-5,-2,-1,-1,0,1
1533864523054440,-2,-2,-4,9,-3,-4,-3,0
1533864523054440,-2,2,2,31,0,0,-1,1
1533864523068619,-2,-3,-18,-53,-5,0,1,-3
1533864523068619,-2,-4,14,-8,-5,-6,-4,0
1533864523075380,0,0,-6,-6,1,-1,0,0
1533864523075380,-1,-5,13,14,0,0,-1,0
1533864523092334,-6,-2,-6,19,3,0,0,-2
1533864523092334,-1,-6,3,-2,-1,0,-1,1
1533864523093344,-2,4,-5,5,2,-3,-2,1
1533864523093344,0,1,-6,-15,-1,0,-1,-2
1533864523106300,1,-4,0,12,-1,0,0,0
1533864523106300,0,-4,-19,6,-2,0,1,-2
1533864523114469,-1,4,44,14,4,0,2,1
1533864523114469,-2,-1,2,-30,-4,-1,-1,-2
1533864523129239,-2,-3,4,7,1,-3,0,-1
1533864523129239,1,3,20,-17,-2,-1,-3,-2
1533864523136218,-4,-6,-7,4,-5,0,-2,1
1533864523136218,0,1,-4,-1,1,-1,-1,-4
1533864523152317,-5,-10,-27,7,-4,-3,-2,-2
1533864523152317,-1,2,3,5,2,-2,-1,-1
1533864523153182,-3,-2,-13,-5,-4,-2,-1,-3
1533864523153182,-2,0,-7,-6,5,-1,-4,1
1533864523174115,-1,-4,-67,-1,-16,-3,-2,-2
1533864523174115,-2,-2,0,8,-1,0,-2,-1
1533864523176115,-1,-8,-8,-10,0,-4,0,0
1533864523176115,0,-3,3,8,-2,-1,-3,0
1533864523189076,3,2,14,-1,-3,-1,-1,0
1533864523189076,0,-2,-2,5,12,3,6,4
1533864523196170,-5,3,-2,-4,6,4,-1,0
1533864523196170,-1,0,16,-1,-8,-1,0,-1
1533864523212014,0,8,63,4,9,2,1,1
1533864523212014,-3,-2,-11,-4,-7,-3,-9,-5
1533864523214009,-1,-4,-13,-5,-3,-7,1,-5
1533864523214009,-1,1,-4,5,5,3,1,-3
1533864523234953,-1,-1,0,-6,-8,-2,-2,0
1533864523234953,-2,0,-1,3,-2,-1,-4,-4
1533864523235950,0,-1,0,0,3,2,0,-1
1533864523235950,-2,-2,2,-11,-22,-9,-1,1
1533864523248919,-3,-7,-19,1,3,-3,0,-3
1533864523248919,-2,0,23,-7,3,1,1,-1
1533864523256098,1,-3,-9,-8,-5,-1,-5,-1
1533864523256098,0,-3,-7,-1,2,-2,-1,-3
1533864523271872,-2,0,-9,2,4,1,0,-1
1533864523271872,-1,-4,-14,2,-8,-4,-3,-2
1533864523273868,-1,-1,0,-2,6,2,0,1
1533864523273868,0,2,8,-1,-5,3,2,2
1533864523294796,0,-2,8,-2,-2,-5,-8,-2
1533864523294796,-2,-3,-9,5,-5,-3,0,-1
1533864523295790,1,4,11,-2,1,3,6,1
1533864523295790,0,-4,-13,1,1,-1,-1,0
1533864523307767,0,0,3,5,4,2,0,0
1533864523307767,1,-1,-1,10,16,7,-1,-2
1533864523317737,-5,-6,-15,-16,-31,-13,-9,-1
1533864523317737,-4,-2,-4,-3,-5,-1,1,-1
1533864523332691,0,0,5,3,-5,-6,-2,-3
1533864523332691,-1,-1,0,1,1,-1,-1,-2
1533864523333723,2,1,0,2,8,4,-1,1
1533864523333723,0,-1,-2,2,2,-3,-2,-1
1533864523354645,-1,0,10,1,7,0,0,0
1533864523354645,-4,-5,-9,10,1,-1,3,0
1533864523356628,-2,-2,-3,-18,-17,-4,-3,-2
1533864523356628,-2,0,-3,-3,7,0,0,0
1533864523368595,-1,2,1,11,2,3,1,4
1533864523368595,-1,-3,-5,-5,-2,-1,0,-1
1533864523377572,-1,-5,-4,3,1,-4,-5,-4
1533864523377572,0,-1,3,-1,-1,0,-1,-3
1533864523391533,-1,1,7,-1,8,5,4,4
1533864523391533,1,3,5,-1,0,2,4,2
1533864523393535,-4,-2,-3,-3,-8,-3,0,-3
1533864523393535,-3,-2,-7,1,-5,-9,-4,-3
1533864523414476,-4,-5,-4,-16,-13,-5,-8,-5
1533864523414476,1,-2,0,2,-2,-3,-5,-2
1533864523416468,2,-1,2,1,9,4,-1,1
1533864523416468,1,0,1,7,9,4,0,1
1533864523428438,-4,-3,-1,-3,4,-1,2,-3
1533864523428438,-2,0,-2,-3,-5,-6,-1,-1
1533864523437412,-1,1,-1,0,6,0,5,2
1533864523437412,-1,-1,-3,-4,-8,-3,-3,-1
1533864523452374,-3,-1,-2,-4,4,-1,3,0
1533864523452374,-1,-2,-4,1,0,2,-5,-2
1533864523453369,-1,0,-2,8,7,1,3,0
1533864523453369,-2,-1,1,-3,-6,-3,0,-2
1533864523474494,0,-4,-5,-2,-2,-3,-2,-4
1533864523474494,-4,-4,-4,-3,1,-4,-4,-4
1533864523476306,2,3,4,3,-8,-1,1,2
1533864523476306,0,2,5,-3,6,6,4,3
1533864523488278,0,1,3,3,1,0,-1,-1
1533864523488278,0,0,-2,0,-2,2,5,3
1533864523497251,-4,-2,-5,-14,-3,-4,-7,-4
1533864523497251,-1,-2,-4,6,1,-5,-7,-5
1533864523512227,0,-2,-1,5,-12,-7,-4,-4
1533864523512227,2,1,-1,4,-2,5,4,4
1533864523513209,-2,-3,-2,15,4,2,-2,0
1533864523513209,-3,-2,0,0,-5,-3,-1,-3
1533864523534152,0,0,-3,-5,-2,-4,-3,-2
1533864523534152,-3,-1,-7,-11,-9,-5,-3,-2
1533864523536147,0,1,3,2,2,5,-1,-1
1533864523536147,0,-1,-1,-4,17,5,1,0
1533864523548116,-2,-1,1,4,-5,-6,-2,-3
1533864523548116,-2,-1,-1,-2,-10,-3,2,0
1533864523557092,-4,-3,-1,-9,1,-2,-2,0
1533864523557092,0,-3,-3,-3,-1,-3,-3,0
1533864523572264,0,0,0,-3,8,4,2,-1
1533864523572264,-2,-2,-2,0,-7,-4,-2,-3
1533864523574055,0,-1,-1,-1,-1,-1,-2,-4
1533864523574055,-1,-1,-4,-4,-8,-2,-3,-2
1533864523594990,-2,0,0,-5,12,3,0,-1
1533864523594990,-2,2,4,10,6,-1,-3,0
1533864523595987,2,0,-19,-10,-9,0,-1,-2
1533864523595987,-6,-4,-8,-1,-14,-6,-2,-6
1533864523607955,0,-2,-5,-4,0,-1,-3,-3
1533864523607955,0,-1,4,-3,-2,-3,2,-1
1533864523616947,-1,-1,-2,-1,2,-3,0,1
1533864523616947,1,0,2,2,9,0,-4,1
1533864523631895,-2,-2,0,-4,-16,2,3,0
1533864523631895,-4,-4,-9,-8,-6,-8,-4,-4
1533864523633886,0,-1,5,2,-11,-3,1,-3
1533864523633886,-1,1,1,2,2,1,3,1
1533864523654830,-1,-3,-35,2,8,2,-3,0
1533864523654830,-1,-1,16,-1,6,3,-2,-2
1533864523655828,-4,-1,0,3,-2,-3,-1,0
1533864523655828,-1,-8,-10,-9,-12,-3,-3,-2
1533864523667796,-2,0,4,10,6,1,-1,-2
1533864523667796,-3,-4,-12,-8,-3,-3,-1,-2
1533864523676780,-2,-1,3,-1,1,1,-2,-3
1533864523676780,0,4,6,5,-2,-1,2,0
1533864523691731,1,0,8,-1,-2,2,1,2
1533864523691731,0,0,2,-3,4,4,0,0
1533864523693726,1,0,-6,3,4,-2,-4,-2
1533864523693726,-2,-2,-7,-13,-10,-7,-4,-3
1533864523714673,1,0,-1,5,-5,-4,-1,-1
1533864523714673,0,9,38,-1,6,1,0,-1
1533864523716663,-1,-21,-78,1,6,-1,0,-1
1533864523716663,0,17,-1,0,4,-1,-1,0
1533864523728631,-4,-22,5,-7,-18,-5,-3,-1
1533864523728631,-3,-3,-10,5,-1,1,-3,-1
1533864523737613,-3,2,1,-7,-7,-2,-3,0
1533864523737613,1,1,0,0,-6,0,-2,-1
1533864523752590,-2,0,-29,-3,7,-1,2,1
1533864523752590,1,0,-8,-1,-3,-1,-1,0
1533864523753565,-1,0,11,2,6,-4,-1,-2
1533864523753565,-3,-10,-26,-6,2,3,0,-1
1533864523774510,-4,7,16,-1,-4,-5,-3,-3
1533864523774510,0,-12,-72,-5,-18,-5,1,-1
1533864523776505,-3,6,43,1,3,0,-2,0
1533864523776505,-1,-5,-2,7,-2,0,-1,1
1533864523788481,3,8,88,-2,11,5,-1,-1
1533864523788481,-3,-2,-22,-14,2,0,-3,-1
1533864523797475,1,0,37,2,-5,-1,-1,1
1533864523797475,0,1,19,5,14,0,0,0
1533864523812412,-3,-6,-36,-2,-18,-5,-1,1
1533864523812412,1,4,-39,-4,-4,-5,-1,-1
1533864523813405,-1,-6,-4,-3,2,-1,-3,-4
1533864523813405,-3,-9,-5,-5,-9,-2,-1,-4
1533864523834353,-2,0,11,3,1,-2,-3,0
1533864523834353,-1,-8,-63,3,8,4,2,-2
1533864523836365,-2,3,-34,-6,-4,-1,3,-1
1533864523836365,1,1,44,-1,1,-1,0,0
1533864523848469,-4,3,-73,-3,2,1,-1,-4
1533864523848469,-1,-18,13,-1,-7,-2,-6,-2
1533864523857288,0,0,13,8,9,-2,1,0
1533864523857288,-2,8,2,-9,-10,-2,-1,-3
1533864523872426,-2,-4,-96,-10,2,-1,-3,-3
1533864523872426,0,2,102,11,3,-1,2,3
1533864523873247,0,-13,0,-32,-11,-4,-6,-8
1533864523873247,-3,-5,97,21,0,-2,-1,2
1533864523895246,-4,2,32,4,2,2,3,2
1533864523895246,-2,14,24,-3,-3,-6,-8,-3
1533864523896196,-2,-1,-44,1,17,4,-1,-4
1533864523896196,1,3,-68,-9,-33,-8,-1,-1
1533864523908152,1,-4,5,0,9,4,-2,1
1533864523908152,-2,-6,-13,-2,3,1,3,0
1533864523917128,1,8,24,5,4,-2,-3,-1
1533864523917128,0,-3,-18,-5,7,1,1,-1
1533864523931116,1,3,33,2,-4,-1,-1,2
1533864523931116,1,2,9,0,-1,0,-2,-1
1533864523938077,0,1,-7,4,0,3,2,1
1533864523938077,-1,0,-9,0,-4,-6,-3,-2
1533864523955188,-3,-3,5,-9,-16,-8,0,-1
1533864523955188,-2,2,9,2,-1,-3,-2,0
1533864523956024,-2,-8,-62,-1,-4,-2,0,1
1533864523956024,2,3,65,2,22,5,1,-2
1533864523967996,1,0,16,0,-8,-5,-2,-1
1533864523967996,-3,-6,-33,-4,2,-3,1,0
1533864523976975,0,23,-28,2,-12,-5,-5,-2
1533864523976975,5,-17,33,4,9,5,2,3
1533864523991930,2,9,96,5,-4,-1,0,-1
1533864523991930,-4,-1,-1,1,-4,-2,0,-1
1533864523997918,-4,-4,9,9,13,4,1,0
1533864523997918,-3,8,-48,-5,-15,-8,-2,-1
1533864524014895,-1,-12,-88,-9,2,3,-3,-2
1533864524014895,-1,1,14,0,-6,-1,1,0
1533864524015864,-4,-1,27,1,-8,1,0,-3
1533864524015864,-4,-3,-28,-3,6,-4,-4,-4
1533864524028834,2,-3,-9,0,1,2,-3,0
1533864524028834,-2,3,-3,-2,-4,-5,0,0
1533864524036808,0,-4,0,-6,5,-2,0,1
1533864524036808,-4,-10,-45,2,1,0,2,-1
1533864524051772,0,1,8,3,7,1,-3,-3
1533864524051772,0,0,1,-2,1,-7,-6,-3
1533864524057753,1,-5,21,-5,-28,-1,-2,-2
1533864524057753,1,10,-15,-3,-9,-1,0,-3
1533864524074706,-4,-5,-15,-4,-2,0,1,-3
1533864524074706,5,2,33,1,6,0,-3,1
1533864524075720,-2,-18,68,9,-4,1,3,3
1533864524075720,-3,-1,-15,-8,12,4,-4,-1
1533864524096652,-2,6,52,6,-6,-7,-2,-1
1533864524096652,-2,-6,-9,0,6,6,0,-4
1533864524098660,-1,3,-15,-10,-12,-7,-1,0
1533864524098660,1,-2,-9,3,-6,2,2,2
1533864524111608,1,-1,-11,-3,4,1,1,0
1533864524111608,1,1,-18,-5,-6,1,-1,-1
1533864524118593,-2,0,-8,-2,-2,-7,-5,-4
1533864524118593,0,-3,-16,-3,-4,4,4,1
1533864524134546,0,1,-12,-1,4,-6,-4,1
1533864524134546,-1,1,-2,-1,-19,-2,-1,0
1533864524136541,1,-1,-13,5,16,10,1,-1
1533864524136541,-4,-5,8,0,19,-2,1,-4
1533864524157489,1,0,2,-3,-6,-2,7,3
1533864524157489,1,-3,3,1,-1,2,-1,-3
1533864524158486,-1,2,8,1,0,-3,0,0
1533864524158486,1,0,-2,-1,-1,-3,-2,-4
1533864524171452,-3,-3,-9,-4,-9,-2,-4,-5
1533864524171452,-1,-1,-11,-3,22,-4,-2,-1
1533864524178639,-2,0,-17,4,-14,2,2,0
1533864524178639,-3,1,1,-1,0,2,-1,-1
1533864524194390,0,-2,-13,-4,-5,-4,-3,-1
1533864524194390,-2,-2,6,2,4,0,0,-1
1533864524196388,-1,-1,-1,-2,-6,-9,-4,0
1533864524196388,-1,-3,-3,-3,-4,-3,-6,0
1533864524217328,-1,-1,1,1,5,3,4,-1
1533864524217328,-2,1,-8,-1,-7,1,1,1
1533864524218322,2,2,8,-8,10,3,2,0
1533864524218322,-3,-5,-11,1,-13,-3,-5,-1
1533864524231289,-6,-7,-99,-9,3,-5,-4,-5
1533864524231289,0,3,59,9,2,2,2,0
1533864524238270,-3,4,-9,-4,-6,-3,-1,-1
1533864524238270,-1,-18,-82,-6,-3,-2,-1,1
1533864524254227,-2,-5,6,-4,-2,1,-4,-3
1533864524254227,-2,5,-14,-3,-9,-5,-2,-2
1533864524256233,0,-8,9,-2,3,-3,-2,-1
1533864524256233,0,1,-4,3,6,-3,-1,-1
1533864524277165,1,3,2,2,-2,1,-1,-2
1533864524277165,-1,-3,-20,-4,-5,-4,-2,-1
1533864524278162,1,0,9,10,2,2,1,-1
1533864524278162,-1,3,0,-12,-8,-1,-1,-3
1533864524291128,-1,-2,20,6,19,1,1,2
1533864524291128,-1,-2,9,-3,-12,-3,1,-2
1533864524300103,-4,0,-13,3,3,3,-3,-4
1533864524300103,0,3,26,-2,-6,3,-2,-2
1533864524315064,-2,2,18,4,-4,-6,-2,-2
1533864524315064,-2,-3,-11,-3,8,0,-3,-2
1533864524316066,-3,-5,-22,-6,-9,-9,0,2
1533864524316066,1,10,71,7,2,3,0,1
1533864524337011,-1,-1,47,4,-11,-5,-1,-1
1533864524337011,-2,-4,-18,-3,0,1,0,0
1533864524339000,0,-2,-12,-2,-3,1,0,0
1533864524339000,1,8,88,6,13,2,0,-2
1533864524350972,-1,-1,-13,-5,-5,-1,-1,0
1533864524350972,-1,11,-7,-4,-5,-3,-3,-2
1533864524357949,-1,-13,-3,4,3,1,1,0
1533864524357949,-1,-2,-33,-1,-1,0,1,2
1533864524374904,-1,-1,-2,-6,-3,3,0,-1
1533864524374904,-1,0,1,-2,-5,0,-1,0
1533864524375902,0,4,-1,-10,-2,-2,-5,-1
1533864524375902,-3,-6,-27,-1,-3,-4,-1,-1
1533864524396845,-1,-1,5,-1,1,-3,0,-3
1533864524396845,-2,-5,-4,2,-8,-3,-2,1
1533864524398847,-1,2,5,1,5,1,-2,-1
1533864524398847,-1,-4,-6,2,5,0,-1,0
1533864524411806,-3,-1,-1,-2,-7,0,-1,-1
1533864524411806,-2,-5,-5,-3,-5,0,2,-2
1533864524417805,-1,-2,4,-1,-2,-5,-3,-2
1533864524417805,-1,4,-7,-5,-5,3,-1,-2
1533864524434935,-1,-3,-21,-8,4,-2,-5,-5
1533864524434935,-2,-4,-5,7,3,-2,1,0
1533864524436787,-1,2,-4,3,-2,-1,-1,-2
1533864524436787,-1,-8,-5,1,-2,-3,1,1
1533864524456685,0,1,19,0,-3,1,0,1
1533864524456685,-2,-8,-40,-6,2,-1,-3,-1
1533864524458679,-2,14,47,-2,1,-1,-1,-3
1533864524458679,-3,-4,-11,1,0,-5,-3,-1
1533864524471869,0,-1,-6,0,1,2,1,-1
1533864524471869,0,-3,-5,0,-5,-3,0,-3
1533864524478626,-2,1,-5,2,4,-3,0,0
1533864524478626,-2,-1,-15,-6,-4,-1,1,-3
1533864524502579,-1,0,7,-3,-6,-2,0,0
1533864524502579,-1,0,10,-3,1,2,1,-2
1533864524503585,-1,-4,-11,-3,-3,-3,-4,-4
1533864524503585,1,2,10,3,3,0,2,3
1533864524517631,-2,-4,-9,9,3,3,1,3
1533864524517631,0,-1,7,0,-2,-3,-2,-1
1533864524518520,1,-5,-3,-6,-9,0,1,-1
1533864524518520,-3,-4,-12,2,5,-2,-1,-3
1533864524531489,-2,2,1,-6,-1,-5,0,-1
1533864524531489,-4,-5,0,0,-6,-1,-2,-1
1533864524538467,0,-3,1,2,2,-1,0,1
1533864524538467,-1,1,-5,-2,-6,-3,-1,-2
1533864524554434,-1,-1,-3,-2,6,0,-1,1
1533864524554434,-2,-4,-24,-7,2,-2,-3,-3
1533864524556419,-3,-2,1,-2,-3,0,-2,0
1533864524556419,1,0,-5,-3,8,1,-5,-1
1533864524577390,1,-1,10,-2,-9,-3,-1,-2
1533864524577390,-1,-1,-6,-2,-6,1,2,-1
1533864524578360,0,-2,-5,-2,3,-5,-1,-2
1533864524578360,-4,-3,-5,-2,-21,-4,-5,-5
1533864524590466,-3,-5,-13,2,13,1,3,0
1533864524590466,0,3,13,-6,-1,-5,-4,2
1533864524599313,-1,0,-4,0,-1,3,3,0
1533864524599313,2,2,8,-2,-3,0,3,3
1533864524614482,0,-4,-4,-1,-3,-5,-7,-5
1533864524614482,0,-2,10,4,0,0,-1,-1
1533864524616299,-1,0,5,0,9,2,-2,-1
1533864524616299,-2,-2,-6,-2,2,-6,-2,-3
1533864524637202,-2,0,-3,3,-4,1,0,0
1533864524637202,-1,-3,5,1,6,0,-3,0
1533864524639197,0,-1,-6,1,-6,-1,-3,0
1533864524639197,0,0,-1,-3,-1,-1,0,-2
1533864524651164,0,-1,1,1,-2,-3,-1,1
1533864524651164,0,-1,8,1,1,0,0,-4
1533864524660158,-1,-1,-6,-1,-3,-3,-3,-3
1533864524660158,-1,0,2,4,11,1,0,0
1533864524674280,-3,0,2,-5,-12,-3,-3,-1
1533864524674280,-3,-3,-6,-4,-4,-2,1,-2
1533864524676099,0,-2,0,0,-9,2,1,0
1533864524676099,0,-1,1,-3,3,5,3,2
1533864524697042,-3,-2,-5,3,-2,0,0,-3
1533864524697042,1,1,6,-5,4,0,0,1
1533864524699041,-2,-4,-5,2,-4,-2,-1,-1
1533864524699041,-1,0,2,2,3,-4,-1,-1
1533864524711010,1,0,-1,-3,1,1,-1,-2
1533864524711010,-1,0,2,0,0,0,0,-1
1533864524719981,-2,-2,-2,-2,2,-3,1,0
1533864524719981,-2,0,-4,-4,-4,1,-3,0
1533864524734944,0,1,-7,-4,1,0,-2,-1
1533864524734944,1,14,13,-5,-1,-3,-4,-3
1533864524735938,-2,-20,8,6,-2,-4,1,2
1533864524735938,-1,-3,-19,-9,-3,0,0,-3
1533864524756883,2,5,85,10,5,-4,-1,1
1533864524756883,-5,-2,-18,0,-1,-3,0,0
1533864524758887,-1,14,-30,-4,-4,-3,-2,-4
1533864524758887,0,-8,22,5,-5,3,0,2
1533864524770845,0,-1,-22,-10,-4,4,-2,-2
1533864524770845,-1,-3,-10,0,0,0,1,-1
1533864524779820,2,13,76,10,3,1,0,0
1533864524779820,-5,-5,-60,-7,-3,-3,-3,-3
1533864524794784,3,21,36,-4,4,-5,-3,-3
1533864524794784,0,-2,14,4,-1,0,-1,0
1533864524795777,-4,-8,-53,-6,-6,-2,-3,-3
1533864524795777,6,10,76,16,6,2,0,1
1533864524816722,-5,-8,-23,2,-4,-1,0,0
1533864524816722,-2,3,-14,-3,-5,-1,-3,-2
1533864524818717,1,-1,6,-3,3,3,2,1
1533864524818717,-5,-3,-41,-7,-9,-5,-5,-3
1533864524830882,-1,-1,-24,-4,-1,-3,-1,-3
1533864524830882,-1,-18,-65,-6,0,-2,0,1
1533864524839661,3,23,27,-4,0,0,-1,0
1533864524839661,2,-23,91,14,7,2,4,4
1533864524854621,-3,-17,-22,-1,-2,-1,-2,3
1533864524854621,-3,-7,-17,-4,-2,3,-2,-2
1533864524856615,-1,-5,-19,-3,0,-1,-1,-1
1533864524856615,4,16,21,1,0,-2,-2,-1
1533864524877560,2,14,13,2,-5,0,0,0
1533864524877560,1,-6,36,10,4,1,3,1
1533864524878559,-3,-1,27,-1,3,2,1,0
1533864524878559,-5,0,-22,-6,-3,-5,-2,-2
1533864524890526,-3,-11,-45,-1,-2,3,-1,-1
1533864524890526,0,6,17,-1,-4,0,0,-2
1533864524899507,-2,-7,-23,-8,0,-2,-3,-2
1533864524899507,-4,7,-65,-5,-1,-1,-2,-3
1533864524914460,1,-20,36,5,5,1,1,1
1533864524914460,-4,4,-13,-7,-2,-4,-2,-3
1533864524916455,5,-8,21,3,3,1,3,1
1533864524916455,-4,-5,-14,-5,-15,-3,-3,-1
1533864524937596,-2,3,-36,-5,2,-3,-1,-2
1533864524937596,1,4,4,4,1,1,-1,-2
1533864524938412,-4,2,-17,-4,-10,-6,-3,-3
1533864524938412,2,-15,-40,-5,3,-1,0,-2
1533864524950368,1,5,14,-1,-2,-2,3,1
1533864524950368,-2,-16,30,10,5,1,2,1
1533864524959340,-6,6,34,4,-1,-1,-2,-3
1533864524959340,-5,-9,-74,-18,-10,-6,-3,-4
1533864524974441,5,6,97,15,2,0,1,3
1533864524974441,-1,-4,-9,-6,0,-2,0,-4
1533864524976312,-2,5,-35,-3,0,-2,-3,-3
1533864524976312,-2,-5,-52,-7,-4,-5,-4,-1
1533864525004222,-4,-9,-20,-13,-7,-2,-2,-3
1533864525004222,-1,5,9,-4,-4,-1,-4,-1
1533864525006215,-1,-5,12,3,-3,1,0,0
1533864525006215,-4,9,-17,-3,-4,0,-3,-3
1533864525011201,4,8,2,-3,5,-2,-1,0
1533864525011201,-6,-29,-100,-20,-7,-5,-6,-5
1533864525020177,0,-1,64,18,-1,1,3,3
1533864525020177,-1,-11,-4,-3,9,2,1,1
1533864525034357,-4,8,-51,-4,-5,-5,-7,-5
1533864525034357,-2,7,0,-4,-16,1,3,2
1533864525041132,1,-2,-42,-12,2,-2,-4,-4
1533864525041132,0,-4,19,10,2,-3,0,0
1533864525057293,-3,-3,13,-4,0,0,2,1
1533864525057293,3,2,7,-1,12,2,1,0
1533864525059075,-1,-9,-19,-4,-11,-2,-2,-2
1533864525059075,1,5,20,-4,-4,-4,-3,-2
1533864525080166,-4,-3,-50,-1,1,-2,-4,-2
1533864525080166,2,5,17,10,1,-1,0,1
1533864525081017,-1,-5,-21,-5,2,3,1,0
1533864525081017,-3,6,-59,-16,-4,-2,-3,-4
1533864525093981,-2,-28,3,6,1,4,4,2
1533864525093981,-3,2,5,1,-3,-4,-2,0
1533864525100971,-2,-11,-65,-9,-3,-3,-3,-2
1533864525100971,-1,9,25,2,-2,-1,-1,0
1533864525116919,2,6,23,-6,0,-3,-1,-1
1533864525116919,-2,5,34,-1,4,1,0,-1
1533864525118914,0,-2,-29,-5,-4,-1,-2,-1
1533864525118914,-1,-3,50,8,2,0,0,0
1533864525139861,-2,10,-31,-8,-11,-3,-5,-6
1533864525139861,0,-12,-2,11,-2,-1,0,0
1533864525140856,-2,4,16,-4,12,3,-1,-1
1533864525140856,-3,-2,2,4,-10,-4,-1,-1
1533864525153962,0,-1,12,3,7,0,-1,-1
1533864525153962,2,6,-7,-6,5,-1,-1,-2
1533864525160802,-2,3,0,3,0,-2,0,-1
1533864525160802,1,-12,37,5,4,1,3,2
1533864525176759,-3,-17,-72,-12,-7,-3,-3,-4
1533864525176759,2,10,19,2,-6,1,-2,-1
1533864525178770,4,22,88,3,-2,-1,1,1
1533864525178770,-10,-17,-59,-6,-2,-2,-3,-3
1533864525199715,-5,-2,-2,2,1,-1,1,1
1533864525199715,-1,-4,-12,-2,3,-1,-3,-1
1533864525201692,0,6,-25,-9,-8,-2,-5,-3
1533864525201692,6,7,-16,0,6,4,0,-1
1533864525213660,-2,-5,26,-3,-2,-1,-2,0
1533864525213660,-4,2,-15,0,-8,-5,-4,-5
1533864525222647,-4,-12,-25,-1,3,-2,-2,-4
1533864525222647,1,4,37,3,-1,1,0,0
1533864525236603,-1,0,-13,-2,-2,0,-1,-4
1533864525236603,2,1,26,-4,2,-3,-2,1
1533864525238594,-4,-12,-20,-1,-5,-6,-3,0
1533864525238594,-1,4,33,3,2,-1,0,0
1533864525259539,0,8,6,1,1,-1,-1,-1
1533864525259539,-1,-3,-17,-2,2,-1,-2,-1
1533864525261533,0,-17,6,2,8,0,0,1
1533864525261533,-3,1,4,-2,-25,-5,-2,-1
1533864525282476,1,0,-31,1,6,5,3,0
1533864525282476,0,3,26,-3,-10,-4,-2,0
1533864525283474,-1,-4,-20,2,-4,1,-1,0
1533864525283474,-4,-3,9,0,18,-1,-5,-2
1533864525297440,-6,-10,-22,4,0,-1,1,2
1533864525297440,0,12,90,5,-15,-2,1,2
1533864525298443,-6,1,-6,4,2,0,0,0
1533864525298443,1,2,1,-2,5,2,-1,0
1533864525326378,0,1,11,2,1,-3,-3,-2
1533864525326378,1,-6,-37,-1,11,2,-1,-2
1533864525335349,2,-4,3,-7,-7,0,0,-1
1533864525335349,3,4,17,-2,-9,-2,-1,2
1533864525336335,3,-1,1,-2,-4,-3,-3,0
1533864525336335,0,-5,-13,-3,-4,-2,-1,-1
1533864525342317,-1,2,-13,-4,0,-1,1,0
1533864525342317,1,-2,1,9,7,2,1,-1
1533864525357280,-6,-3,5,-2,-13,-5,-3,-4
1533864525357280,-2,7,-35,-4,5,-1,-1,0
1533864525358274,1,-7,17,-4,-3,-1,-1,0
1533864525358274,-4,-3,-4,4,2,0,0,0
1533864525379325,-1,0,30,-3,-6,-5,-2,-1
1533864525379325,-4,-2,-6,-4,4,5,1,-2
1533864525381213,-3,13,-15,-4,-8,-2,-2,-4
1533864525381213,2,-3,2,-10,4,2,-1,0
1533864525393182,1,-2,0,1,2,-2,0,-2
1533864525393182,-4,-7,-14,-6,-4,0,0,-1
1533864525402158,-2,1,-1,2,1,-1,-2,-1
1533864525402158,-1,-1,-8,1,-6,-2,0,-2
1533864525417120,1,3,-3,3,12,2,0,-3
1533864525417120,0,-1,-6,-6,-3,-2,1,-1
1533864525419110,1,4,-2,4,-2,-3,-1,0
1533864525419110,-3,2,15,5,-13,-4,0,-2
1533864525447205,-2,-3,3,-13,0,1,-1,1
1533864525447205,0,-4,5,2,-2,0,-3,-2
1533864525449057,-3,-9,-45,-9,8,1,-2,-4
1533864525449057,-3,3,15,1,1,-4,-5,-1
1533864525453020,0,-3,-52,-1,3,1,-1,3
1533864525453020,-3,5,58,7,3,-1,3,-2
1533864525468092,-2,-6,2,1,-12,-3,-2,-1
1533864525468092,0,-1,-16,-8,0,-2,-3,-3
1533864525476958,0,1,-3,4,-7,-38,-9,-6
1533864525476958,3,-6,-30,7,6,26,6,2
1533864525478952,2,3,6,-6,5,19,5,0
1533864525478952,-4,2,5,-11,-8,-11,-3,-2
1533864525500072,3,15,1,-8,-1,10,13,6
1533864525500072,-5,-9,-66,-4,-2,-10,-2,2
1533864525500893,-6,8,12,8,3,-5,-6,-5
1533864525500893,0,-1,29,9,4,2,-3,-3
1533864525512865,-5,-8,-6,-7,-12,-6,-6,1
1533864525512865,3,8,2,-18,-4,-9,-5,-6
1533864525521837,-2,-23,20,-21,-14,5,3,2
1533864525521837,-2,-5,-32,11,7,0,1,-1
1533864525536799,2,2,32,7,-10,5,2,-2
1533864525536799,0,-1,-88,0,29,4,1,-1
1533864525538791,1,3,96,-8,-7,-7,-2,1
1533864525538791,-3,1,-16,-19,-9,-8,-5,-1
1533864525559741,1,-3,0,7,1,9,0,0
1533864525559741,-5,-15,20,2,-7,-8,-7,-5
1533864525561735,-1,-4,-48,23,-1,-15,-4,3
1533864525561735,3,-1,-7,-51,-6,28,17,0
1533864525573847,-5,5,-3,3,1,6,1,-1
1533864525573847,0,1,0,-3,-4,-6,-8,2
1533864525582674,-2,3,0,9,4,-10,0,2
1533864525582674,0,-2,16,3,0,-13,-10,-1
1533864525596637,2,-4,-16,4,0,3,-12,-6
1533864525596637,-1,0,35,-10,-5,-4,23,2
1533864525598632,-2,-4,-6,-13,5,10,-2,1
1533864525598632,-2,1,-18,28,7,11,1,0
1533864525619787,-2,-5,-21,1,2,-4,-6,-2
1533864525619787,-4,-4,13,21,-6,-11,-11,-3
1533864525621574,-2,-2,-19,-3,-4,-6,1,-6
1533864525621574,-1,-4,-8,13,0,-1,0,-1
1533864525633541,-3,-3,10,-9,0,1,1,-1
1533864525633541,1,4,23,9,-3,0,-1,1
1533864525642514,1,-1,-18,-5,2,-2,0,-4
1533864525642514,1,0,7,14,7,-3,1,-2
1533864525657473,-4,-5,8,1,-5,-5,3,-3
1533864525657473,-1,2,0,-4,-4,7,1,3
1533864525658489,1,0,-35,4,3,0,-1,0
1533864525658489,-3,-2,5,-2,-4,-5,-5,0
1533864525679552,-3,0,7,-1,-1,-1,1,1
1533864525679552,-1,-2,0,0,-2,0,-6,-2
1533864525681411,1,-6,-6,10,-5,-4,-1,-1
1533864525681411,5,4,4,6,1,-1,2,2
1533864525693390,-5,-4,11,-15,-2,-1,-2,-10
1533864525693390,0,0,4,5,-1,-2,0,3
1533864525702354,1,1,6,-9,3,1,2,6
1533864525702354,-2,-6,-7,-4,-5,-2,-5,-12
1533864525717316,2,0,4,-7,5,2,-1,1
1533864525717316,-2,0,-13,-11,-3,-2,-3,-3
1533864525718314,-1,-2,14,7,1,0,1,0
1533864525718314,-1,0,1,-12,-2,-2,0,5
1533864525739257,-1,-1,-2,11,-1,0,1,4
1533864525739257,0,-2,2,5,-3,0,-1,-4
1533864525741284,0,1,-4,-4,-5,0,-1,-4
1533864525741284,-4,-3,-5,-5,2,-5,-2,-1
1533864525753221,1,1,4,7,3,-2,-1,-1
1533864525753221,-2,-4,0,-15,-6,-2,0,2
1533864525762194,-2,3,5,12,1,-1,0,-2
1533864525762194,0,-2,-1,-12,-3,0,0,-1
1533864525777154,0,-1,-5,2,-1,-2,0,0
1533864525777154,1,1,0,-1,-1,-2,-2,4
1533864525779148,-1,3,-2,8,2,1,-3,-3
1533864525779148,-8,2,-5,-22,-2,0,-1,-9
1533864525800117,-6,-4,-2,11,-1,-1,-2,5
1533864525800117,1,-6,-1,-35,-3,0,1,0
1533864525801090,-2,5,1,4,1,-2,-1,-3
1533864525801090,5,2,3,7,2,-1,-1,6
1533864525813061,1,1,1,2,-1,0,-1,-5
1533864525813061,0,1,3,9,1,0,0,9
1533864525822042,-3,-4,-20,-5,-1,-2,-9,-13
1533864525822042,2,-1,26,2,-4,-1,2,0
1533864525837015,1,-2,-3,-11,-5,-3,-1,-2
1533864525837015,-3,-3,-3,11,-1,-1,-1,-4
1533864525842997,0,-1,-3,-6,-2,0,0,2
1533864525842997,-3,-3,-11,12,0,-2,-2,2
1533864525859933,-1,-3,-2,-12,-1,1,-1,-2
1533864525859933,-4,-4,-2,-4,-5,-3,-3,-4
1533864525860929,-3,-4,1,-7,-6,-2,-2,1
1533864525860929,-1,1,-2,9,2,-2,-2,0
1533864525873148,1,3,5,1,1,1,2,5
1533864525873148,0,1,-3,-5,2,-2,-2,-3
1533864525882122,-2,-1,0,-4,-3,-1,0,-4
1533864525882122,1,0,1,5,3,1,2,2
1533864525896218,-2,-4,-7,-13,-4,-4,-3,-4
1533864525896218,1,0,2,13,2,1,-1,-3
1533864525903174,0,-2,5,-1,2,-1,1,1
1533864525903174,-2,0,-2,-8,-4,-1,-1,0
1533864525920022,0,1,-1,-4,0,1,-1,-2
1533864525920022,-4,-7,-12,-25,-9,-6,-5,-6
1533864525921017,0,-2,1,-2,1,-1,-2,3
1533864525921017,0,-2,-6,1,-3,0,-1,-1
1533864525932988,-1,0,1,0,1,3,-2,-1
1533864525932988,-1,1,5,7,2,1,1,0
1533864525941965,1,2,3,-1,-1,-1,-1,0
1533864525941965,-4,-3,-5,-3,-3,-3,0,-3
1533864525956941,1,2,3,7,3,-1,-1,0
1533864525956941,-5,2,-5,1,-4,-1,-3,-2
1533864525962905,-6,-5,1,-14,0,1,-1,1
1533864525962905,3,-3,2,9,-3,-1,-1,-1
1533864525979863,-1,-2,-4,2,-3,0,0,-2
1533864525979863,4,0,-1,7,-2,-1,-3,0
1533864525980869,-7,2,-1,-1,0,-1,1,-2
1533864525980869,-1,-4,-5,-7,-4,-4,-2,0
1533864526001804,-1,-1,-2,-1,0,-2,0,-3
1533864526001804,5,1,-1,2,2,0,-1,-1
1533864526003795,-5,-5,0,1,0,0,0,-1
1533864526003795,-4,-1,-5,3,1,-1,-2,0
1533864526015764,-1,-1,-3,-5,-2,0,0,1
1533864526015764,-3,-1,2,4,-1,1,3,-2
1533864526024741,3,-1,-2,-2,-1,-3,0,-1
1533864526024741,-2,-2,-3,-6,-2,-1,2,-1
1533864526039700,-1,0,0,-5,-4,-4,-5,-1
1533864526039700,-4,-1,5,0,5,2,-1,-1
1533864526040698,1,-3,-9,3,-6,-4,-2,-1
1533864526040698,1,1,-2,-6,-3,-1,-2,-2
1533864526061641,-4,-2,-1,3,1,0,1,-1
1533864526061641,-2,-1,3,-2,-2,-1,-1,-2
1533864526063636,3,1,1,5,-3,-1,-2,-1
1533864526063636,-5,6,-4,-4,-2,0,-2,-3
1533864526077601,0,-5,-5,-5,-4,-3,-2,-2
1533864526077601,-1,-2,2,-4,-1,-4,-3,-2
1533864526078596,3,-1,1,4,0,-1,-1,-1
1533864526078596,1,2,1,2,-1,1,2,1
1533864526099539,-4,-5,-5,3,-2,1,-1,0
1533864526099539,6,0,-1,-2,-1,-2,-3,-2
1533864526101550,-1,1,-2,-2,1,1,-1,0
1533864526101550,4,0,3,-3,0,-1,-1,0
1533864526122478,-6,-4,-3,4,-2,-3,0,1
1533864526122478,0,0,-2,2,-2,-1,-1,-2
1533864526123489,-2,-3,-3,-18,-9,-4,-3,-3
1533864526123489,-3,-3,0,2,0,1,-3,-3
1533864526137441,3,-4,2,-2,0,0,0,-1
1533864526137441,-5,0,1,8,1,0,1,-3
1533864526138435,-2,-1,-1,0,1,-2,-1,0
1533864526138435,1,3,-3,-9,-5,-4,-2,-1
1533864526167358,-8,-6,-2,3,-1,-3,-2,-2
1533864526167358,0,0,-5,-2,-1,0,2,0
1533864526168359,0,1,2,-1,2,0,1,-1
1533864526168359,-2,-6,-1,10,0,-1,-1,1
1533864526182318,6,10,4,-6,1,0,-2,-1
1533864526182318,-8,-4,-5,8,-5,-4,-3,-3
1533864526183315,3,4,3,5,3,0,1,0
1533864526183315,4,-1,-1,-2,3,-2,-1,-2
1533864526196284,1,-1,1,3,0,-1,-2,-4
1533864526196284,1,-2,-4,-8,-1,-1,-1,0
1533864526203265,0,0,0,-1,-4,-1,-1,-1
1533864526203265,-4,-5,1,9,0,1,-1,0
1533864526219222,-3,-1,-1,-19,-5,0,-1,-2
1533864526219222,-1,-6,0,-13,-1,1,-1,0
1533864526221214,-4,-3,-3,3,0,0,-1,-2
1533864526221214,-2,-3,0,-3,-1,-2,0,-2
1533864526242158,1,2,2,5,0,-1,0,0
1533864526242158,-4,1,2,2,-1,0,0,0
1533864526244167,-1,-2,1,-3,-3,-1,0,-1
1533864526244167,-4,-3,-10,-2,-6,-3,-2,-3
1533864526256290,1,2,-3,1,-2,-1,-1,1
1533864526256290,0,2,0,-4,-2,-1,-2,-2
1533864526263115,-1,-12,0,3,0,0,-1,-2
1533864526263115,-1,1,-1,-8,-2,-1,0,0
1533864526280060,-2,-2,-1,-3,0,-1,-1,0
1533864526280060,1,0,0,-5,-1,-2,-3,0
1533864526281054,-5,0,-2,-3,-1,-3,-2,-3
1533864526281054,0,-3,-1,1,-1,-1,1,-3
1533864526301998,-5,4,-2,-2,-1,1,2,0
1533864526301998,9,10,-3,4,0,0,-2,-2
1533864526304029,5,1,1,-4,0,0,0,1
1533864526304029,-4,-3,-5,-3,-1,-1,-3,-1
1533864526316007,3,1,4,9,2,1,-1,-1
1533864526316007,-5,-7,-5,-6,-4,-1,-1,0
1533864526322961,-3,-2,-4,-3,-1,-1,-3,0
1533864526322961,1,0,0,-2,-1,0,0,-1
1533864526340088,-2,-2,-1,-1,-2,-2,-3,-1
1533864526340088,0,3,10,8,4,1,2,0
1533864526340895,-1,-3,-12,2,-4,-2,-3,-2
1533864526340895,-2,-2,-1,-2,2,-1,-1,0
1533864526361838,-2,-2,1,-2,0,-1,-1,0
1533864526361838,-3,-5,0,2,-4,-1,0,-2
1533864526363840,1,2,-1,-4,-3,0,-1,-2
1533864526363840,1,0,3,9,2,1,2,1
1533864526376798,-3,-3,-4,-10,-3,-1,-2,-2
1533864526376798,-1,-4,-2,0,-2,-3,-2,-1
1533864526383861,-2,-1,0,-2,-2,0,-1,-1
1533864526383861,-1,2,2,0,-1,-2,-3,0
1533864526399740,-1,-6,-13,-18,-9,-6,-1,-1
1533864526399740,-3,-3,-4,0,-2,-2,-1,-1
1533864526400734,0,-1,1,-6,-1,-3,0,-1
1533864526400734,-2,-3,-2,-1,-2,-3,-1,-4
1533864526422681,2,0,2,5,0,-2,-3,-1
1533864526422681,-2,-1,-1,-1,-3,-1,-2,-3
1533864526423673,1,0,1,0,14,-1,-4,-1
1533864526423673,-1,1,0,-4,1,2,3,1
1533864526436641,0,-3,-1,4,10,-5,-5,-2
1533864526436641,-3,-5,-7,-18,-25,-3,1,-2
1533864526443626,-1,-1,2,-1,-7,-1,-6,-4
1533864526443626,-3,-4,-2,-1,1,-1,1,-3
1533864526459576,-1,1,-3,1,2,8,6,0
1533864526459576,1,1,4,11,19,2,1,3
1533864526461571,-3,1,1,0,-8,-6,1,3
1533864526461571,-2,-6,-12,-12,-5,-5,-7,-2
1533864526482518,-3,-3,0,4,-7,0,-2,-3
1533864526482518,-1,-2,-2,-4,1,0,-3,-2
1533864526483513,1,0,1,0,2,2,2,-1
1533864526483513,-1,-1,-1,6,1,-4,-4,-4
1533864526495484,-3,-3,-6,-9,-2,-2,0,-1
1533864526495484,-1,-3,-1,2,3,-3,-2,0
1533864526504456,-2,-2,-3,-2,0,1,2,-2
1533864526504456,4,2,4,-3,-10,4,5,2
1533864526519433,-1,-3,-1,2,3,-5,-8,-7
1533864526519433,1,0,2,6,19,0,-1,-1
1533864526525400,-3,-3,-6,-12,-22,-9,0,-3
1533864526525400,1,3,0,0,-4,7,3,6
1533864526542371,0,1,2,3,-16,3,3,3
1533864526542371,-3,-6,-6,-9,-7,-5,-3,-2
1533864526543352,-1,-3,3,7,0,-5,-9,-5
1533864526543352,-3,-1,-1,-1,4,0,0,-5
1533864526556352,1,2,2,1,7,1,-2,1
1533864526556352,-1,-1,-1,-10,-1,-2,2,0
1533864526564300,-1,-3,-2,1,4,0,1,0
1533864526564300,-2,-3,-2,-4,-3,-8,-6,-5
1533864526579256,1,0,2,4,1,0,-4,-2
1533864526579256,-2,2,-3,1,-1,2,2,1
1533864526581252,1,1,-1,-1,-2,4,6,4
1533864526581252,-3,-4,-3,0,-3,-5,-3,-1
1533864526602198,-2,-3,-5,-2,0,-6,-3,-4
1533864526602198,-1,1,1,2,-5,-7,-8,-3
1533864526604189,2,1,-1,-2,-1,0,1,1
1533864526604189,1,1,-1,1,6,4,2,0
1533864526616161,0,-2,-1,-1,1,4,7,3
1533864526616161,-1,-1,-1,0,-6,-2,-3,1
1533864526625134,-4,-1,-1,-1,1,0,-5,-3
1533864526625134,0,-1,0,-1,-2,-5,-4,1
1533864526639096,-2,-2,-2,-5,-5,-3,0,-6
1533864526639096,2,-2,0,-1,-2,0,-1,-1
1533864526641092,0,0,0,3,5,0,0,2
1533864526641092,-1,0,0,-2,-2,-3,-2,-1
1533864526670017,1,-1,1,-2,-3,-3,-3,1
1533864526670017,-3,-2,-4,1,-2,-1,2,-4
1533864526671011,0,-3,-2,-1,-2,-2,-9,-4
1533864526671011,-1,-1,0,-2,-1,-1,1,1
1533864526675998,-2,-1,-3,1,1,0,0,-1
1533864526675998,0,-1,1,0,2,5,-6,2
1533864526684974,-2,-1,-1,-1,2,2,8,2
1533864526684974,-4,-4,-1,-1,-2,-5,-6,-4
1533864526699937,0,-1,0,0,-4,-2,-3,-2
1533864526699937,-1,-3,1,1,-2,1,3,-1
1533864526700933,-2,-3,-2,-1,1,0,0,-1
1533864526700933,-1,-2,-2,-1,-2,-1,-6,-4
1533864526721878,-1,1,-1,-1,0,0,3,-2
1533864526721878,-2,-1,-2,0,-1,2,5,2
1533864526723869,-2,-2,-2,2,4,0,1,1
1533864526723869,0,-2,1,-8,-4,-3,-2,-1
1533864526735837,-1,-4,-2,2,1,-1,-6,-2
1533864526735837,-1,1,0,-1,-8,-5,1,-1
1533864526744818,-2,-2,-2,1,-6,-5,-3,-3
1533864526744818,-4,0,-1,1,-2,5,0,3
1533864526758793,0,2,1,0,-1,1,-2,-2
1533864526758793,-1,2,4,7,7,2,5,2
1533864526765760,-2,-2,-2,-6,-13,-5,-2,-2
1533864526765760,-1,-4,-6,-6,-4,-5,-2,-2
1533864526782712,-2,-3,-1,-6,2,-1,-1,-1
1533864526782712,-2,-3,-3,1,3,-2,-1,-3
1533864526783710,1,3,2,3,5,4,0,-1
1533864526783710,1,2,1,4,3,2,1,-1
1533864526795680,-2,-1,-1,0,-1,-1,0,-2
1533864526795680,-1,-4,-1,1,-1,-5,-6,-5
1533864526804654,0,-3,-3,-5,-1,-4,-4,-2
1533864526804654,-1,0,-1,-4,-3,-4,0,-3
1533864526818770,0,1,0,-4,0,7,0,4
1533864526818770,-2,1,-1,-1,1,5,0,0
1533864526825598,-1,-1,-1,1,3,1,2,-2
1533864526825598,-3,-3,-2,-4,-9,-7,0,-3
1533864526842561,1,-1,2,0,4,-3,-3,-2
1533864526842561,0,-2,-3,-5,12,0,-8,-4
1533864526843549,-1,0,0,-5,-6,0,3,2
1533864526843549,4,3,2,-4,1,6,8,5
1533864526855525,-1,-3,-2,-6,-21,-4,-1,-2
1533864526855525,-1,-2,-2,-5,2,-5,-5,-2
1533864526872472,0,-2,-2,1,6,-5,-2,-2
1533864526872472,2,1,4,7,12,15,1,1
1533864526879563,-3,-1,-1,0,4,1,1,0
1533864526879563,1,-3,-5,-5,-10,-6,-2,-1
1533864526885440,-2,-2,0,-1,-3,-3,-5,-2
1533864526885440,-3,-3,-2,-1,-3,-7,-3,-1
1533864526902395,1,-2,-2,1,3,-2,-1,-2
1533864526902395,-1,1,-1,1,7,1,1,0
1533864526903389,-3,0,4,-6,-12,-1,-3,-2
1533864526903389,-2,-2,-8,-6,-21,-1,3,3
1533864526915357,-2,-1,-1,-1,4,-2,-1,-1
1533864526915357,-1,-2,-1,0,-5,-2,-1,-2
1533864526924367,-3,-6,-41,-6,-2,-1,-5,-5
1533864526924367,0,2,24,7,13,-2,-7,-4
1533864526947275,1,0,1,-2,-3,-3,3,1
1533864526947275,3,2,4,-1,-7,6,4,8
1533864526948276,0,-1,-1,0,3,3,1,-2
1533864526948276,-1,-1,-10,-2,-4,-2,-4,-3
1533864526962232,-3,-3,-6,-8,-1,-7,-3,-5
1533864526962232,0,-3,0,-1,0,-2,-1,-2
1533864526963229,5,11,-14,-2,1,2,-1,0
1533864526963229,-4,-11,-2,-6,4,-3,-4,-3
1533864526984177,0,2,27,2,-2,0,1,0
1533864526984177,-6,-4,5,-7,-21,-7,-3,-4
1533864526986170,-1,9,-37,-21,-17,-7,-5,-4
1533864526986170,3,9,76,6,8,0,0,-1
1533864526998139,-2,2,35,3,-7,-5,-1,0
1533864526998139,-3,-14,-8,4,22,5,6,1
1533864527006118,-6,-9,-56,-12,-28,-8,-11,-1
1533864527006118,-3,1,13,7,-3,-1,2,-1
1533864527021246,-2,-6,-28,-7,12,6,-3,-2
1533864527021246,-1,-3,-105,-11,-3,-9,-3,-5
1533864527022106,-1,23,69,2,-2,-1,0,1
1533864527022106,0,-40,-118,6,8,4,0,2
1533864527044017,-2,3,57,3,-16,0,1,1
1533864527044017,-2,-4,11,2,3,0,-3,-2
1533864527045011,3,1,14,6,16,3,3,0
1533864527045011,-3,-2,-43,-13,0,-3,-1,-2
1533864527057979,1,3,-35,4,6,-1,-1,1
1533864527057979,3,2,13,0,-9,-1,-4,4
1533864527066952,-2,-7,16,13,6,0,1,2
1533864527066952,-2,9,2,-6,-9,-2,-5,-4
1533864527081915,0,-4,38,2,15,-5,-2,-6
1533864527081915,-2,8,35,-3,-12,0,8,5
1533864527081915,-4,-7,8,-5,-10,-11,-13,-5
1533864527081915,1,5,7,7,6,4,11,2
1533864527103856,-2,-1,-32,4,9,15,-4,0
1533864527103856,-6,3,2,-2,-17,-11,-1,-6
1533864527104854,-2,-9,21,4,14,3,2,2
1533864527104854,1,0,-31,-3,-11,-12,-7,-5
1533864527118813,1,-6,-60,-6,-11,-7,0,-2
1533864527118813,2,5,91,5,9,2,-2,-2
1533864527126792,-6,-26,-31,3,6,2,0,-2
1533864527126792,-2,4,6,-9,-6,-7,-8,-3
1533864527149732,3,6,23,5,-4,-1,5,1
1533864527149732,0,10,-23,3,8,1,-2,-6
1533864527150762,-1,-5,16,-3,0,-3,1,0
1533864527150762,0,-1,32,1,-2,10,9,4
1533864527163697,-2,4,-12,-3,-5,1,0,2
1533864527163697,-1,-3,-14,3,20,-1,-3,0
1533864527164691,0,1,-54,-8,-17,-8,-3,-7
1533864527164691,-5,-6,-97,-7,-11,-3,-2,-1
1533864527178656,0,-7,9,1,7,-4,-2,-1
1533864527178656,0,3,53,3,-2,2,1,2
1533864527186632,-3,-1,-5,-2,-8,2,5,-2
1533864527186632,-6,-2,-38,-6,13,0,-4,-5
1533864527201592,1,1,62,6,-2,-7,-10,-4
1533864527201592,-2,-5,-35,-1,6,1,2,-4
1533864527202589,0,-2,55,2,-15,7,3,9
1533864527202589,-4,7,39,-2,-12,-5,0,-2
1533864527223536,-3,3,-10,-1,-9,-7,-1,-6
1533864527223536,1,-16,-1,-1,-6,-3,-2,-1
1533864527224531,1,4,7,1,24,5,-1,3
1533864527224531,0,-4,34,-2,-5,0,-2,0
1533864527239490,-5,-9,-45,-7,-2,-1,-3,-2
1533864527239490,0,0,-53,-5,-7,-1,-4,-6
1533864527246472,1,5,19,8,17,-1,0,-3
1533864527246472,-1,0,18,-1,-13,-3,-1,0
1533864527261435,-1,-4,-21,-2,23,6,0,6
1533864527261435,-4,-3,-16,-8,-37,-6,1,-2
1533864527262429,-1,0,-14,-2,6,-2,-1,2
1533864527262429,7,16,101,15,32,2,-1,-3
1533864527284374,-1,-9,9,0,14,-13,-3,-3
1533864527284374,-1,-1,-1,-15,-29,4,0,2
1533864527284374,0,-2,-24,5,10,14,3,0
1533864527284374,2,15,42,-3,-16,-6,-4,-1
1533864527307309,-4,-6,-22,-7,-30,-2,3,0
1533864527307309,7,2,3,7,13,-11,-10,-2
1533864527308315,-1,-5,4,11,65,-4,2,-7
1533864527308315,-6,-5,-38,-18,-35,2,-4,-3
1533864527321275,0,3,0,1,-32,3,7,5
1533864527321275,-4,-4,-1,2,-10,1,-1,-4
1533864527322270,-1,-1,1,-3,-14,-9,-1,-4
1533864527322270,3,-5,-7,9,36,-10,-19,0
1533864527344210,3,1,8,3,19,-2,1,1
1533864527344210,-5,4,-2,-8,-30,0,-2,0
1533864527344210,-2,-2,-5,-5,-18,1,5,-5
1533864527344210,-1,-4,-11,-1,4,12,8,1
1533864527358195,-4,-7,-19,4,-9,-4,-7,-3
1533864527358195,0,1,3,14,55,3,-5,-1
1533864527366155,1,-8,3,-1,-45,4,-2,3
1533864527366155,-2,-6,-9,-1,-3,-7,1,-5
1533864527381134,-1,3,-13,-4,-18,1,1,-3
1533864527381134,1,0,0,7,36,15,1,-2
1533864527382145,-3,5,7,-2,-24,-12,-4,1
1533864527382145,-1,-2,-22,-9,-3,-2,1,-3
1533864527404053,-4,1,2,-1,3,2,2,-1
1533864527404053,-3,-3,5,0,7,-7,-1,-3
1533864527405048,2,3,-1,0,-1,2,-5,1
1533864527405048,0,-2,-3,8,4,-3,0,1
1533864527418016,-1,-2,0,-3,14,9,1,-4
1533864527418016,-1,-2,0,-13,-25,-7,-2,-1
1533864527426992,1,-3,-7,-2,11,-5,-6,-3
1533864527426992,-1,-4,-3,-8,-5,0,0,4
1533864527440951,0,-1,5,0,4,6,0,0
1533864527440951,-2,0,-2,-8,-14,12,4,1
1533864527441967,0,-3,2,-3,1,1,2,0
1533864527441967,-3,-5,-1,-7,-7,-6,-3,-4
1533864527463894,-4,3,-1,-4,-5,-14,-6,-3
1533864527463894,2,2,-3,-2,12,2,1,-1
1533864527464888,-3,-5,0,-4,-2,-1,-1,-3
1533864527464888,-1,-3,6,2,-1,2,0,-1
1533864527477942,0,2,-23,-7,4,-3,-2,-3
1533864527477942,-3,0,1,2,-1,-5,-2,-3
1533864527486918,1,5,7,2,5,7,0,2
1533864527486918,0,2,3,2,2,0,1,-1
1533864527501874,-6,-34,-20,-6,-6,-2,-4,-4
1533864527501874,0,-2,0,-2,-5,-7,-4,0
1533864527501874,0,5,-27,0,5,-5,-4,-3
1533864527501874,0,10,26,-1,-1,2,-1,0
1533864527523819,0,8,7,1,-13,-5,4,2
1533864527523819,-1,-1,2,1,5,7,-6,3
1533864527524814,-1,0,0,-1,5,1,-1,0
1533864527524814,-1,4,-8,-3,1,-2,-1,-3
1533864527537920,1,13,12,10,-12,2,-2,-1
1533864527537920,-4,1,-10,-6,-10,6,6,0
1533864527545776,-1,-4,-1,-1,-9,-10,-3,-1
1533864527545776,0,-11,-15,-1,-3,9,2,2
1533864527561716,0,-9,10,1,15,-7,2,0
1533864527561716,1,11,0,2,2,-5,-4,-2
1533864527561716,-3,5,9,1,-9,-1,-1,1
1533864527561716,-1,-8,3,1,-4,-10,-3,-3
1533864527583663,1,13,-7,-1,11,10,0,0
1533864527583663,-5,-6,4,-5,-8,-1,-1,-1
1533864527584652,-6,-12,-12,-4,3,-5,-5,-6
1533864527584652,-2,-10,-11,1,3,-6,-6,-1
1533864527598616,4,11,2,0,-1,-4,-5,-1
1533864527598616,0,3,3,-2,1,1,1,3
1533864527606597,-2,-5,5,1,-1,2,2,-2
1533864527606597,-3,1,-10,0,-3,-4,-1,-2
1533864527621558,-2,-3,-1,-6,-4,4,-1,-2
1533864527621558,0,6,-1,3,1,-13,-6,-5
1533864527622552,0,-3,1,-2,-7,3,0,4
1533864527622552,0,1,0,4,8,4,0,-1
1533864527643496,-1,-3,1,-8,-22,-8,-3,-3
1533864527643496,1,-1,-4,1,5,-1,-2,-2
1533864527644523,1,18,6,-4,0,3,1,-1
1533864527644523,-4,-21,-8,2,-8,6,4,-1
1533864527658473,-2,-5,-3,-2,6,-5,-3,1
1533864527658473,-5,-13,1,-3,-11,-4,-2,-3
1533864527666435,4,-8,-8,-2,7,-1,-5,-4
1533864527666435,-1,20,-3,1,-6,-4,0,0
1533864527681397,2,8,2,-2,3,4,0,0
1533864527681397,-2,-22,-5,4,0,-6,-1,-1
1533864527682392,-2,9,7,-4,-1,-1,0,0
1533864527682392,0,-7,-2,-1,-2,-5,-2,-1
1533864527704335,0,8,0,-5,7,3,-3,-2
1533864527704335,0,0,25,3,-9,0,2,3
1533864527704335,-2,0,4,-1,-3,2,0,1
1533864527704335,-2,-5,0,1,5,2,-1,-1
1533864527718299,-2,-1,0,-3,-12,-5,-3,-2
1533864527718299,0,5,-9,0,7,-6,-2,-2
1533864527726274,-2,-1,3,0,-1,3,-2,-3
1533864527726274,-1,14,5,-4,-14,0,1,-2
1533864527741234,0,-22,-20,-1,7,0,3,1
1533864527741234,-2,-3,-9,-6,-2,-1,-1,-3
1533864527742232,-1,-2,-3,2,-1,-8,-3,0
1533864527742232,2,5,4,-3,0,5,0,0
1533864527764176,-3,-2,6,3,3,-4,-1,-2
1533864527764176,2,8,-1,0,0,14,2,2
1533864527765170,0,10,3,0,-2,-5,-1,-1
1533864527765170,-2,-17,2,-1,16,-3,-4,-2
1533864527778135,-3,-5,15,3,-24,-1,3,2
1533864527778135,-2,-8,-18,1,-1,-5,-1,-2
1533864527786114,-1,1,-2,-6,-6,0,-5,-2
1533864527786114,0,6,2,1,7,1,-1,-1
1533864527801075,0,6,15,1,5,-1,-2,-3
1533864527801075,-2,-3,-8,-1,-1,-2,-2,-1
1533864527802071,-3,-19,-28,-5,2,7,3,-1
1533864527802071,1,1,31,2,4,-7,-4,0
1533864527824170,-4,-4,-15,-4,-7,-3,0,0
1533864527824170,1,-18,1,-2,1,-3,-4,-1
1533864527825010,-3,-10,14,-1,-10,2,1,-2
1533864527825010,-1,-3,-36,-3,-1,0,-3,-2
1533864527837979,1,3,-5,0,1,1,0,0
1533864527837979,-3,6,-22,-7,2,-5,-4,-3
1533864527846955,-1,0,-13,-3,-3,2,2,-2
1533864527846955,-1,0,35,4,-4,-3,0,0
1533864527861915,-2,4,17,3,8,-3,-4,-1
1533864527861915,-2,2,-17,-5,-9,-5,0,-3
1533864527861915,0,6,7,4,6,-8,-2,-1
1533864527861915,-2,4,-19,-9,0,0,2,-1
1533864527883856,-2,-20,-19,-5,-6,-3,-4,1
1533864527883856,-1,9,16,-2,-2,1,-1,0
1533864527884850,-1,-3,-89,-9,-6,-4,-2,-2
1533864527884850,3,7,64,8,3,0,-2,1
1533864527906925,-2,-16,5,-2,-3,0,-2,-1
1533864527906925,-2,-4,0,-3,-3,-1,-3,-2
1533864527907910,0,3,7,-2,2,-1,-2,-2
1533864527907910,-2,-1,-44,-6,-1,-1,-3,0
1533864527921877,1,13,2,1,-6,-2,0,-2
1533864527921877,1,-2,4,3,15,2,-2,0
1533864527921877,-2,1,-6,-4,-12,-7,-1,-1
1533864527921877,-1,0,38,4,-3,0,0,0
1533864527943998,-2,3,-2,-5,3,0,-1,-1
1533864527943998,-2,-11,-76,-7,0,-4,-2,-1
1533864527944817,-1,-3,62,8,8,1,-1,0
1533864527944817,-2,-4,-25,-4,-3,-1,-2,-1
1533864527966751,-2,20,-3,1,2,0,1,-1
1533864527966751,0,2,5,-1,-1,-1,0,0
1533864527967749,1,-5,1,-1,1,3,-2,0
1533864527967749,-2,-5,-29,-5,-10,-1,-3,-5
1533864527981712,1,-4,6,-2,3,0,-3,-2
1533864527981712,-2,10,32,-6,-8,-3,-2,0
1533864527981712,2,-7,41,15,3,-1,2,3
1533864527981712,-2,-10,1,6,0,-1,2,2
1533864528003870,1,-3,-15,0,2,4,2,-1
1533864528003870,-3,1,-1,0,-8,-6,-3,-4
1533864528004668,0,4,1,-1,8,1,-1,-3
1533864528004668,0,5,-18,-6,-13,-3,-5,-3
1533864528027590,-1,-3,-4,-4,-1,-3,-2,0
1533864528027590,-3,-9,-12,-3,-9,2,1,-1
1533864528027590,3,16,81,4,8,0,-1,0
1533864528027590,-2,6,-40,-12,-11,-5,-8,-5
1533864528041551,1,-10,27,12,4,4,2,5
1533864528041551,-1,-9,24,10,6,-6,-1,2
1533864528042565,-4,1,-22,-6,-12,-3,0,-1
1533864528042565,0,-5,-31,-8,3,3,0,-3
1533864528064598,2,7,9,-5,0,0,-3,-2
1533864528064598,0,-1,0,3,3,0,-1,-1
1533864528064598,-3,-3,-26,-1,-3,-2,-1,-3
1533864528064598,-1,1,-12,4,9,-2,-2,0
1533864528087444,2,12,74,8,-2,-1,0,-1
1533864528087444,-4,1,-20,-7,-3,4,2,1
1533864528087444,0,-11,-14,-3,-3,-2,-1,0
1533864528087444,0,-1,23,0,-1,0,-1,0
1533864528101399,-9,-14,-123,-31,-12,-10,-9,-11
1533864528101399,5,-2,57,8,0,6,7,8
1533864528102388,-3,-3,17,10,1,-1,-2,-2
1533864528102388,-4,-1,14,2,4,-6,-1,-1
1533864528124330,-5,-2,-34,-11,-17,10,1,-3
1533864528124330,2,5,-21,-6,-3,-3,-4,-3
1533864528124330,2,1,29,0,-2,0,0,-1
1533864528124330,0,2,11,2,7,-3,1,0
1533864528147437,-2,-6,-4,3,6,-5,-2,2
1533864528147437,-2,8,10,-1,0,0,-2,-2
1533864528148267,0,-11,-18,-3,-2,-1,-3,-1
1533864528148267,-4,-7,-41,-5,-2,3,3,-2
1533864528161279,5,18,93,11,3,-2,2,2
1533864528161279,0,-7,16,6,-3,2,1,0
1533864528162269,-5,-11,-30,-7,-3,-6,-4,-2
1533864528162269,-1,-3,-12,-10,-5,-6,-6,-5
1533864528184300,0,-7,-76,-1,9,3,3,1
1533864528184300,-3,4,11,1,-6,-5,-1,-1
1533864528185185,-4,9,-34,-4,-2,3,-2,-1
1533864528185185,4,-4,106,21,0,4,0,1
1533864528207320,-3,-5,-14,-4,-6,-1,-1,-2
1533864528207320,1,-6,-31,-7,-1,-2,-5,-4
1533864528208106,1,4,-1,-3,-2,-1,0,0
1533864528208106,-1,4,-27,-4,-2,-2,1,1
1533864528221272,-2,0,-11,-5,-1,-5,-4,-3
1533864528221272,1,-1,35,8,7,3,2,0
1533864528222069,-3,-2,-15,-4,-4,0,1,-2
1533864528222069,-1,-4,-10,-2,3,2,2,-1
1533864528244175,-1,-4,8,3,2,-2,-1,-1
1533864528244175,0,-2,-5,-9,-4,-4,0,-1
1533864528245019,-3,-3,-20,-2,4,8,1,0
1533864528245019,-4,7,28,0,-7,-1,-1,1
1533864528266952,-1,7,11,-6,-3,-6,-2,-4
1533864528266952,0,-24,-47,9,8,1,0,2
1533864528267946,-3,-7,1,-5,-2,-4,-1,-3
1533864528267946,-2,-7,0,1,-7,0,2,0
1533864528280914,-1,6,-35,-5,-1,1,-3,-1
1533864528280914,-1,7,65,4,4,-2,-1,-2
1533864528288893,-3,-14,-11,-9,-5,-8,-2,-2
1533864528288893,-7,-4,-71,-5,-5,-3,-1,-4
1533864528304029,1,-5,24,4,-2,-2,0,-2
1533864528304029,-4,5,-23,-7,-7,-3,-1,-3
1533864528304847,1,0,8,-1,1,1,-1,0
1533864528304847,0,5,1,-4,4,1,0,-1
1533864528334784,-3,-4,-13,-1,1,0,-2,-1
1533864528334784,-1,-6,-4,-5,-5,-3,-3,-3
1533864528335779,3,3,1,0,1,-3,-4,-2
1533864528335779,-3,-4,-57,-15,5,-8,-5,-2
1533864528349733,-1,6,41,-4,-13,-3,0,0
1533864528349733,-2,-2,45,6,-10,3,3,3
1533864528350751,-2,4,13,2,1,2,-1,0
1533864528350751,0,-8,-4,2,1,1,0,0
1533864528363689,-2,0,-2,-1,2,-6,0,-2
1533864528363689,-1,4,-23,-7,-1,-3,-3,-4
1533864528364686,1,-1,-23,-1,1,-5,-3,-2
1533864528364686,0,1,22,6,6,1,2,1
1533864528387768,-1,-5,-12,-4,-15,1,0,0
1533864528387768,-1,4,-12,-4,-1,-2,0,-1
1533864528387768,0,-1,7,3,5,-1,-1,1
1533864528387768,0,2,10,0,-2,0,-2,0
1533864528401592,0,-4,31,4,7,-5,-3,-1
1533864528401592,-3,6,-21,-6,2,-3,-1,-2
1533864528402586,-2,-7,4,1,2,-1,0,0
1533864528402586,3,-5,48,8,-11,1,0,2
1533864528432506,-4,-8,-52,-4,1,2,-1,-1
1533864528432506,0,9,66,2,-4,-3,-2,0
1533864528432506,-1,-14,-28,-2,-2,-1,1,-2
1533864528432506,-5,-5,-25,-4,-5,-3,-3,-4
1533864528447488,2,-2,77,8,3,0,2,2
1533864528447488,-2,8,-50,3,-3,-3,-3,-2
1533864528448463,-1,-12,-11,0,-5,0,0,0
1533864528448463,4,0,18,3,1,2,-1,-1
1533864528461429,-1,1,-39,-5,3,1,-2,-1
1533864528461429,-2,-5,-27,-5,-1,-1,-4,-3
1533864528462426,2,3,20,1,-4,-2,-1,1
1533864528462426,-1,4,-16,-3,-1,-5,-3,-1
1533864528483369,0,-4,-8,0,-1,1,0,-1
1533864528483369,-1,-10,4,-3,0,3,1,0
1533864528484367,2,6,-6,-4,-2,-1,-3,-2
1533864528484367,2,6,44,0,-1,-3,-1,-1
1533864528507309,-3,-2,10,8,10,1,3,3
1533864528507309,-3,-5,3,0,-1,-3,0,-1
1533864528508302,-3,5,6,-5,-11,0,1,-1
1533864528508302,0,1,-14,0,1,-3,-2,-3
1533864528521305,0,6,-17,-8,-1,-3,-2,-2
1533864528521305,1,-13,76,5,3,4,1,3
1533864528529366,-2,6,20,-3,1,-5,-4,-4
1533864528529366,-1,8,10,0,-7,1,1,-1
1533864528544207,-7,-16,0,1,-2,1,-2,-4
1533864528544207,1,7,-49,-1,-2,0,-1,-1
1533864528544207,4,9,78,-2,0,0,1,0
1533864528544207,0,10,3,4,4,1,1,1
1533864528567149,-1,-2,5,0,-8,-2,-1,2
1533864528567149,0,0,-68,-4,7,1,-3,-3
1533864528568143,0,0,2,3,-11,-4,2,1
1533864528568143,1,1,23,1,3,0,-1,1
1533864528590293,-2,-2,-2,-2,2,0,-1,-1
1533864528590293,-2,-1,-15,4,5,-1,-3,-1
1533864528591081,-3,-3,-34,-6,-8,-2,-1,-2
1533864528591081,-1,-6,17,-4,-1,-1,-1,-4
1533864528612029,3,-3,8,4,-1,-1,0,1
1533864528612029,-3,-4,21,-7,-6,-3,-5,-4
1533864528613044,0,0,-14,5,12,1,-5,-1
1533864528613044,-2,-10,-15,-3,-13,-3,-3,0
1533864528626988,3,6,-21,-2,7,2,0,-1
1533864528626988,-2,-16,-3,-4,-10,-2,-1,-1
1533864528627983,0,6,-32,-1,5,-1,-1,-1
1533864528627983,-2,-29,-30,3,-2,-2,1,1
1533864528640966,-4,-5,-4,5,6,-1,-1,-3
1533864528640966,-2,4,-1,-10,-12,-4,0,0
1533864528649131,-2,1,-5,1,4,1,0,-2
1533864528649131,-4,2,-8,-3,1,1,-3,-2
1533864528664031,2,7,29,-1,4,1,0,-1
1533864528664031,-1,-2,7,-1,-1,-3,-3,-2
1533864528664889,-4,-5,-6,0,-3,0,-2,-2
1533864528664889,-1,6,-20,2,1,1,2,1
1533864528686842,-2,-11,-15,-5,-7,0,-1,1
1533864528686842,2,2,-52,-4,7,-3,-3,-3
1533864528687823,3,6,83,0,-5,0,1,2
1533864528687823,-2,24,-33,-13,3,-2,-4,-3
1533864528700788,-2,-33,-61,12,-13,-5,-2,0
1533864528700788,-5,8,24,4,-1,1,-2,-1
1533864528708767,0,-5,-94,-6,-2,-3,-4,-5
1533864528708767,-6,-7,44,-2,1,1,2,-1
1533864528723860,-1,7,-15,1,2,-1,-4,-3
1533864528723860,2,1,-2,-16,-7,-2,1,0
1533864528724724,-6,-5,-36,1,3,-1,-1,-1
1533864528724724,3,1,-24,-7,-5,-2,0,-2
1533864528747670,-2,7,10,21,7,-3,-3,-2
1533864528747670,-1,-10,-12,-10,-3,-2,0,-1
1533864528747670,0,3,18,-7,-8,0,-1,-1
1533864528747670,0,-11,-3,3,0,0,-1,-1
1533864528760628,0,3,25,-6,0,-1,0,-1
1533864528760628,-1,7,15,9,2,-1,1,-2
1533864528776922,-1,-6,-10,1,0,-6,0,-1
1533864528776922,-3,-6,3,0,1,-3,-5,-4
1533864528783782,0,2,-4,-12,-9,-2,0,-1
1533864528783782,2,5,29,0,0,3,4,2
1533864528784776,-3,-16,-6,12,3,-2,-2,-1
1533864528784776,0,-14,-55,1,0,3,4,3
1533864528806717,-2,-6,-38,-27,-15,-6,-2,-3
1533864528806717,-8,-8,-19,11,1,-4,-7,-4
1533864528807714,1,5,32,14,0,2,3,2
1533864528807714,-11,0,-6,-32,-5,-1,-2,-2
1533864528820683,10,0,-32,-5,-4,-2,-2,-3
1533864528820683,0,1,-17,5,5,1,1,0
1533864528828662,3,-5,0,3,-2,-1,-4,-2
1533864528828662,-2,17,9,19,8,1,0,3
1533864528843622,-3,5,21,-31,-31,-3,-1,1
1533864528843622,0,-4,-24,0,-4,-3,-2,-4
1533864528844616,-1,4,52,20,21,4,5,3
1533864528844616,6,14,58,8,3,2,1,-3
1533864528867555,-6,3,23,9,-4,-3,-1,3
1533864528867555,-9,-17,-22,26,1,-6,-7,-4
1533864528867555,-5,-10,-31,-101,-29,-4,-2,-3
1533864528867555,3,-6,-65,5,11,-1,-3,-5
1533864528890496,1,21,111,6,4,-1,0,1
1533864528890496,1,8,22,12,14,1,1,1
1533864528890496,5,9,-32,20,-4,-5,-1,-6
1533864528890496,-2,-5,-40,-7,-12,-2,3,13
1533864528904550,6,1,77,0,9,-2,-1,4
1533864528904550,2,-1,-31,-11,-15,4,1,0
1533864528904550,-2,6,32,13,10,-2,-2,1
1533864528904550,-3,1,6,-11,-10,-1,-1,-4
1533864528927398,-6,-13,-66,19,5,-2,-3,-6
1533864528927398,4,-4,11,-24,6,5,1,3
1533864528927398,-1,-5,-10,-2,-2,-1,-3,-1
1533864528927398,0,-9,-65,1,-6,1,0,-2
1533864528949350,-4,-11,31,28,13,0,2,3
1533864528949350,-2,-11,-59,-32,-7,-1,-3,-6
1533864528950355,-8,14,-4,-6,-11,-3,0,0
1533864528950355,-2,-13,41,2,17,1,0,-3
1533864528964299,0,-14,-77,11,14,2,-1,-5
1533864528964299,7,16,105,-43,-16,-4,0,2
1533864528964299,-3,-3,-21,34,-33,-10,-5,-1
1533864528964299,2,0,21,-4,9,-2,1,2
1533864528986243,-12,-8,-40,-12,1,2,-1,-1
1533864528986243,-1,4,-5,3,15,3,4,3
1533864528987279,-1,-9,-14,-4,15,7,-4,-4
1533864528987279,1,1,42,-5,-6,-5,-6,-5
1533864529009175,-1,1,-28,-7,-22,-4,-1,-1
1533864529009175,-1,1,-7,10,-1,-3,2,1
1533864529010179,2,4,9,-7,4,2,0,-1
1533864529010179,0,-2,-9,13,1,-2,-3,-3
1533864529024135,1,2,-4,-27,-1,-1,1,-2
1533864529024135,-2,3,1,10,-13,-3,-4,-1
1533864529025133,2,0,0,12,10,1,1,-1
1533864529025133,1,9,-60,-18,-6,-4,-4,0
1533864529046077,0,5,-35,4,-1,-4,-4,-1
1533864529046077,-5,-4,74,5,6,-2,1,-2
1533864529047075,-5,-20,101,-8,-7,-2,3,1
1533864529047075,-3,-9,-50,1,-7,0,-4,-3
1533864529070027,-7,0,13,-21,-8,-5,-1,1
1533864529070027,0,11,-43,22,12,2,-3,-3
1533864529070027,-5,-1,-44,-24,-2,-6,-7,-6
1533864529070027,1,-2,36,15,2,4,5,1
1533864529083979,0,-4,-20,-5,11,1,-1,-5
1533864529083979,-4,-3,-23,-1,-9,-4,0,-1
1533864529084974,-1,1,-32,-4,-4,2,4,5
1533864529084974,-2,6,18,7,-2,-5,-3,1
1533864529106918,1,8,19,10,2,1,2,-3
1533864529106918,-3,-7,-4,-2,-5,-2,-9,-17
1533864529106918,-10,-6,3,4,-1,-1,-11,-7
1533864529106918,0,3,19,7,-1,1,0,-2
1533864529129857,4,2,3,-6,3,-2,4,8
1533864529129857,4,-1,9,13,-1,2,3,8
1533864529130851,-1,2,-29,-2,6,1,11,-4
1533864529130851,-9,-7,1,-18,-10,-6,-15,-21
1533864529143837,-4,5,18,4,-4,2,1,-5
1533864529143837,7,2,-6,-13,-10,-1,1,9
1533864529144812,-11,-8,-63,-20,3,2,-2,-6
1533864529144812,2,3,18,-12,-9,-5,13,12
1533864529166755,2,-5,-2,0,1,-1,-13,0
1533864529166755,7,-1,2,4,0,-4,-3,-12
1533864529167752,4,5,-2,3,1,0,13,21
1533864529167752,-12,-8,-81,6,3,-1,-8,-13
1533864529189697,-16,-12,28,5,0,-2,-6,-17
1533864529189697,-4,1,-13,4,3,-2,-5,-14
1533864529190692,16,16,-36,14,6,3,-1,43
1533864529190692,8,-4,-5,-6,-9,-4,2,-15
1533864529203659,4,-22,-84,-6,-5,2,12,37
1533864529203659,-18,-21,-29,2,2,1,-13,-44
1533864529204653,8,-16,18,7,1,-4,-2,4
1533864529204653,-1,2,-17,2,-1,0,-5,-3
1533864529226594,12,2,79,-5,2,-3,0,9
1533864529226594,-4,-3,-16,1,0,1,8,28
1533864529227591,-9,4,70,5,-1,1,-4,-17
1533864529227591,4,-13,15,2,2,1,2,11
1533864529249533,-1,6,-23,1,-2,-2,-1,-7
1533864529249533,2,1,4,1,-1,-1,4,15
1533864529250530,-5,2,19,8,0,-3,-7,-22
1533864529250530,0,8,31,-20,-1,-2,0,10
1533864529263500,-3,7,3,8,-4,-1,-4,-7
1533864529263500,-10,3,5,-29,-9,-6,-3,-6
1533864529264493,5,-3,-24,9,-2,-1,5,3
1533864529264493,-7,-4,17,-5,-3,-3,-2,-3
1533864529286438,1,-3,-2,12,17,5,0,-8
1533864529286438,0,-11,-7,-9,-18,-5,-1,3
1533864529287432,4,0,-1,0,-5,-5,-4,-5
1533864529287432,-5,-1,17,-3,-5,-3,0,2
1533864529309373,-7,-2,12,0,-2,-1,-2,-12
1533864529309373,6,-2,31,8,8,2,3,11
1533864529310376,-7,-4,-9,-8,-1,-2,-4,-8
1533864529310376,-5,0,17,8,4,3,-1,-9
1533864529324346,4,3,-6,3,32,5,-1,2
1533864529324346,-4,6,-5,-2,-32,-13,2,2
1533864529324346,-3,3,1,-3,-13,0,2,-5
1533864529324346,-1,-1,9,1,-1,4,-1,4
1533864529346380,3,-5,-14,-14,-14,-5,-2,25
1533864529346380,1,1,-1,13,31,4,0,-20
1533864529347370,2,-6,6,-4,7,5,-2,11
1533864529347370,-13,2,-2,-12,-36,-12,-8,-27
1533864529369311,4,6,-3,4,-2,2,4,20
1533864529369311,-17,-8,-4,-23,-10,-5,-14,-46
1533864529370309,39,1,-5,3,5,-2,0,21
1533864529370309,3,2,11,12,18,6,3,-2
1533864529384299,10,-4,-3,4,-6,-7,-7,-12
1533864529384299,-5,0,3,8,3,-5,-4,4
1533864529384299,-4,9,-4,-1,1,4,2,-16
1533864529384299,16,-3,11,7,23,0,1,11
1533864529406213,-5,-1,7,3,13,2,2,-4
1533864529406213,-2,-8,-17,1,-21,-15,0,-3
1533864529407210,-3,1,-4,-15,-40,-12,-9,10
1533864529407210,-6,-12,-10,-7,8,3,5,12
1533864529429180,-11,5,2,-7,-5,6,2,-17
1533864529429180,6,14,5,5,8,4,0,18
1533864529430149,-13,-2,-1,-10,3,-8,-8,-9
1533864529430149,3,-10,-10,3,2,10,1,19
1533864529444113,0,7,17,1,19,15,7,-28
1533864529444113,-11,-9,0,7,7,10,7,35
1533864529445124,-14,-15,-22,0,7,-6,-6,-29
1533864529445124,7,16,11,7,1,-7,-1,3
1533864529466057,5,6,2,-7,-20,-10,-5,19
1533864529466057,18,-13,-7,0,2,-1,-7,8
1533864529467050,-14,-6,-4,0,3,-3,-5,-50
1533864529467050,-2,-6,-1,5,4,-1,-10,-19
1533864529489993,10,8,-6,-5,-14,-4,4,19
1533864529489993,4,9,10,2,-1,0,2,8
1533864529489993,-9,-9,-3,11,13,5,2,5
1533864529489993,1,4,2,-18,-17,-5,0,22
1533864529502958,-13,-1,-4,-1,-7,-6,-3,-35
1533864529502958,6,3,7,-4,5,1,-1,1
1533864529511934,0,-12,-7,7,2,1,2,5
1533864529511934,-14,10,7,18,3,2,-1,-3
1533864529525893,2,-12,-8,-7,-1,-1,-2,4
1533864529525893,-4,2,-9,-8,8,0,2,-8
1533864529526891,-16,2,0,-18,-19,-2,2,1
1533864529526891,9,-7,-4,1,-7,-6,-4,31
1533864529549829,-39,-8,-3,10,20,2,-4,-48
1533864529549829,9,10,18,-7,-9,4,0,8
1533864529550826,2,-2,2,-1,-13,0,-1,7
1533864529550826,-3,-4,-5,-1,1,0,2,-7
1533864529563795,3,7,9,3,8,-2,2,12
1533864529563795,-7,-9,-11,-4,-24,-3,1,-1
1533864529571773,-3,0,4,4,20,4,-4,-2
1533864529571773,-1,-9,-13,-9,-24,-7,-3,-7
1533864529586731,4,-8,-1,1,-7,-4,-3,4
1533864529586731,-1,0,-3,-2,5,-3,1,-10
1533864529586731,10,6,-3,-1,-1,-3,-1,10
1533864529586731,-2,-2,3,-1,5,-4,-3,-10
1533864529609669,1,-10,6,7,1,1,0,4
1533864529609669,-2,-2,-2,-5,-6,1,0,1
1533864529610666,1,11,10,0,0,0,1,2
1533864529610666,0,8,-1,4,9,-1,-2,-8
1533864529622901,-5,0,-4,-4,-14,-4,-3,7
1533864529622901,-1,0,6,6,14,0,-2,-1
1533864529631887,0,-6,-11,6,1,4,3,3
1533864529631887,-4,-10,-10,-2,-2,-4,-3,-8
1533864529646849,-1,0,-13,-4,-18,-8,-6,-1
1533864529646849,-2,7,14,12,0,0,0,-1
1533864529646849,5,16,7,6,35,9,1,6
1533864529646849,-4,-6,0,-3,-18,-5,2,-5
1533864529669781,3,-1,-11,-7,13,-1,1,4
1533864529669781,-3,-4,1,-2,-11,-1,-4,-3
1533864529670747,0,-5,12,-6,-10,-4,-1,-3
1533864529670747,-1,1,-2,-4,7,4,1,1
1533864529683713,1,3,-11,-4,5,0,-3,-2
1533864529683713,0,24,3,-2,-1,-2,3,1
1533864529692694,-2,-26,-23,-8,8,2,-4,-5
1533864529692694,3,-6,2,-3,5,-2,2,0
1533864529705652,-3,4,1,-6,-12,-6,-6,-3
1533864529705652,-1,3,-4,-4,5,0,0,-4
1533864529722608,-1,2,0,-5,-10,-4,4,2
1533864529722608,-4,5,9,1,8,4,-2,-4
1533864529729595,1,-23,-13,-10,-3,-5,-2,-1
1533864529729595,0,0,-1,-1,-17,1,-1,0
1533864529731583,0,1,3,-1,4,1,1,2
1533864529731583,-3,-2,-2,-2,-1,-1,-4,-4
1533864529743757,2,2,3,2,11,4,-2,0
1533864529743757,-2,-12,-11,0,8,-4,-4,-4
1533864529752528,-3,8,0,-4,-23,-5,1,0
1533864529752528,-4,4,2,-2,4,1,0,-1
1533864529765493,0,-2,20,1,-14,1,-2,-1
1533864529765493,-3,-3,-31,-5,18,0,-3,-2
1533864529774468,1,4,7,-2,-3,1,2,-3
1533864529774468,-2,-3,-11,-5,-15,-5,-3,-2
1533864529789429,0,-1,8,3,-3,-1,-4,0
1533864529789429,1,-2,3,3,10,7,3,1
1533864529791424,0,5,-3,0,-10,-2,-1,-1
1533864529791424,0,13,9,1,-5,-2,-1,-3
1533864529812371,-5,-7,-12,-4,-4,0,-2,0
1533864529812371,-3,-22,7,0,6,-1,3,0
1533864529813374,-3,-3,-1,0,-2,-3,-3,-2
1533864529813374,2,15,-2,0,1,-2,-4,-5
1533864529825341,3,8,-6,-3,-5,0,-1,-2
1533864529825341,-4,8,-6,0,-3,-4,-5,-2
1533864529842300,0,-9,9,-2,-17,-3,-2,2
1533864529842300,-2,-16,-10,-7,-19,-6,0,0
1533864529849485,1,5,-3,1,5,-2,0,3
1533864529849485,-1,-2,0,-1,4,1,0,0
1533864529851264,-3,1,2,-4,-1,-3,-2,-1
1533864529851264,-1,5,8,3,9,3,0,1
1533864529872217,0,-4,2,1,-2,-2,-1,-1
1533864529872217,-2,-1,0,-5,-7,-3,-3,-2
1533864529874206,-1,9,-14,0,16,0,-3,-3
1533864529874206,-1,-5,-1,-3,-13,-1,0,1
1533864529886353,0,-1,4,4,-5,-3,-4,-3
1533864529886353,-4,-2,-5,-7,-20,-3,2,1
1533864529895147,-1,-2,4,0,4,1,-5,-2
1533864529895147,0,12,1,5,14,4,2,-1
1533864529910152,0,10,2,4,10,2,3,2
1533864529910152,0,-7,3,6,24,2,1,-1
1533864529911105,-2,-9,-42,-3,-30,-9,-1,-1
1533864529911105,-2,-14,25,2,-1,-3,-4,0
1533864529932047,-1,14,-9,-11,-32,-6,-2,-3
1533864529932047,4,4,33,6,8,5,-2,0
1533864529934042,-2,6,7,5,13,2,2,0
1533864529934042,-3,-10,-11,-6,-8,-6,-4,-3
1533864529946029,-1,-4,-1,6,23,10,4,-1
1533864529946029,-2,-14,-62,-6,-8,-9,-3,-2
1533864529955003,6,9,110,3,-3,1,1,4
1533864529955003,-5,1,1,5,8,4,1,-1
1533864529969949,-6,-24,-55,-11,-17,-8,-6,-2
1533864529969949,4,1,35,8,9,3,3,0
1533864529970943,-1,-5,-34,-5,-4,-7,-3,-5
1533864529970943,-2,-4,-61,-4,2,-2,-2,-1
1533864529999866,0,6,88,4,15,4,2,2
1533864529999866,-2,-5,-52,0,18,7,-3,-2
1533864530000883,-7,-13,0,-17,-38,-18,-2,-1
1533864530000883,4,22,15,-3,-1,2,-1,-2
1533864530005853,1,0,1,-2,-14,-5,-1,-2
1533864530005853,-3,13,8,1,5,3,-4,-5
1533864530014854,-2,-2,-62,-17,-14,-11,1,-1
1533864530014854,8,-17,62,-11,-2,-2,-3,0
1533864530029799,-6,-1,18,10,5,0,-1,1
1533864530029799,2,15,18,-8,-21,-8,-6,-4
1533864530030786,-2,15,30,14,21,14,4,2
1533864530030786,-4,-15,-31,-2,7,0,-1,-5
1533864530052727,2,-9,-15,-3,1,-7,-1,0
1533864530052727,-2,0,2,3,-10,0,4,2
1533864530053737,2,-5,-42,5,34,10,-3,-1
1533864530053737,-4,1,0,-9,-61,-15,-1,-2
1533864530065766,-1,-7,-15,-4,19,6,-4,-6
1533864530065766,-4,0,-21,-9,-31,-12,0,2
1533864530074667,2,-9,0,7,18,6,-4,3
1533864530074667,4,11,38,15,32,5,0,3
1533864530089629,-9,4,13,-20,-25,-8,-5,-2
1533864530089629,0,-11,39,3,-5,-4,1,0
1533864530091620,-2,3,29,0,-8,-4,-3,-2
1533864530091620,-3,0,-11,4,16,4,-1,0
1533864530119549,-4,-3,-104,-8,-3,-8,0,-3
1533864530119549,2,5,45,-4,-3,1,-3,1
1533864530121541,-4,-25,-21,2,3,3,-1,-3
1533864530121541,-1,-10,-28,-4,9,-1,-1,1
1533864530125543,-1,1,-66,-14,-7,-1,0,-5
1533864530125543,-3,-21,13,-5,-7,-3,-5,-1
1533864530134507,1,-17,-12,0,4,-4,-3,-3
1533864530134507,-2,-7,-37,-8,-7,-1,0,-2
1533864530149469,0,-2,72,12,13,4,3,2
1533864530149469,-4,15,-60,-2,5,-3,0,-3
1533864530151478,5,-10,-21,-3,-14,-6,0,1
1533864530151478,4,-3,72,24,17,4,0,2
1533864530172407,1,6,-1,-9,-17,-1,-5,-2
1533864530172407,-8,-21,-33,-18,-20,-4,-5,-5
1533864530173402,-8,19,-7,7,0,3,1,-1
1533864530173402,-3,-6,-32,-1,16,0,-1,-1
1533864530185373,0,0,-8,5,13,-2,4,2
1533864530185373,1,-2,-20,-4,-12,0,-4,-4
1533864530194346,0,7,-21,-12,3,-1,2,0
1533864530194346,0,9,-20,-4,9,-7,-1,-2
1533864530209309,0,-8,-3,0,-5,9,0,0
1533864530209309,1,-3,-24,3,18,0,-1,-1
1533864530211301,-2,4,15,1,-13,-1,-2,-1
1533864530211301,-1,6,0,-3,0,2,1,-2
1533864530232248,3,0,7,6,0,-2,1,0
1533864530232248,3,6,22,5,9,2,3,2
1533864530234242,-1,0,14,2,12,1,-1,-1
1533864530234242,-3,-4,46,2,-16,-5,-4,-3
1533864530246208,4,11,3,-4,2,3,0,-1
1533864530246208,-3,-11,-8,5,0,0,-2,1
1533864530255183,-2,-1,5,-4,1,-1,-1,-1
1533864530255183,-4,-4,-37,-7,-12,1,-3,-1
1533864530270146,-2,-17,7,-1,-12,-2,3,1
1533864530270146,3,10,19,2,2,0,-1,0
1533864530271140,0,-2,-7,3,6,1,1,2
1533864530271140,2,4,-1,7,29,4,-3,0
1533864530292373,-5,-11,2,-9,-33,-8,-3,-1
1533864530292373,-5,-4,-9,-9,-20,-4,0,-2
1533864530294080,-2,-6,-1,-4,-3,3,1,-2
1533864530294080,-1,-3,-3,2,14,-1,-2,-2
1533864530306050,-1,4,-1,0,-34,-7,0,0
1533864530306050,1,5,3,6,7,1,0,0
1533864530315024,-1,3,-4,-2,-1,-1,0,-2
1533864530315024,1,7,-5,0,-9,6,1,0
1533864530336964,-1,-5,-15,3,9,-5,-5,-2
1533864530336964,3,2,69,5,5,3,2,0
1533864530338959,0,8,-28,-8,-6,-3,-5,-1
1533864530338959,-3,-20,-8,1,-1,-4,-2,-2
1533864530351928,0,12,13,5,13,4,-1,-1
1533864530351928,-1,0,-58,-6,3,-2,-1,-3
1533864530353919,-4,2,-23,-13,-2,-6,-4,-5
1533864530353919,0,1,8,-6,-15,-4,0,0
1533864530365886,3,4,26,7,9,6,3,4
1533864530365886,-4,-25,-37,-3,-10,-2,0,0
1533864530374877,2,-3,35,4,0,0,-1,1
1533864530374877,-2,-2,-13,-7,-4,-4,-3,-2
1533864530389826,-2,4,-17,-2,1,-1,-2,-2
1533864530389826,1,9,42,2,14,-1,-3,0
1533864530390834,-4,-9,-30,-5,-13,-6,0,-3
1533864530390834,-1,3,3,0,-16,-2,1,2
1533864530411768,0,-2,0,-5,1,1,-2,-3
1533864530411768,-2,-9,-20,-1,7,2,-2,-3
1533864530413770,0,0,-7,-2,-1,-3,-2,0
1533864530413770,0,-3,6,1,2,-1,-1,-1
1533864530425727,-2,-11,-15,-2,-9,-2,-1,-2
1533864530425727,-1,10,-4,1,2,-2,-1,-2
1533864530434703,-2,-2,-11,0,-5,2,-2,-2
1533864530434703,-3,-3,-67,-7,14,-3,-2,-1
1533864530449700,-2,1,36,5,6,1,-3,0
1533864530449700,10,9,106,26,7,7,7,7
1533864530451658,-6,8,13,-5,7,3,0,-2
1533864530451658,5,-7,4,10,-14,-4,-2,0
1533864530472605,0,13,-5,0,21,6,1,1
1533864530472605,-7,-20,-61,-8,-28,-5,-1,0
1533864530473599,3,-2,77,9,3,0,0,-1
1533864530473599,-7,5,-85,-20,-14,-5,-8,-9
1533864530485570,9,-8,50,18,12,-1,0,5
1533864530485570,0,8,87,5,-3,-3,0,2
1533864530494543,1,-5,-20,8,3,-1,0,2
1533864530494543,-5,-3,-1,-6,-12,2,2,0
1533864530509506,-3,2,-41,-7,6,-5,-4,-5
1533864530509506,-5,1,-79,-18,-9,-2,-6,-4
1533864530511497,-1,6,-1,2,1,2,1,1
1533864530511497,1,-24,-43,-6,4,-4,-9,-5
1533864530532445,3,0,87,4,-10,1,4,0
1533864530532445,-6,-11,-95,-23,-1,-7,-6,-9
1533864530534436,5,26,113,18,1,-3,1,2
1533864530534436,-6,-2,95,4,-5,4,6,5
1533864530554525,-7,-3,-45,0,0,-4,-6,-2
1533864530554525,-7,-10,-31,-3,-10,-5,-4,-3
1533864530556380,-2,-6,-83,-14,-17,-6,-7,-5
1533864530556380,4,13,-36,-6,7,4,-1,-2
1533864530569344,0,-12,-16,-2,-11,-8,-1,0
1533864530569344,2,5,9,3,4,3,1,1
1533864530571339,-2,-6,-24,-7,6,-5,-2,0
1533864530571339,1,3,45,6,-9,1,4,2
1533864530592282,-3,0,-28,-9,1,-1,-3,-2
1533864530592282,5,16,21,3,10,-5,-5,-3
1533864530593279,-2,3,35,3,-8,1,1,-2
1533864530593279,-4,-18,12,-1,3,-4,1,-1
1533864530606260,-3,-12,-81,-8,-4,-1,-2,-2
1533864530606260,-1,-7,-34,1,9,4,1,2
1533864530614249,-4,-16,-97,-7,-1,1,-2,-4
1533864530614249,3,15,81,18,0,-1,-3,-1
1533864530629187,-1,4,11,0,3,0,1,-2
1533864530629187,-4,-3,47,5,-1,3,3,2
1533864530636164,-3,-17,-24,-3,6,5,-1,1
1533864530636164,-3,3,-39,-10,-19,-3,1,-1
1533864530652121,-4,-2,-18,-3,-1,-5,-2,-5
1533864530652121,3,2,-9,3,3,1,0,1
1533864530654116,1,-5,26,6,23,-2,-3,-2
1533864530654116,1,8,-30,-10,-17,0,-1,0
1533864530666089,-1,-7,8,-1,-1,1,-2,1
1533864530666089,1,-1,-2,-6,-7,-5,0,-2
1533864530675061,1,-1,3,3,3,2,1,0
1533864530675061,-2,-6,-50,-2,4,-5,-2,-3
1533864530689026,0,25,89,3,3,-1,1,-1
1533864530689026,-5,-39,-29,-1,2,3,2,2
1533864530696007,1,3,45,2,-19,-8,-2,-1
1533864530696007,-3,-7,-30,-3,2,-1,-2,-2
1533864530727924,-2,-7,-18,-3,-5,4,-1,2
1533864530727924,-3,3,-18,-10,2,-1,1,-1
1533864530729913,-5,-5,-82,-9,-6,-3,-3,-2
1533864530729913,0,-6,54,6,-2,1,1,1
1533864530729913,2,1,-11,-2,6,-1,-5,-2
1533864530729913,-1,12,4,-14,-18,-8,-6,-4
1533864530734900,-1,-10,-8,-6,-5,2,0,-1
1533864530734900,-2,-1,16,3,3,0,1,0
1533864530748876,-3,-6,-15,-1,2,0,-1,-2
1533864530748876,1,4,34,6,-1,1,-2,0
1533864530755844,1,10,18,-2,2,-1,-2,0
1533864530755844,0,5,-3,-7,-9,-6,-5,-3
1533864530771805,0,-5,6,2,2,3,4,1
1533864530771805,0,0,-27,-3,2,-1,-2,-4
1533864530773809,0,-3,9,2,8,2,0,-2
1533864530773809,1,10,-27,-11,-5,-2,-1,-2
1533864530794740,-4,-23,-23,-2,1,-4,-1,1
1533864530794740,-8,-4,5,1,-12,5,8,1
1533864530795737,1,-2,61,11,2,2,3,0
1533864530795737,-1,12,-39,-8,8,0,0,-1
1533864530808703,5,7,91,7,-8,-3,-2,-2
1533864530808703,-2,3,-1,-3,3,-2,-4,-1
1533864530815684,0,8,6,-7,-1,-2,-3,-1
1533864530815684,-6,-14,-49,-3,-5,-1,-2,-2
1533864530831641,5,18,18,5,3,-2,1,-1
1533864530831641,-1,-12,10,5,5,-1,1,0
1533864530833637,-4,5,-28,-4,-7,-4,-3,-2
1533864530833637,-1,-9,-34,-1,2,-2,-2,0
1533864530854583,-5,-1,12,-3,-3,3,2,2
1533864530854583,0,15,2,1,-1,-2,-3,-2
1533864530856574,-1,-23,1,1,-3,-3,0,1
1533864530856574,-4,-8,-20,-1,7,4,2,-1
1533864530869587,-3,-11,-55,-6,-2,-4,-3,-5
1533864530869587,2,14,-2,-4,-5,-8,-4,-3
1533864530875528,-1,-4,-13,-6,1,2,0,0
1533864530875528,4,5,62,5,0,-3,-3,0
1533864530891777,-6,-7,-29,-4,-7,-2,-3,-3
1533864530891777,2,13,-4,2,-1,1,1,1
1533864530893780,-1,-9,4,-6,0,-4,-2,-2
1533864530893780,-1,-5,22,-2,3,4,5,1
1533864530914716,-2,5,-15,-5,-17,-12,-3,-2
1533864530914716,-1,-7,-36,-6,14,5,-4,-3
1533864530916731,-1,0,4,0,-13,-1,-1,0
1533864530916731,0,0,-1,1,-10,1,1,0
1533864530928679,3,3,34,1,4,0,0,0
1533864530928679,-3,-6,6,2,-4,-7,-3,-1
1533864530937653,-2,6,-5,3,2,-1,0,-2
1533864530937653,4,2,48,-3,9,-4,-1,-1
1533864530952616,-2,12,-35,-10,-3,0,0,-3
1533864530952616,-2,-18,-17,5,1,-2,-2,-1
1533864530953611,-6,-9,37,-4,1,0,-1,0
1533864530953611,-4,0,24,2,-6,-4,-3,0
1533864530974557,-4,-1,-43,2,4,3,-1,0
1533864530974557,1,5,47,-2,3,-1,0,1
1533864530976551,-2,-8,-46,-6,-12,-1,1,-4
1533864530976551,3,1,-10,-1,2,2,1,0
1533864530988585,0,-10,-24,2,3,0,-3,-3
1533864530988585,-1,2,2,-1,-6,-4,-4,-2
1533864530997494,3,5,-6,2,1,3,0,-2
1533864530997494,1,-1,14,-4,-2,-4,1,0
1533864531019461,-3,-3,15,-1,0,5,-1,-1
1533864531019461,-1,-3,-6,2,-5,-2,-3,-2
1533864531021432,-1,4,3,-8,-5,-7,-2,0
1533864531021432,-1,-6,-3,7,6,1,0,-1
1533864531035585,2,-2,-5,-2,-4,-2,0,0
1533864531035585,-2,-4,-4,0,-1,-4,-4,-4
1533864531036391,-2,1,-12,1,-3,0,-4,-3
1533864531036391,-3,-1,-3,-7,3,0,-3,-1
1533864531048387,-2,0,1,0,0,0,1,1
1533864531048387,-1,-8,5,-2,-2,0,-1,-1
1533864531058332,-1,10,5,-1,4,1,-1,-1
1533864531058332,-3,-2,-8,6,-4,-2,-1,-2
1533864531072300,-2,-2,0,-3,0,0,3,-2
1533864531072300,-3,1,2,-1,4,2,0,0
1533864531073293,-1,1,-5,-1,-4,-4,-4,-2
1533864531073293,-2,3,-1,-4,-15,-4,-2,-1
1533864531094340,-3,-6,-11,1,1,-2,-3,-1
1533864531094340,-2,-1,4,1,-5,-1,2,-1
1533864531096231,0,1,-5,2,6,0,1,1
1533864531096231,-4,-2,-1,0,1,-2,-3,-1
1533864531108198,1,-2,15,-4,1,0,-4,-4
1533864531108198,1,-1,-1,-6,-1,0,-1,-2
1533864531117177,0,0,0,1,3,-2,-2,-1
1533864531117177,-1,-1,-5,3,0,0,1,2
1533864531132137,-2,-2,-6,0,-1,0,2,0
1533864531132137,-1,0,-1,-3,-3,0,0,-2
1533864531134128,-1,4,-8,-8,-4,-3,-1,-1
1533864531134128,-1,0,0,-4,0,0,-2,-2
1533864531155074,-4,-6,-10,0,1,-3,-2,-2
1533864531155074,-1,-1,5,2,-6,-3,-4,-3
1533864531156071,0,0,-1,10,11,0,0,1
1533864531156071,0,-2,0,2,-10,-2,-1,1
1533864531168041,-1,-2,-7,-26,-11,-5,-3,-2
1533864531168041,0,0,-5,-4,1,-1,-1,2
1533864531177015,-1,-1,1,16,3,0,-1,1
1533864531177015,0,0,4,10,12,2,3,0
1533864531191974,-3,-2,-5,-8,-11,-2,-1,-1
1533864531191974,-2,-1,-5,-10,-1,-4,2,-2
1533864531193969,-3,-6,-3,-12,-7,-4,-2,-4
1533864531193969,-2,0,3,15,5,-1,-1,1
1533864531214913,1,2,-1,10,3,0,-1,10
1533864531214913,0,0,-1,7,0,2,0,-2
1533864531215910,-1,-3,2,-1,1,0,-2,-5
1533864531215910,-4,-4,-7,-13,-7,-5,-5,-8
1533864531227882,2,4,5,-2,5,6,6,4
1533864531227882,-1,-2,-1,20,3,-1,1,2
1533864531236854,-3,0,-9,-11,-7,-2,-1,-1
1533864531236854,-1,-6,-5,-1,0,-3,-4,-3
1533864531252819,0,4,-5,-7,-4,0,-1,-6
1533864531252819,0,-5,-22,-8,-4,0,-2,0
1533864531253809,2,2,9,30,6,2,0,0
1533864531253809,1,-2,0,-5,3,0,-1,-1
1533864531274779,-7,-5,-5,-50,-16,-5,-6,-7
1533864531274779,-4,-2,-6,4,-4,-5,-6,-7
1533864531276750,-1,-4,-8,-13,-4,-2,-1,-2
1533864531276750,-1,2,4,11,5,5,2,3
1533864531288717,3,2,-1,27,10,4,1,1
1533864531288717,1,-1,10,-1,3,2,2,1
1533864531297693,3,1,1,-4,-5,-1,1,1
1533864531297693,0,-8,5,12,1,-1,0,0
1533864531312651,-2,-2,8,8,-2,-3,-3,-6
1533864531312651,-3,-1,-5,-12,-3,-2,-2,-3
1533864531313649,1,2,38,6,-1,2,1,1
1533864531313649,-4,-2,-14,-25,-8,-2,-4,-4
1533864531334699,-3,-6,-18,2,-1,-4,-3,-1
1533864531334699,2,4,39,5,5,-1,-2,0
1533864531336587,-4,-3,-14,-6,-9,-3,-1,-1
1533864531336587,-1,3,3,5,9,2,2,2
1533864531348668,2,2,1,-6,4,-1,3,1
1533864531348668,-2,1,-13,-3,-17,-1,3,3
1533864531357533,-2,-5,-14,-13,-1,-3,-6,-4
1533864531357533,0,1,5,-11,-12,-1,-2,-2
1533864531372491,1,-2,-2,15,6,-2,-2,-2
1533864531372491,1,2,-1,-1,6,1,2,0
1533864531373495,-1,0,-1,2,1,-2,0,0
1533864531373495,-2,-1,-3,-2,1,0,-1,-1
1533864531394518,-1,-3,1,3,0,-2,-3,-1
1533864531394518,-2,-2,-4,-10,-4,-2,0,1
1533864531396426,-2,-3,-5,6,0,-1,0,-1
1533864531396426,0,2,0,-2,6,-1,1,-1
1533864531408396,-2,-4,-2,-8,-4,-2,-2,-5
1533864531408396,-1,-3,-4,1,-20,-11,-7,-4
1533864531417372,0,-1,-3,-8,-2,-2,1,2
1533864531417372,-5,-3,-3,-2,-8,-2,-4,-5
1533864531432550,0,3,4,1,0,3,0,0
1533864531432550,-1,-2,0,10,16,7,1,0
1533864531433331,0,0,-2,7,1,-1,0,1
1533864531433331,2,0,-3,0,-10,-6,-2,-1
1533864531454275,-1,-4,5,15,16,2,0,-1
1533864531454275,-2,0,-1,-3,0,0,0,0
1533864531456267,-1,0,0,1,3,0,0,-1
1533864531456267,-2,-1,-4,-34,-13,-1,0,0
1533864531468235,-2,-3,-1,18,-4,-6,-3,-3
1533864531468235,1,0,-6,-29,-2,-3,-1,-1
1533864531477211,-2,-1,-3,1,0,0,1,-1
1533864531477211,-1,-2,-1,2,-1,-3,-3,-2
1533864531491190,0,1,0,4,-2,-2,0,-1
1533864531491190,0,0,3,0,2,-1,-1,-2
1533864531498158,-2,-1,-6,-10,-6,-2,-2,-2
1533864531498158,3,0,-2,1,1,0,0,-1
1533864531514112,-11,-3,-2,-5,-4,-1,1,-2
1533864531514112,-2,2,-4,3,2,0,-2,-1
1533864531516107,-3,3,14,-2,0,-3,-3,-3
1533864531516107,2,-6,5,11,14,5,0,2
1533864531528115,6,-7,-5,-4,-10,-8,-1,0
1533864531528115,-2,-1,-12,1,-13,0,0,-1
1533864531537052,1,6,-5,-2,-1,-1,2,0
1533864531537052,-7,-9,-9,-10,-13,-7,-7,-4
1533864531552042,-2,-11,0,0,2,2,-2,0
1533864531552042,-3,-6,-1,-4,5,0,-2,-3
1533864531554005,2,6,3,0,2,0,-2,-2
1533864531554005,0,10,-7,2,-10,-5,2,0
1533864531574950,1,-2,12,-2,1,-1,0,2
1533864531574950,-2,-6,7,3,-3,-1,-4,-3
1533864531575947,0,9,3,-2,-10,-1,0,1
1533864531575947,-1,-2,-5,-2,1,0,0,-1
1533864531588926,0,5,-6,-1,-4,2,1,3
1533864531588926,-1,-1,1,2,-3,3,3,1
1533864531596903,2,-4,7,2,18,3,-3,-1
1533864531596903,-2,-2,2,2,-1,-4,-1,-2
1533864531611854,1,8,0,-1,3,-2,-2,-4
1533864531611854,1,4,8,-1,3,-2,-1,0
1533864531617836,1,-26,-29,-7,-1,-1,-2,-3
1533864531617836,-22,-3,9,-1,-3,-5,-2,-5
1533864531634796,1,-2,-8,-5,-8,-4,-1,-1
1533864531634796,4,5,1,3,1,-3,0,2
1533864531636829,-3,-4,-2,0,-8,-1,-1,-3
1533864531636829,2,-2,-3,4,10,1,1,2
1533864531648856,-2,1,3,1,-1,-3,-6,-6
1533864531648856,-2,-1,-1,0,4,1,0,0
1533864531664709,3,4,2,0,0,1,1,5
1533864531664709,6,2,1,-1,0,1,1,2
1533864531671695,-6,0,-1,-3,-8,-2,0,2
1533864531671695,2,-4,-3,-3,-4,-5,-4,-3
1533864531678867,-2,-6,-1,0,5,0,-2,-4
1533864531678867,2,3,-1,0,-4,-3,-1,-3
1533864531694841,-1,-1,-4,-1,-3,-2,1,-2
1533864531694841,-2,-3,0,2,6,1,-1,0
1533864531696625,-4,-3,1,-2,-12,-3,0,-1
1533864531696625,1,-6,-11,-2,0,-1,-1,-2
1533864531717573,3,-1,1,0,9,0,-3,-2
1533864531717573,-1,-2,1,1,2,0,1,0
1533864531718575,-3,6,6,-5,0,1,-2,0
1533864531718575,0,0,0,6,-1,0,-4,-2
1533864531731533,-3,-5,-11,-1,6,1,-2,-3
1533864531731533,-3,1,-3,-2,-7,-2,-2,-4
1533864531738516,-3,-6,-6,-13,-12,-3,0,0
1533864531738516,4,-6,-2,4,2,4,1,3
1533864531754473,-2,0,3,-4,-3,-5,0,-2
1533864531754473,-2,-1,-1,2,2,0,-2,-3
1533864531756464,1,-3,-3,0,-10,-5,-1,-2
1533864531756464,1,1,1,1,4,3,-1,0
1533864531777407,1,0,2,0,-2,2,3,3
1533864531777407,1,2,1,-1,-3,-3,1,0
1533864531778406,-2,2,3,3,7,-1,-1,0
1533864531778406,-4,-5,-5,-6,-10,-5,-5,-4
1533864531790374,0,-3,-1,-2,-15,-4,-5,-2
1533864531790374,1,-9,-12,-6,-3,-4,-1,-2
1533864531799358,-2,1,-1,0,8,1,-1,0
1533864531799358,-2,7,4,-1,-10,-3,0,-1
1533864531814309,-1,2,-1,0,0,0,-2,-1
1533864531814309,0,3,0,-2,0,1,-2,-1
1533864531816308,-3,1,1,3,7,1,1,-1
1533864531816308,-1,-3,-1,3,6,3,0,0
1533864531837248,1,2,0,-5,-12,-3,-3,-2
1533864531837248,-3,-4,-2,1,-15,-2,-3,1
1533864531839260,0,2,-1,3,11,1,3,1
1533864531839260,-2,0,-1,-7,-17,-7,-3,-4
1533864531851227,2,-4,-3,1,10,1,0,2
1533864531851227,2,2,5,5,5,-2,0,-1
1533864531860186,-1,-4,-4,1,-3,-1,-1,-3
1533864531860186,-1,-3,-1,-1,5,-2,1,-2
1533864531875147,-2,1,1,4,0,-1,-2,-1
1533864531875147,-2,6,-3,-3,-7,-4,-3,0
1533864531877141,0,-2,0,-2,-11,-5,-4,-2
1533864531877141,-1,-5,-1,0,9,2,1,2
1533864531897292,-5,-7,-3,-2,-15,-5,-4,-5
1533864531897292,-1,-4,-1,2,12,0,-1,-4
1533864531899083,-1,2,-1,-2,-4,-4,-5,-2
1533864531899083,2,1,2,2,-2,2,4,0
1533864531911219,-1,1,0,-2,1,1,4,-1
1533864531911219,-1,-2,-1,-3,-6,-1,-5,-1
1533864531920027,0,-4,-3,-3,8,0,-2,-3
1533864531920027,-2,3,-5,-5,-12,-7,-2,-1
1533864531933993,-1,-4,0,-3,-4,-2,0,-1
1533864531933993,-3,-3,9,-3,3,1,0,-2
1533864531941990,0,-4,-2,1,-5,0,0,5
1533864531941990,-1,-2,-2,-2,8,1,-3,-3
1533864531956964,-1,1,-2,-4,1,-1,8,-1
1533864531956964,-3,-3,-4,-3,-3,0,1,-2
1533864531958923,-2,-1,-2,-4,-1,1,2,-1
1533864531958923,1,1,4,-1,6,0,-3,1
1533864531970892,1,1,1,-1,7,-1,-7,-2
1533864531970892,1,2,-2,-6,-13,-2,0,0
1533864531987848,-1,-2,-2,-3,-3,-3,0,-2
1533864531987848,1,-3,-6,-2,-4,0,0,0
1533864531994831,-3,0,3,3,4,-1,-2,2
1533864531994831,-3,-6,-3,-1,4,-4,-2,-4
1533864531995824,0,1,1,2,-6,-1,-1,-3
1533864531995824,1,-1,2,-4,0,-4,-3,-1
1533864532016767,-1,1,-3,0,-7,1,2,1
1533864532016767,1,1,-1,0,2,-1,-4,1
1533864532018763,-3,-3,-1,0,5,3,2,1
1533864532018763,-1,1,0,3,0,-2,1,0
1533864532030762,-3,-10,-6,-6,-4,0,-4,-2
1533864532030762,1,1,8,-2,2,2,-2,-1
1533864532039713,-2,-3,-8,2,3,-5,-3,-4
1533864532039713,-1,-3,-4,-4,-7,1,0,0
1533864532054667,2,3,3,-1,3,3,-2,-2
1533864532054667,-4,-3,-4,0,-10,-4,2,-1
1533864532056666,-1,-1,-2,-5,0,-2,-3,-1
1533864532056666,-2,-2,-1,-3,-6,-4,-4,-4
1533864532077607,0,1,0,1,5,-2,-1,-1
1533864532077607,0,-1,-3,2,7,2,1,-1
1533864532078612,-1,4,4,1,0,-2,2,1
1533864532078612,1,-4,-1,2,7,3,-3,-2
1533864532090572,-1,-1,1,-5,-19,-5,-1,-1
1533864532090572,0,-2,-4,0,12,1,-2,-1
1533864532107527,-2,-1,-1,-2,-6,-2,2,-2
1533864532107527,-3,1,0,0,-6,0,1,0
1533864532114704,1,-2,-1,3,8,2,-1,0
1533864532114704,0,-1,-4,-2,-7,-2,1,1
1533864532116502,-2,-2,-3,-4,-11,-3,-5,-1
1533864532116502,0,1,1,6,8,1,-4,-4
1533864532137448,-1,-3,-4,-1,6,-1,-3,-3
1533864532137448,0,0,-1,1,-7,-1,1,0
1533864532138442,0,3,4,5,3,5,2,2
1533864532138442,0,-2,0,-8,-2,-3,2,0
1533864532159423,-3,2,-5,-4,-13,-2,2,-2
1533864532159423,-4,-13,-7,-4,-1,-4,-5,-4
1533864532161381,1,-1,4,1,3,-2,-4,-4
1533864532161381,-1,0,2,2,4,-1,-5,-3
1533864532174348,0,2,2,-1,7,1,2,2
1533864532174348,-2,0,-2,-3,-3,-4,-2,-1
1533864532176382,0,1,0,-3,-6,3,0,1
1533864532176382,0,1,-1,0,8,-2,-2,1
1533864532197310,0,1,3,0,-3,-2,-3,-2
1533864532197310,-1,-3,-3,1,-8,2,-2,-2
1533864532199298,-4,-6,-6,-2,0,-4,-5,-5
1533864532199298,-1,-2,-3,-6,-13,-4,4,0
1533864532219230,2,-1,-1,5,7,-1,-5,-1
1533864532219230,2,5,5,5,6,0,-3,1
1533864532221221,-1,-2,-5,-3,-1,-2,-2,-1
1533864532221221,1,1,1,3,-10,4,8,2
1533864532234190,-3,-1,-2,0,-3,1,1,0
1533864532234190,-4,-1,-5,-5,1,-4,0,-3
1533864532236181,-1,0,6,8,6,-3,-2,-2
1533864532236181,-4,-3,-8,-8,-2,-6,-6,-2
1533864532257126,-3,-2,-3,5,2,-6,-1,-5
1533864532257126,1,1,3,-8,-9,0,-1,-1
1533864532259160,-1,-4,-2,1,-7,1,-5,3
1533864532259160,-3,2,3,-6,-2,2,0,0
1533864532271091,-1,-3,-7,-2,4,3,5,0
1533864532271091,0,1,3,-2,3,-1,1,-4
1533864532280063,0,-1,-6,-11,-1,-2,4,-1
1533864532280063,2,5,-14,-3,-6,-7,-3,0
1533864532295027,-2,-4,41,-4,-19,-5,-3,0
1533864532295027,-3,1,-4,2,10,-2,0,2
1533864532296021,1,0,17,1,-10,-2,-2,-1
1533864532296021,-1,-2,-23,4,10,2,-4,-5
1533864532317115,0,2,-6,-3,3,0,0,0
1533864532317115,0,2,-7,-2,-4,0,1,0
1533864532318974,4,-7,28,-6,2,1,1,-2
1533864532318974,-4,-3,23,-2,3,-2,-2,-2
1533864532330931,-4,-5,-40,-6,-12,-3,-3,-2
1533864532330931,2,7,30,7,-3,0,-1,2
1533864532339904,-7,11,-38,-16,-9,-1,-3,-5
1533864532339904,-3,-4,41,12,8,-3,-2,-5
1533864532361849,-2,0,16,4,-5,-1,3,2
1533864532361849,-1,-12,-42,-5,-4,-2,-13,2
1533864532363840,-3,4,-44,-1,-6,0,5,-1
1533864532363840,2,-2,-2,-7,-2,3,3,-2
1533864532376809,-1,-6,-12,-4,9,1,-2,-4
1533864532376809,-2,-5,-102,-5,-5,-6,-3,-9
1533864532382790,-2,-4,64,6,-4,-5,-1,0
1533864532382790,1,12,5,-2,-3,3,-1,4
1533864532390768,-1,-9,-20,5,16,2,2,2
1533864532390768,-3,-8,9,-6,-24,-3,5,0
1533864532399744,-1,-4,21,-4,5,1,-6,-3
1533864532399744,-4,-6,-18,-2,-1,-3,0,-2
1533864532414705,0,3,-12,-5,-5,-4,-1,-1
1533864532414705,0,2,36,3,6,0,-2,-1
1533864532416698,-2,-6,-23,5,12,0,-2,-1
1533864532416698,1,2,0,2,-14,-3,0,2
1533864532436657,2,2,4,-10,0,1,-1,-1
1533864532436657,0,2,19,5,5,2,0,-1
1533864532438639,0,-1,-11,2,-2,-2,-1,2
1533864532438639,2,-3,-19,3,9,6,4,3
1533864532450816,-1,-6,-73,0,25,2,-6,-4
1533864532450816,-4,-4,-26,1,-16,-6,3,-1
1533864532465571,0,6,51,4,-3,-2,0,-3
1533864532465571,1,4,52,4,-8,-6,-2,-3
1533864532473553,-2,1,0,-1,15,3,-1,-3
1533864532473553,0,12,-30,-12,-14,-8,-4,-2
1533864532480531,2,-6,23,6,-5,2,1,3
1533864532480531,-4,-7,15,-7,-3,-2,-6,-5
1533864532497482,0,-4,-2,-2,-7,0,-3,-1
1533864532497482,-5,2,25,0,14,4,1,0
1533864532498494,-5,-18,-90,-20,-2,-7,-6,-2
1533864532498494,6,29,106,18,-1,-1,3,6
1533864532511593,-4,-2,-53,-4,-11,-3,1,0
1533864532511593,1,-1,65,2,8,4,2,1
1533864532519712,-8,-3,-126,-17,-15,-7,-2,-6
1533864532519712,3,-6,-26,7,22,11,1,-1
1533864532533673,-3,-1,31,3,-7,-9,-4,-3
1533864532533673,-1,2,1,3,1,5,5,4
1533864532540654,-1,2,9,5,-15,-4,1,1
1533864532540654,-1,-5,-48,-9,-2,-1,-3,-3
1533864532557610,4,6,43,5,9,3,-1,0
1533864532557610,0,-9,0,-5,4,-2,-1,-3
1533864532558602,1,2,11,4,16,-2,-1,-3
1533864532558602,-4,-8,-32,-6,-15,0,1,-1
1533864532570604,0,0,9,-4,-11,-3,0,-1
1533864532570604,0,-5,-16,-1,4,1,-2,-1
1533864532579556,4,5,23,4,11,8,0,0
1533864532579556,-2,-3,-19,-1,-6,-7,-2,-1
1533864532602601,-1,1,7,-2,-1,0,-2,-2
1533864532602601,0,0,3,-2,1,-2,-1,-2
1533864532603489,0,-1,22,2,0,-2,2,0
1533864532603489,-3,-8,-19,-5,-2,-3,-1,-2
1533864532617448,1,-1,0,-2,-7,-4,-2,0
1533864532617448,-2,-2,0,1,-2,-3,-3,-1
1533864532618442,-1,1,4,2,0,-3,-3,-1
1533864532618442,-3,-5,-24,-8,-5,-2,-2,0
1533864532630410,-1,-2,8,2,10,-3,-2,-3
1533864532630410,-2,1,3,-2,-11,1,-2,0
1533864532639409,0,-4,2,-4,-6,1,3,-1
1533864532639409,-3,-2,-10,-3,-6,-1,-1,-2
1533864532654357,-3,2,10,-7,-32,-5,2,2
1533864532654357,-2,-4,-6,2,12,-1,-2,-3
1533864532660334,-2,5,-33,-7,-2,1,-4,-2
1533864532660334,-1,2,26,10,13,-2,-3,0
1533864532677285,1,-21,-44,-1,5,1,2,-2
1533864532677285,-1,3,20,1,-2,-1,1,-1
1533864532679280,-2,1,-20,2,0,0,-3,-1
1533864532679280,-1,4,20,-6,0,-5,-4,-4
1533864532699229,0,-1,11,0,-1,0,0,3
1533864532699229,-3,13,-14,-1,-3,-4,-3,-1
1533864532701221,3,-21,38,11,2,2,3,4
1533864532701221,4,5,26,0,-1,-1,1,0
1533864532714190,-4,-1,8,1,2,4,-1,-1
1533864532714190,-1,-5,30,1,-2,-1,-1,-2
1533864532721171,-3,7,-74,-17,-12,-5,-2,-3
1533864532721171,2,-20,20,14,11,2,3,4
1533864532737128,0,8,-9,-9,-21,-2,-4,-4
1533864532737128,1,12,-57,-18,6,-3,-4,-6
1533864532739120,4,-24,57,17,2,5,8,8
1533864532739120,-14,-8,-101,-14,-11,-3,-2,-6
1533864532760064,3,-4,48,7,7,6,0,2
1533864532760064,-1,-5,12,0,-2,-3,-4,-1
1533864532761076,-3,13,-9,-2,-8,-9,-7,-5
1533864532761076,-1,-2,-8,-10,1,0,0,-2
1533864532774026,-5,0,0,1,2,-4,-3,-5
1533864532774026,5,9,15,-7,-11,-3,-1,-1
1533864532781007,-3,-14,26,6,9,0,0,0
1533864532781007,-2,0,10,0,-1,-1,-1,0
1533864532797962,-5,4,-76,-10,1,-2,-5,-5
1533864532797962,0,-3,-32,-1,3,-1,-1,-1
1533864532799979,-1,7,99,12,2,-3,-4,1
1533864532799979,-1,10,39,1,-14,-4,0,0
1533864532819907,-1,5,-10,-13,-5,-2,2,0
1533864532819907,-2,-14,-40,4,0,0,3,1
1533864532820903,-1,8,-32,-8,5,-1,-2,-4
1533864532820903,5,0,-119,-5,-5,-3,-5,-5
1533864532832869,1,1,105,9,9,0,4,2
1533864532832869,-4,-10,9,-1,-13,1,4,2
1533864532841845,-4,0,-30,-7,8,0,-2,-2
1533864532841845,1,-4,-11,-2,-7,0,0,-2
1533864532857822,-1,0,-52,-2,1,1,-2,-4
1533864532857822,-3,-2,-31,-5,-2,-4,-4,-2
1533864532858799,-2,-8,-25,3,-1,2,-1,-1
1533864532858799,1,9,35,4,5,0,-3,-2
1533864532879783,-3,5,-5,-8,-1,-4,-1,0
1533864532879783,-3,-24,12,4,18,6,3,2
1533864532880741,0,9,21,-8,-31,-5,0,0
1533864532880741,-2,-8,-26,-7,-6,-1,-3,-1
1533864532902760,2,2,-4,-2,-4,1,-2,-1
1533864532902760,3,6,5,3,5,2,-1,-2
1533864532903680,-4,-4,-44,-8,3,-1,-1,-3
1533864532903680,-2,-9,-36,-8,2,-2,-1,-3
1533864532916653,-1,-1,8,9,13,0,0,1
1533864532916653,-3,-9,11,-4,-15,0,0,3
1533864532918639,0,-5,-8,-10,-10,-6,-1,-1
1533864532918639,-3,-1,-9,-4,-1,1,-1,0
1533864532939587,2,-3,-24,4,4,0,-4,0
1533864532939587,-3,9,100,9,-2,1,2,1
1533864532941598,-2,4,21,-1,1,1,1,0
1533864532941598,-1,-4,-64,-5,9,-1,-3,-4
1533864532953708,-1,-12,-5,2,0,-3,1,-1
1533864532953708,-1,0,-9,-2,-12,-3,-2,-2
1533864532962674,-1,-3,-26,-5,-7,-6,-3,-2
1533864532962674,-2,4,-23,-1,-9,0,0,0
1533864532977730,0,11,-6,0,7,3,0,1
1533864532977730,-3,-16,-24,-1,-8,-3,0,-1
1533864532978631,-1,0,4,2,8,1,-1,-2
1533864532978631,-2,-10,1,2,2,1,-1,-1
1533864532999706,2,2,-4,-5,-5,-1,-2,-3
1533864532999706,-2,-4,-12,2,12,-1,-2,0
1533864533001570,3,9,13,-3,10,4,1,0
1533864533001570,-2,-3,37,-6,-18,-3,3,2
1533864533013536,-4,-2,19,4,-14,-5,-3,-2
1533864533013536,-1,10,-6,1,2,-1,-2,-1
1533864533022514,2,-7,3,0,1,-1,-3,-1
1533864533022514,-4,-4,19,-1,11,-3,-3,-4
1533864533037692,2,-1,12,-1,-7,-2,-1,-1
1533864533037692,-3,3,-28,-6,-11,-2,-1,-2
1533864533038471,0,2,-9,1,4,2,2,-2
1533864533038471,0,1,29,3,3,0,0,-1
1533864533059414,-4,-3,-17,-1,-6,-3,-4,-2
1533864533059414,3,2,3,3,8,-2,-1,0
1533864533061409,-1,2,-16,-2,-7,-3,0,1
1533864533061409,-1,-8,48,7,7,2,1,3
1533864533073488,-1,-6,2,-2,4,0,0,2
1533864533073488,-2,0,-5,-3,-10,-3,-2,-1
1533864533082356,0,1,7,-6,2,2,-3,-1
1533864533082356,0,2,-4,4,-8,-5,0,-1
1533864533104294,-1,1,4,0,7,-1,-2,-2
1533864533104294,-1,-4,-36,0,-1,1,1,-1
1533864533106288,-3,6,9,1,-2,2,-2,-2
1533864533106288,1,0,4,-2,-7,-3,-3,1
1533864533120263,1,-3,5,0,6,0,-1,-1
1533864533120263,-1,11,-22,-2,-7,-7,-4,-2
1533864533121250,1,-17,29,4,1,-1,2,2
1533864533121250,-2,2,15,6,5,-1,-1,0
1533864533142193,-5,-6,-14,-4,-10,-3,0,0
1533864533142193,2,3,16,-3,6,-2,-1,-2
1533864533144187,-3,1,-20,-1,-6,-4,-5,-4
1533864533144187,2,-1,1,-4,12,4,-1,-3
1533864533157152,-3,-1,-3,-3,-19,-2,-1,1
1533864533157152,-2,-6,7,0,2,2,-1,-2
1533864533159159,-3,1,2,1,1,0,-2,0
1533864533159159,-2,0,-8,1,5,-1,-1,-2
1533864533180104,-1,-2,-4,-3,2,-2,-1,-4
1533864533180104,-2,1,3,-1,-8,1,0,3
1533864533181094,-2,-3,-2,-1,-2,-6,-1,-2
1533864533181094,-1,1,-2,-1,9,1,-1,-2
1533864533193056,-1,1,-2,-2,-6,-2,-1,1
1533864533193056,0,-2,8,-2,-3,-2,-1,-2
1533864533202033,0,-1,-9,0,-12,-3,-1,-1
1533864533202033,0,-2,-5,-1,-1,-1,-1,0
1533864533216993,-2,-1,3,1,2,0,-2,1
1533864533216993,-1,-4,-2,0,2,-3,-1,-2
1533864533225006,-3,1,-3,-3,-5,-2,-1,-2
1533864533225006,-1,3,-2,-1,-2,-1,-2,-2
1533864533246915,0,-2,-1,-1,-7,-3,-2,-1
1533864533246915,-1,-1,1,3,8,0,1,-2
1533864533248908,0,0,-6,-3,-3,-4,0,0
1533864533248908,-2,-3,13,0,-5,-1,0,1
1533864533252900,-1,-4,-1,-5,-3,-1,-2,-2
1533864533252900,1,-1,-4,-1,1,1,-2,-1
1533864533261873,-1,7,-49,-3,-2,1,-1,-1
1533864533261873,0,-12,17,0,4,2,0,-1
1533864533276998,0,-4,6,6,-12,-3,-2,-2
1533864533276998,1,0,4,0,4,1,3,0
1533864533278860,-1,-3,-10,1,6,1,-2,-3
1533864533278860,-3,2,-16,-5,-15,-5,-2,-2
1533864533298939,0,0,-6,-3,3,1,-2,-3
1533864533298939,-3,-5,0,0,-6,0,-2,-1
1533864533307757,1,2,20,11,7,-2,-1,-1
1533864533307757,0,-1,-12,-7,-9,-7,1,0
1533864533313738,-2,-1,5,0,14,-1,1,-2
1533864533313738,-4,1,-1,-7,-21,-2,-3,0
1533864533329691,0,-4,3,5,4,2,0,1
1533864533329691,0,4,2,5,4,2,0,-3
1533864533336681,0,1,-9,-2,1,1,-1,0
1533864533336681,0,-1,-3,-11,6,0,-4,-2
1533864533338667,-1,-1,10,-3,-2,-3,0,-2
1533864533338667,-2,-2,-6,0,-4,-3,-4,-2
1533864533359615,-1,2,-2,0,7,1,1,0
1533864533359615,-1,-1,0,0,-4,-2,0,-1
1533864533361606,-3,-3,7,-2,-1,-1,-2,0
1533864533361606,-1,2,-7,-3,-2,1,-2,0
1533864533373609,-6,0,-1,-1,0,-2,-2,-2
1533864533373609,1,-1,0,-2,5,-3,-2,-1
1533864533382551,0,0,-1,-3,-2,-3,-2,0
1533864533382551,-3,-1,-3,1,0,-2,1,-2
1533864533396518,-1,1,-2,-5,-5,-3,-1,-2
1533864533396518,-1,1,2,6,2,-1,0,-1
1533864533403625,-1,-10,-2,-8,-4,0,-2,-2
1533864533403625,0,1,-3,-1,-1,0,-1,-2
1533864533419451,1,1,5,5,4,4,-1,-1
1533864533419451,0,0,-3,-1,-1,-3,0,-1
1533864533421446,-5,2,0,-3,-9,-1,1,0
1533864533421446,-1,-1,-4,1,-3,-3,-3,0
1533864533433415,0,-4,-5,-8,7,2,-2,-4
1533864533433415,0,-2,-3,3,-11,-6,-4,-2
1533864533442389,-1,-1,-1,-3,6,3,-1,-2
1533864533442389,0,-3,0,1,-7,-1,-1,1
1533864533456354,1,2,2,1,3,1,4,4
1533864533456354,-2,-3,0,0,4,2,-1,-2
1533864533463337,2,0,1,0,6,1,-2,-3
1533864533463337,-4,-1,-1,-3,-8,-1,0,-1
1533864533479312,-3,-1,-3,1,-3,-2,-4,0
1533864533479312,-2,-3,-3,-1,0,0,-1,0
1533864533481286,-1,2,4,6,0,-2,-1,0
1533864533481286,0,0,0,-10,4,-5,-1,-2
1533864533493257,-2,-3,-5,4,-7,-4,-1,-1
1533864533493257,1,0,-2,0,2,-3,-2,-1
1533864533502240,-2,-1,0,-4,-2,1,-1,-2
1533864533502240,0,0,2,2,4,2,1,-2
1533864533517205,-2,-3,-2,-2,-8,-5,-5,-4
1533864533517205,-5,0,-1,-8,0,-2,0,2
1533864533523177,0,2,-2,4,3,4,2,3
1533864533523177,1,-1,8,6,1,2,1,0
1533864533540129,0,-2,-3,-4,-3,-3,-1,1
1533864533540129,-3,-2,-7,-1,2,1,-2,-2
1533864533541126,-3,-4,-3,-1,4,-3,-5,-6
1533864533541126,-1,-4,-5,1,-19,-6,-3,-5
1533864533553127,-2,1,6,0,-1,-3,0,1
1533864533553127,-1,-3,-8,-14,-11,-4,2,0
1533864533562070,2,-1,1,0,6,6,1,2
1533864533562070,-9,-2,-7,-11,-6,0,-7,-6
1533864533576034,3,-2,-2,2,0,-8,-5,-3
1533864533576034,1,1,5,-9,3,5,5,5
1533864533583123,1,0,0,2,-11,-2,3,4
1533864533583123,0,0,-6,-2,5,0,-1,-1
1533864533606953,-3,-2,-2,1,-4,-1,-3,-3
1533864533606953,-3,-2,-2,6,5,-4,-4,-4
1533864533608945,-2,-2,-1,-7,1,-3,-1,-2
1533864533608945,0,0,1,-7,-1,-2,-1,0
1533864533622111,-4,-2,-5,2,-6,-3,-2,-4
1533864533622111,-1,0,1,17,6,0,-1,-2
1533864533623907,-1,-1,-1,-24,-12,-4,-3,-2
1533864533623907,4,-2,-5,16,3,-2,2,2
1533864533636869,-7,5,-10,-25,-5,2,1,0
1533864533636869,-5,-6,10,10,-9,-2,-1,-4
1533864533642855,-1,-5,-4,-32,-5,-2,-1,-3
1533864533642855,0,1,2,19,5,-2,0,4
1533864533659813,-11,-1,-1,26,6,2,2,-3
1533864533659813,5,-12,-7,-47,-11,-3,-2,-2
1533864533660838,0,-3,2,11,-4,-3,-2,-1
1533864533660838,5,0,1,2,5,1,-3,0
1533864533681753,-4,-2,1,1,1,-2,0,0
1533864533681753,-3,3,-3,15,4,-1,-2,-2
1533864533683745,6,-1,-3,6,-3,-2,0,-1
1533864533683745,-3,-1,-2,-20,-1,2,2,0
1533864533696710,4,2,8,8,4,1,0,0
1533864533696710,-1,-2,-14,-15,-7,-6,-2,-1
1533864533703698,-1,0,1,5,2,-2,-4,-3
1533864533703698,-4,1,2,3,0,-1,1,-1
1533864533719655,4,-3,-3,-10,-3,4,1,1
1533864533719655,0,4,9,4,6,2,0,-1
1533864533721645,-5,-2,-10,7,-9,-2,-1,-2
1533864533721645,-2,-2,11,3,6,-1,-2,-3
1533864533742609,3,-4,0,-9,-5,-2,1,0
1533864533742609,-1,-1,-8,6,2,2,-1,1
1533864533743585,-4,0,-2,0,3,-3,-3,0
1533864533743585,-1,-1,-4,-13,-8,-5,-2,-1
1533864533755552,1,0,0,4,4,-1,0,0
1533864533755552,-1,0,3,15,2,0,2,-1
1533864533764533,-4,-3,1,11,-2,-1,1,-3
1533864533764533,7,7,7,10,11,2,2,1
1533864533779585,-2,-1,-12,-58,-21,-7,-5,-1
1533864533779585,-1,-8,-5,-3,-14,-5,-6,-3
1533864533781483,-6,1,0,-10,2,2,1,1
1533864533781483,-1,-2,8,45,24,3,-1,-3
1533864533802455,11,4,-1,-1,9,5,2,2
1533864533802455,-14,-6,-16,-15,-34,-9,-4,-3
1533864533803441,2,-2,8,71,25,5,1,1
1533864533803441,-4,-1,-11,-78,-26,-3,-2,1
1533864533815392,2,-1,-6,-22,-32,-10,-6,-6
1533864533815392,1,1,5,-4,11,1,0,-1
1533864533824386,-7,-4,-3,10,-5,-5,-2,-3
1533864533824386,1,2,3,35,23,4,3,3
1533864533838331,8,-2,7,25,15,3,0,0
1533864533838331,-3,2,-3,-16,-10,-3,-2,-1
1533864533847320,5,5,3,-5,4,1,0,1
1533864533847320,8,-4,0,-3,1,0,-1,1
1533864533862267,-22,-7,-1,-1,-13,-3,-1,1
1533864533862267,3,7,3,20,12,0,0,-3
1533864533864263,7,-4,1,-15,-1,-1,-1,-1
1533864533864263,-7,0,-8,-18,-15,-3,-1,-3
1533864533876229,-15,-7,-12,1,-1,2,2,1
1533864533876229,11,13,7,28,21,5,0,-1
1533864533885206,-9,-1,-10,-40,-10,-5,0,-1
1533864533885206,-8,-19,-13,-2,-14,-8,-5,-4
1533864533899185,1,1,6,14,0,1,0,-1
1533864533899185,0,-2,5,2,9,3,1,0
1533864533901163,3,4,1,-12,-8,0,-2,0
1533864533901163,0,3,1,6,-1,-2,-4,-2
1533864533922111,2,-1,3,9,2,1,0,1
1533864533922111,-1,12,12,-9,3,-3,-4,-2
1533864533924101,1,13,19,1,-4,-2,-1,1
1533864533924101,3,-29,-32,1,4,-1,1,0
1533864533936071,-10,-22,-19,-1,5,0,0,-4
1533864533936071,-4,-1,1,-5,-11,0,1,-2
1533864533945045,-3,22,18,3,16,0,0,-3
1533864533945045,-8,-8,-15,-10,-10,-6,-2,-4
1533864533960009,10,-14,8,-6,-9,-3,-2,2
1533864533960009,10,-42,-24,-2,1,1,-3,-1
1533864533961013,-8,10,13,7,7,5,0,-3
1533864533961013,2,33,39,-6,-21,-4,1,2
1533864533981951,-1,-26,-56,-2,-8,-6,-1,-1
1533864533981951,3,0,5,0,9,4,1,2
1533864533983941,-4,-1,1,-7,-14,-7,-5,-3
1533864533983941,3,14,21,0,5,2,0,2
1533864533995913,17,-14,-25,-3,5,-4,-1,-3
1533864533995913,-39,20,31,5,2,1,2,-4
1533864534004886,2,-28,-40,-2,3,-3,-4,-3
1533864534004886,-7,2,-4,-4,-5,-3,-3,-4
1533864534020057,0,19,27,15,-1,3,2,4
1533864534020057,5,-4,-12,-13,9,-3,-1,-1
1533864534021879,1,2,7,3,2,-2,0,0
1533864534021879,-2,-4,-3,-8,-8,-1,-2,-2
1533864534041788,-2,11,12,5,10,3,-2,-2
1533864534041788,0,0,-2,-9,-14,-5,-4,0
1533864534043781,-3,-2,-4,-2,-4,-4,1,0
1533864534043781,1,-6,-14,3,-2,-2,1,2
1533864534055967,-3,13,14,-1,-5,4,1,-1
1533864534055967,0,1,-2,-4,-6,-5,-7,-3
1533864534064726,3,-18,-19,-2,-4,2,1,0
1533864534064726,-2,-1,-7,1,14,4,-1,-4
1533864534079698,-2,25,23,7,-6,-2,2,1
1533864534079698,2,-21,-14,7,5,3,1,1
1533864534081683,1,3,-2,-4,-2,-5,-5,-2
1533864534081683,-2,-5,-1,0,8,1,-3,-5
1533864534102623,-2,3,6,0,9,-1,-1,0
1533864534102623,6,8,3,6,2,-1,1,2
1533864534103630,-5,-15,-3,-9,-19,-7,-4,-2
1533864534103630,-1,-3,-1,-1,-5,-3,-1,0
1533864534115756,0,-6,6,-9,2,-4,-5,-3
1533864534115756,1,5,-4,-3,-1,0,5,-1
1533864534124566,0,-8,-10,-1,-1,0,3,0
1533864534124566,-2,-4,-7,-2,-5,1,1,-2
1533864534138532,-2,-5,-4,-1,2,-1,-3,-3
1533864534138532,2,2,1,3,-2,-3,-5,0
1533864534147504,-3,-5,6,1,-2,1,-1,-2
1533864534147504,2,3,2,-1,-7,-2,0,1
1533864534162464,-1,-1,-3,2,19,5,0,-1
1533864534162464,-2,-13,-1,-4,-10,-10,-3,-3
1533864534164458,0,-4,-14,-13,-36,-9,-6,-2
1533864534164458,-1,-12,-3,2,5,0,1,0
1533864534175519,-2,11,-1,-3,-11,-1,-3,-2
1533864534175519,0,6,-1,1,16,6,4,-1
1533864534185409,-1,-6,-5,2,-1,0,0,0
1533864534185409,-5,-6,-10,0,-7,0,-4,0
1533864534199450,-1,1,-4,0,11,-1,0,-1
1533864534199450,-2,5,0,-1,-1,0,-1,-2
1533864534201444,1,-2,5,0,-9,-2,1,-1
1533864534201444,-1,-1,1,-2,-2,-4,-3,-4
1533864534222392,-2,-3,-1,-5,-3,-4,-3,-3
1533864534222392,1,6,5,-5,-3,1,-1,1
1533864534223387,-1,4,5,-1,8,1,1,-1
1533864534223387,-1,-7,-13,-2,6,0,-4,-2
1533864534235357,0,3,8,-4,-13,-5,-5,-1
1533864534235357,1,0,2,1,-5,-1,1,-1
1533864534252309,0,2,-7,-2,4,3,2,2
1533864534252309,-1,10,4,-1,2,1,0,-1
1533864534260324,-4,-10,-2,2,3,-3,-4,-3
1533864534260324,-2,-10,-8,-2,1,-3,-2,-2
1533864534261286,2,7,8,0,-7,1,-2,2
1533864534261286,-2,11,3,3,3,3,1,2
1533864534282229,-1,-4,-1,0,0,0,0,-2
1533864534282229,-1,-1,-1,-6,-12,-2,-1,-1
1533864534284228,-1,-3,-2,-1,17,-1,-2,-3
1533864534284228,-1,1,3,-6,-19,-7,-3,-3
1533864534296195,-1,-3,-2,-2,3,0,2,-2
1533864534296195,-3,-5,-6,-4,-16,-5,-2,-1
1533864534305167,0,3,3,0,4,1,0,-1
1533864534305167,-1,-9,-4,-1,2,-3,-1,-2
1533864534320130,-2,-3,0,2,11,1,0,-1
1533864534320130,0,-1,-1,-3,-1,-1,-4,-1
1533864534321125,0,-5,-3,-2,2,2,-4,-4
1533864534321125,0,1,-1,-1,5,-2,0,-2
1533864534342071,-3,-2,-10,-7,-10,-7,-1,-1
1533864534342071,-1,0,4,5,8,1,3,0
1533864534344063,-3,9,7,-4,-5,0,-1,-1
1533864534344063,-2,-4,-11,0,7,-1,-2,-1
1533864534356034,-2,-14,-7,1,-4,0,-1,-2
1533864534356034,0,-8,-3,-2,1,-2,-2,-2
1533864534365007,-1,-3,-2,1,1,-2,0,-1
1533864534365007,1,6,13,1,-5,-1,-2,-1
1533864534378973,0,4,1,-1,-5,0,-1,0
1533864534378973,0,8,-1,6,13,2,0,-1
1533864534385954,-2,-4,-6,-8,-14,-5,-1,-3
1533864534385954,2,-1,3,-4,-4,0,0,-2
1533864534400911,-3,4,-2,2,4,1,-2,0
1533864534400911,-1,2,1,-4,-13,0,-2,-3
1533864534409888,-2,-11,-4,3,11,0,2,0
1533864534409888,-2,-3,-8,-3,-13,-4,-2,0
1533864534415871,-2,0,1,-5,1,-3,1,-1
1533864534415871,0,3,-1,0,5,-2,0,1
1533864534424848,0,5,7,1,1,-2,0,2
1533864534424848,-1,-6,-7,-1,4,0,0,0
1533864534438832,-3,-14,-3,0,-11,-7,-2,-2
1533864534438832,-2,-4,3,4,9,4,0,0
1533864534445792,-2,-4,-4,-1,-11,-6,-1,-2
1533864534445792,0,5,-2,-2,2,1,-1,0
1533864534461750,0,-4,3,-9,-5,-1,-1,0
1533864534461750,-2,-4,-5,-7,-17,-7,-2,-2
1533864534463744,0,-1,-2,9,12,2,0,0
1533864534463744,-2,3,0,-3,-1,-3,-2,-1
1533864534475714,0,-8,3,6,2,2,0,1
1533864534475714,-1,3,1,-3,3,1,-3,-2
1533864534492666,1,10,7,-10,-1,0,-1,-2
1533864534492666,-4,-17,-14,-2,-3,-2,-1,-2
1533864534499647,3,8,5,1,0,1,0,-1
1533864534499647,-1,-5,-6,1,-1,0,1,1
1533864534505634,-3,-1,-6,5,4,0,-1,-2
1533864534505634,-1,1,10,-2,-13,-2,-3,-1
1533864534522589,1,12,2,1,5,2,0,-2
1533864534522589,-2,-9,-5,-1,-6,-1,-2,-2
1533864534524581,-1,-4,-1,-5,-6,-3,-4,-3
1533864534524581,-1,6,2,3,7,-2,0,1
1533864534535554,0,3,0,-5,-10,-2,-3,0
1533864534535554,-1,2,0,-2,-7,-2,0,-1
1533864534544530,-3,-5,-8,-18,-6,-1,1,-2
1533864534544530,1,-4,3,0,7,3,-4,-2
1533864534559502,-1,7,-2,0,-8,-5,-2,-1
1533864534559502,0,1,1,-9,-2,-3,0,-2
1533864534565598,0,3,-2,1,7,3,-1,1
1533864534565598,-3,-10,-10,0,-5,-1,0,-2
1533864534582426,-1,6,-1,-3,2,0,-1,-2
1533864534582426,1,-4,-1,1,5,-2,-4,-3
1533864534583423,-2,-4,0,2,-4,-3,0,-1
1533864534583423,-1,5,5,-3,0,-1,1,-1
1533864534604368,-1,-1,2,3,1,0,2,-1
1533864534604368,-2,0,-12,-1,-6,-2,0,0
1533864534606374,1,3,33,4,6,-1,0,0
1533864534606374,0,2,1,-1,-2,-1,-2,0
1533864534619331,-2,-6,-2,-3,-5,-1,-1,-1
1533864534619331,-1,1,1,3,0,1,3,0
1533864534625319,-1,-4,-14,-2,-5,-2,-5,0
1533864534625319,-1,1,2,4,18,8,2,-2
1533864534642265,-1,-1,2,-2,-9,-6,-2,0
1533864534642265,-1,3,-1,-3,-7,-5,-2,-2
1533864534643263,2,-5,-4,7,13,1,0,0
1533864534643263,-2,-4,1,-4,-27,-9,0,-2
1533864534664210,0,-4,-9,1,16,5,-1,-1
1533864534664210,-3,15,-5,-1,-12,-2,1,1
1533864534666202,-1,-8,-6,1,-4,-4,-4,-1
1533864534666202,-1,10,7,0,7,2,1,1
1533864534678173,-2,-12,-4,-2,1,-1,0,-2
1533864534678173,0,-6,1,0,1,1,-1,-1
1533864534687163,-1,3,-1,-2,-3,0,0,-2
1533864534687163,-2,-2,-2,0,3,-3,-6,-2
1533864534702109,-1,-1,0,-1,-9,-3,-5,-2
1533864534702109,2,-3,2,1,13,4,-1,0
1533864534704100,-3,1,-8,-2,-5,1,-3,-1
1533864534704100,-1,-1,4,5,5,0,0,-2
1533864534725044,-2,1,-5,-10,-25,-7,-2,-1
1533864534725044,-2,-10,-5,-10,-1,-6,-3,-2
1533864534726042,-4,-1,-3,-2,-14,-1,3,0
1533864534726042,0,-3,-2,0,0,3,0,-1
1533864534738013,-1,-1,0,3,10,4,-4,-3
1533864534738013,-1,3,5,5,9,0,-2,0
1533864534747993,-1,-3,-7,1,-3,-2,0,-1
1533864534747993,-2,-6,-4,-4,-5,-4,-1,-1
1533864534761950,1,-10,-5,-3,1,-1,1,0
1533864534761950,-2,-1,0,-1,-7,-5,-3,-1
1533864534763939,-2,-2,-2,-3,-2,-2,-3,-3
1533864534763939,1,-1,1,-1,-2,0,1,0
1533864534784887,0,3,0,1,2,0,-1,0
1533864534784887,-1,-7,0,0,-3,-2,-2,-1
1533864534785882,-1,-3,-3,0,-1,-2,-4,-1
1533864534785882,-2,-5,-6,-6,-1,-2,-2,-2
1533864534797853,-1,3,1,2,2,0,2,-1
1533864534797853,1,2,0,-3,9,3,-1,-3
1533864534807823,1,10,2,0,-10,-2,-2,-1
1533864534807823,-4,-11,-11,-6,-17,-1,0,0
1533864534821785,0,-9,1,2,9,3,-1,-1
1533864534821785,-3,-1,-1,-6,-5,-10,-2,-2
1533864534823782,-3,0,-5,-6,-11,-3,-3,-4
1533864534823782,2,4,1,-1,-4,-5,-3,-1
1533864534844727,-2,1,-1,0,8,3,0,-1
1533864534844727,-1,-1,1,7,9,3,-3,0
1533864534846718,-1,-1,-1,-5,4,1,-2,-1
1533864534846718,-2,0,-1,-7,-2,0,0,-3
1533864534858686,-1,3,0,-3,-20,-9,-2,-1
1533864534858686,-1,-7,-2,2,8,1,-1,-2
1533864534867663,1,-1,-1,3,7,2,5,0
1533864534867663,-1,1,3,2,1,1,-4,1
1533864534882622,0,-1,0,0,5,2,2,1
1533864534882622,-1,-3,-5,-2,-7,-2,0,-3
1533864534883621,-1,-4,-2,0,3,-1,-1,-2
1533864534883621,-2,-3,-4,-3,-10,-6,1,-2
1533864534904567,-1,5,2,-1,-3,-2,-2,-2
1533864534904567,-2,-2,-7,-1,1,-2,-1,-2
1533864534906559,0,-2,-1,-3,-6,1,0,-1
1533864534906559,0,0,3,5,29,5,2,2
1533864534918530,-1,-4,-2,-7,-21,-9,-3,0
1533864534918530,0,3,1,-2,-14,3,3,0
1533864534927512,-1,-5,-4,-5,8,-1,-3,-3
1533864534927512,1,2,0,2,-6,-2,-5,-2
1533864534942466,-1,0,1,-6,4,0,-1,-3
1533864534942466,-2,-3,0,1,0,-2,-2,-2
1533864534943469,0,-1,-1,2,4,0,4,3
1533864534943469,-3,-6,-4,-2,-1,0,-3,-1
1533864534964404,-3,0,-3,-2,12,3,0,-3
1533864534964404,-1,10,-4,-5,-9,-5,-3,0
1533864534966399,0,-3,3,9,-1,0,-1,0
1533864534966399,0,1,0,-5,-8,3,1,1
1533864534978385,-1,-2,1,3,6,2,0,0
1533864534978385,0,-5,-6,-14,21,-3,-1,-2
1533864534995321,-1,-4,0,5,3,-2,-1,-1
1533864534995321,1,3,0,3,7,-3,1,-1
1533864535002626,1,5,0,-12,-18,-9,-4,-1
1533864535002626,0,-7,1,2,-7,2,0,0
1533864535003572,1,11,-18,-3,1,-2,-1,-4
1533864535003572,3,-10,11,4,4,3,3,2
1533864535024539,-3,-5,-8,7,-1,-2,-3,-2
1533864535024539,-3,-3,4,2,-4,1,-1,1
1533864535026511,-2,-8,-8,-5,1,-1,-4,-1
1533864535026511,-3,21,0,-2,-12,-3,-4,0
1533864535038482,2,0,2,1,4,3,0,-2
1533864535038482,-1,-2,-5,0,-12,-2,1,0
1533864535047454,0,-9,6,1,1,1,-1,-3
1533864535047454,-5,-2,-10,-4,13,-4,-4,-4
1533864535062418,0,-1,-4,-5,-22,-7,-1,0
1533864535062418,0,2,3,2,7,6,0,-1
1533864535063424,-1,1,2,-5,-12,0,4,0
1533864535063424,-2,-2,3,-2,-10,-5,1,-2
1533864535084359,-3,-2,-4,-4,8,-2,-1,-2
1533864535084359,0,-3,-1,0,0,3,-2,0
1533864535086351,-1,-2,-20,2,-3,1,-2,-1
1533864535086351,-2,-1,-9,-6,-6,0,-2,-4
1533864535098322,-1,-21,-36,-2,16,-1,1,0
1533864535098322,0,3,17,0,-4,-5,-3,-3
1533864535107310,-3,-6,-1,3,26,5,-2,0
1533864535107310,-1,-6,0,-8,-37,-11,3,-1
1533864535122255,-1,2,1,2,5,5,0,-2
1533864535122255,-2,7,-12,-1,-6,-4,0,-1
1533864535124250,0,-4,5,-3,-7,-3,3,-1
1533864535124250,1,-1,-6,3,18,7,-3,-3
1533864535145193,2,7,15,2,-1,-4,3,2
1533864535145193,-2,0,-2,-5,-5,-3,-5,-3
1533864535146205,-4,5,-24,-4,-11,-9,-1,-3
1533864535146205,-1,-25,-50,2,11,5,-2,3
1533864535158158,-1,14,32,4,1,4,0,1
1533864535158158,-3,-14,44,8,4,0,-1,1
1533864535167135,-3,0,19,-6,-7,-6,0,-5
1533864535167135,-4,1,-2,0,1,-6,-10,-1
1533864535182101,-3,-6,-68,-4,-1,1,2,3
1533864535182101,-3,0,-7,-1,-6,-6,-14,-4
1533864535184089,3,3,18,-3,-8,-6,-4,-4
1533864535184089,-1,-1,20,3,16,1,13,-5
1533864535205037,1,2,1,-4,-28,-25,-23,-22
1533864535205037,-6,-2,-8,-1,20,36,30,15
1533864535206032,-1,1,-1,0,-4,20,4,10
1533864535206032,-6,-5,-89,-8,14,11,2,1
1533864535218996,2,5,97,14,-4,-1,3,3
1533864535218996,0,-2,-91,-9,-1,-18,-15,-15
1533864535226978,6,-4,127,23,-8,-10,-4,3
1533864535226978,-1,7,-6,-2,-14,-5,1,1
1533864535241954,-5,-8,-79,-9,9,0,-5,-6
1533864535241954,10,4,104,16,-18,-5,2,3
1533864535243930,-8,6,-3,-6,1,4,2,1
1533864535243930,-1,0,-48,-8,-5,-11,-8,-3
1533864535271858,3,15,117,18,9,-1,3,6
1533864535271858,-9,-23,-128,-13,2,-1,-2,-5
1533864535273851,-1,-3,-71,-14,-5,-5,-6,-6
1533864535273851,0,-1,73,8,-4,-7,-1,-1
1533864535278839,-6,-6,-106,-14,4,6,-2,-1
1533864535278839,5,2,91,10,2,2,5,6
1533864535286818,-5,-2,-21,-10,-4,-4,-5,-5
1533864535286818,0,11,6,-1,-4,-1,-3,-3
1533864535301775,-3,-7,-43,-6,-4,6,5,3
1533864535301775,2,1,83,-1,-12,-10,-4,0
1533864535308756,-2,-5,-22,-1,2,0,-2,-1
1533864535308756,3,1,38,4,10,2,-1,-1
1533864535324751,1,-2,14,-6,-12,1,2,1
1533864535324751,-1,4,-27,-1,3,-6,-1,-2
1533864535326707,1,2,12,2,-2,-4,-1,-2
1533864535326707,-1,-1,14,0,3,-1,0,-1
1533864535346699,0,-2,9,-2,0,2,1,0
1533864535346699,-1,1,-55,-9,1,0,-2,-2
1533864535347668,-5,-4,-49,-10,-2,-3,-2,-2
1533864535347668,1,-9,12,5,-7,1,0,0
1533864535360617,0,-6,8,7,10,3,-3,-2
1533864535360617,-2,2,-1,-7,-6,-6,-6,-6
1533864535369597,2,0,-6,1,4,0,1,6
1533864535369597,-1,2,2,-5,-11,5,2,-1
1533864535383559,-5,-12,-1,-6,-1,-5,0,-3
1533864535383559,1,-8,-7,2,6,6,2,2
1533864535384553,-1,-2,5,1,-2,-7,-7,-4
1533864535384553,-1,-1,5,0,-7,-3,-1,-1
1533864535406498,0,1,8,-2,11,-2,-5,-1
1533864535406498,-1,6,-11,-6,-19,-11,-4,-3
1533864535407502,2,0,11,3,1,2,2,2
1533864535407502,-1,-7,3,0,3,5,3,0
1533864535421455,-3,-9,-4,-2,-3,-4,-4,-3
1533864535421455,-2,-3,-1,-1,2,-3,-1,-7
1533864535429438,0,-1,-1,-2,2,-5,-4,-5
1533864535429438,1,6,-1,-5,-6,-1,-2,4
1533864535444397,-2,2,4,-1,-4,6,5,2
1533864535444397,-4,1,-49,-1,-1,0,-3,1
1533864535444397,1,-8,100,10,1,2,-1,0
1533864535444397,-2,8,-21,-15,-5,-10,-5,-7
1533864535466338,8,-17,20,16,4,5,5,7
1533864535466338,1,-2,28,9,1,3,3,4
1533864535467332,-2,6,4,-6,-2,0,1,-3
1533864535467332,-6,-14,-75,-12,-1,-3,-6,-6
1533864535481298,4,11,28,-11,-7,-5,-2,-2
1533864535481298,-5,-12,-36,2,1,3,3,3
1533864535489277,-1,4,43,9,2,2,3,3
1533864535489277,-4,-2,16,-4,-6,-5,-3,-3
1533864535504237,2,26,44,7,0,2,-2,1
1533864535504237,-5,-1,-61,-21,-3,-6,-10,-10
1533864535505231,-1,-10,-23,-1,-4,7,6,1
1533864535505231,-4,-10,14,2,-1,1,1,0
1533864535526192,0,3,17,-1,-2,-2,-2,-1
1533864535526192,-2,7,-7,-5,-3,-4,-2,-3
1533864535527171,0,5,-21,-3,2,-1,-3,-2
1533864535527171,4,7,4,0,2,-1,-3,-2
1533864535541134,-3,-9,-58,-5,1,-4,-1,-3
1533864535541134,1,12,21,-1,4,2,1,1
1533864535549113,-1,-3,-44,-7,-10,-3,-1,-3
1533864535549113,0,-3,-28,2,4,3,1,0
1533864535564076,-3,-8,-34,-2,-1,-2,-4,-2
1533864535564076,-5,10,-17,-4,3,-2,-2,-2
1533864535565071,-4,-20,-56,-4,-1,-1,-2,0
1533864535565071,-2,7,23,1,10,-6,-2,-2
1533864535586018,-1,-22,-18,5,-3,0,2,2
1533864535586018,-2,-4,-42,-4,3,-1,0,-1
1533864535587020,-3,3,18,1,-1,-1,-2,-2
1533864535587020,3,1,13,4,1,-1,1,0
1533864535601972,-5,13,-23,-8,-2,0,-1,-2
1533864535601972,3,-7,27,8,5,1,-2,0
1533864535601972,0,-5,-44,-14,-3,-6,-7,-4
1533864535601972,1,4,27,6,-6,3,-1,0
1533864535623919,-1,5,-57,-9,-4,-5,-3,-3
1533864535623919,1,-1,95,13,1,0,2,1
1533864535624911,-2,5,-30,-5,0,-3,-1,-2
1533864535624911,0,-13,46,0,-5,-2,-1,-2
1533864535646855,-2,-3,-1,-4,-9,-2,-2,1
1533864535646855,0,-6,-14,-2,12,3,2,2
1533864535646855,-1,3,-23,7,2,-2,0,0
1533864535646855,0,5,10,-3,-12,-4,0,0
1533864535660815,-3,-13,56,-4,-1,-2,-1,1
1533864535660815,-3,-15,-18,-9,-9,-1,-4,-2
1533864535668796,2,10,41,5,6,0,0,-2
1533864535668796,-2,1,-73,-5,-4,1,-1,-1
1533864535683756,0,1,14,3,-1,0,-2,0
1533864535683756,1,4,-2,-3,-1,0,-1,-1
1533864535684750,0,0,8,-2,-4,-2,-1,-2
1533864535684750,-4,-7,1,2,2,0,0,0
1533864535706692,2,18,-2,-5,-7,-6,-3,-4
1533864535706692,0,-10,-21,-1,-1,0,-3,-1
1533864535707699,-3,4,13,5,2,1,0,1
1533864535707699,-4,-10,22,4,8,2,-2,-2
1533864535720658,-4,5,-65,-2,0,1,0,-2
1533864535720658,0,6,69,-1,-11,-7,0,1
1533864535729631,0,-7,-2,-7,-4,-3,-3,-1
1533864535729631,0,3,-30,-2,-4,-1,-2,-2
1533864535743594,-4,-16,-8,5,3,-1,-1,0
1533864535743594,-1,6,-8,-2,-6,-5,-4,-3
1533864535744590,0,-6,-5,-4,11,0,-1,-1
1533864535744590,0,1,15,2,-3,-3,0,-3
1533864535766532,1,-2,6,-2,-6,-1,-3,-2
1533864535766532,-1,1,3,4,-7,-4,-2,-1
1533864535767529,-1,7,11,0,0,1,0,0
1533864535767529,-1,-23,-102,2,6,1,2,3
1533864535780568,-10,0,25,-1,7,1,-2,-2
1533864535780568,-3,5,76,1,-9,-1,1,-2
1533864535789642,-2,2,8,3,1,-2,-3,0
1533864535789642,1,3,-3,-11,-2,-3,0,-1
1533864535804431,3,4,7,3,2,-2,-1,-1
1533864535804431,2,-22,-15,2,2,1,0,1
1533864535805428,3,-3,-62,-10,-7,-1,-5,-4
1533864535805428,2,7,63,7,-4,1,0,0
1533864535827369,1,-2,8,1,-3,1,0,0
1533864535827369,-1,4,-21,-2,-1,1,-4,-1
1533864535827369,1,-1,-9,-2,1,-2,-1,-1
1533864535827369,-2,-1,-3,-5,-5,-5,-2,0
1533864535849314,-2,-2,2,3,2,3,1,-1
1533864535849314,-1,2,-40,0,7,2,-1,-4
1533864535850310,-3,-4,15,1,-16,-4,-1,0
1533864535850310,-1,3,21,2,11,-2,-2,1
1533864535864270,-1,0,-4,-5,-9,-1,2,0
1533864535864270,-2,-1,2,-2,-5,2,0,-1
1533864535865269,-3,-5,6,2,1,2,-2,-1
1533864535865269,-1,-1,4,-1,3,-3,-2,-2
1533864535886212,2,4,42,-4,-2,0,1,0
1533864535886212,0,0,-5,-1,2,0,-1,-1
1533864535887208,-5,-4,-6,-11,-7,-3,-2,-2
1533864535887208,-1,3,-3,7,5,2,-3,-1
1533864535901175,1,-1,-8,1,-2,-2,1,1
1533864535901175,-4,-3,-2,3,-3,-4,-4,-1
1533864535909150,-2,1,9,-1,1,0,1,-2
1533864535909150,-3,2,2,-5,-5,-2,-1,-3
1533864535924115,-3,-5,-6,-3,3,-1,-1,-2
1533864535924115,0,2,-2,-2,0,-2,1,-2
1533864535925109,0,-1,-8,1,0,-3,-1,-1
1533864535925109,-1,-2,-1,-3,-3,-3,0,-1
1533864535946055,-2,-2,-3,-2,1,-1,-2,0
1533864535946055,-3,-1,-11,-3,-5,-1,0,-1
1533864535954030,0,-4,3,4,0,3,0,1
1533864535954030,-1,0,3,-2,-4,0,0,-2
1533864535961015,-1,-2,-3,-1,8,-1,-3,-1
1533864535961015,-1,1,-3,-2,-3,1,-3,-1
1533864535968995,0,-4,-1,0,2,-3,0,-1
1533864535968995,-2,-3,-1,0,-13,-4,0,0
1533864535984015,-1,-2,-9,-1,-1,-2,0,-1
1533864535984015,-1,-2,-4,1,4,-2,0,-2
1533864535985012,-4,0,1,-5,1,-1,-3,-3
1533864535985012,0,-3,0,-7,-6,-1,0,-2
1533864536006955,-7,4,0,3,-2,-1,0,3
1533864536006955,6,1,-5,-4,-5,-4,-4,-6
1533864536006955,25,1,9,10,7,5,1,2
1533864536006955,-33,-3,-5,-4,0,-2,-5,-5
1533864536020950,8,-5,-5,7,-3,-4,-1,-1
1533864536020950,20,15,3,-12,5,1,1,3
1533864536029092,-41,-9,-5,-6,-1,-5,0,-6
1533864536029092,5,-11,-3,9,6,0,-2,-2
1533864536043858,4,1,1,-6,-11,3,-2,-1
1533864536043858,-23,-10,-7,-14,-9,-5,-1,-2
1533864536044862,19,6,-3,-16,4,-3,-3,0
1533864536044862,2,4,1,-12,12,3,2,2
1533864536066798,-14,-2,-5,-4,-22,-4,-4,-4
1533864536066798,1,-15,-1,19,2,-2,-3,1
1533864536067792,-12,5,5,22,5,4,2,1
1533864536067792,10,2,-1,-2,-3,-3,-1,1
1533864536080760,11,3,-7,-9,6,-4,-4,-5
1533864536080760,-6,1,0,22,14,5,2,0
1533864536089732,2,-1,2,-9,-11,-1,1,0
1533864536089732,4,0,1,-16,-16,0,1,1
1533864536104696,-4,-2,1,18,10,-1,-1,0
1533864536104696,1,1,2,-29,-7,0,1,1
1533864536105689,-8,-8,-11,-47,-27,-8,-6,-5
1533864536105689,-3,2,-2,23,-4,-4,-3,0
1533864536126637,4,-3,-1,-26,-13,-1,6,10
1533864536126637,0,1,5,33,17,3,-6,-13
1533864536127630,-1,-4,-4,-19,10,4,3,3
1533864536127630,24,12,4,6,-9,-4,-5,-6
1533864536140596,-12,-11,-3,19,14,-2,-1,-6
1533864536140596,0,-1,0,-30,-25,-2,1,0
1533864536148578,-2,3,-2,15,2,-3,-2,-1
1533864536148578,6,-6,4,7,-7,1,0,2
1533864536164551,-22,8,-1,9,10,2,-4,-4
1533864536164551,4,-1,6,12,12,6,3,3
1533864536164551,-4,-16,-6,-15,-9,-2,-1,-3
1533864536164551,-18,-16,-16,7,-6,-4,-3,-3
1533864536186473,16,8,6,16,8,1,-2,-2
1533864536186473,-9,-2,-3,-20,-17,-7,-1,1
1533864536187475,-1,-1,-38,32,5,-5,-7,-3
1533864536187475,6,4,18,-8,11,2,0,2
1533864536200439,2,-12,-29,-5,8,9,3,4
1533864536200439,-2,6,8,24,28,8,4,2
1533864536209412,1,0,4,-3,-29,-4,-1,2
1533864536209412,-5,-2,-3,-62,-1,-5,-2,-3
1533864536224373,-2,0,-8,-19,-5,-1,-3,-7
1533864536224373,-6,-5,-16,-17,-2,-7,-5,-1
1533864536225370,8,6,7,39,2,0,0,1
1533864536225370,-3,0,3,-2,-5,2,0,-2
1533864536246333,-6,-5,1,15,2,-6,-3,-4
1533864536246333,3,-3,-1,7,13,2,2,0
1533864536247311,-5,1,2,-28,-9,0,-4,-4
1533864536247311,-3,2,1,23,4,-3,-4,-3
1533864536261273,5,1,3,-7,2,-3,0,0
1533864536261273,-1,3,10,-1,-6,1,1,1
1533864536269255,0,2,2,-2,3,3,0,-1
1533864536269255,-5,-1,-5,1,-2,3,3,1
1533864536284215,-1,-3,9,2,-4,-4,-2,-1
1533864536284215,-6,-7,-19,-8,-9,-9,-6,-3
1533864536285209,-1,-3,6,4,11,-1,-1,1
1533864536285209,0,1,-17,9,13,4,0,-1
1533864536306156,-2,-2,66,-7,-30,-4,0,2
1533864536306156,-2,-3,-4,-4,-8,-2,-2,-2
1533864536307150,2,-3,2,18,21,1,0,-4
1533864536307150,-3,-1,-6,0,-12,-3,1,0
1533864536321116,1,1,-30,-36,-10,-4,-5,0
1533864536321116,-1,0,16,-5,-7,-4,-1,1
1533864536329095,3,0,8,3,13,1,-1,-1
1533864536329095,0,-3,-8,-8,-2,-2,-2,-3
1533864536344055,-2,-1,-8,34,3,1,2,-1
1533864536344055,-1,-2,-6,-28,-16,-1,-2,-3
1533864536345049,-2,-1,-2,0,1,-5,-4,-2
1533864536345049,-1,-1,4,11,4,0,-1,-3
1533864536366994,0,1,-5,6,5,2,1,-2
1533864536366994,2,3,2,19,3,2,-3,1
1533864536366994,-3,-1,-4,6,-8,-4,3,-1
1533864536366994,-3,-1,-10,-6,-1,0,2,0
1533864536381950,0,2,6,-1,2,-2,-3,-1
1533864536381950,-5,-7,-10,1,-5,-9,-4,-2
1533864536396914,1,0,3,-16,-8,-3,-4,-1
1533864536396914,0,1,2,6,4,7,4,2
1533864536404056,-1,0,-7,-9,-2,1,0,1
1533864536404056,0,-1,-1,5,-1,1,-1,-1
1533864536404890,-1,0,-7,0,-6,-1,-1,0
1533864536404890,-1,-9,5,-3,4,-4,-5,-3
1533864536426833,-2,-5,-6,-4,-3,-2,-1,-1
1533864536426833,3,0,0,-2,-2,-3,-3,-2
1533864536427828,-1,1,3,2,-1,-5,-3,-3
1533864536427828,-3,1,1,3,-1,-2,-1,-2
1533864536449772,1,1,1,-6,1,-1,0,0
1533864536449772,-3,-8,-46,-2,0,1,-2,-3
1533864536450766,-4,4,20,1,0,3,5,1
1533864536450766,-2,-1,-30,-6,-4,-3,-9,-2
1533864536463735,-1,-5,3,0,-3,-4,3,-7
1533864536463735,4,3,5,0,0,2,6,5
1533864536464729,1,-2,-5,0,-2,-1,-4,-2
1533864536464729,-4,1,0,1,-1,5,1,1
1533864536486670,1,2,-3,0,-1,3,-5,0
1533864536486670,-3,3,44,7,13,-1,-1,-5
1533864536487668,-2,-3,-6,-10,-12,-5,0,0
1533864536487668,-1,-1,13,0,-6,-7,-2,-2
1533864536509610,-1,0,-11,3,-4,1,0,2
1533864536509610,-2,-2,-1,-11,-13,-1,-2,-2
1533864536510610,-1,-2,-4,0,3,-8,-3,-3
1533864536510610,-1,-2,6,-2,6,6,2,-5
1533864536523571,1,7,-2,-7,3,7,2,1
1533864536523571,-4,-6,-29,6,6,1,2,1
1533864536524569,-3,-3,3,-2,-1,1,-1,0
1533864536524569,1,-3,-5,-5,-9,-12,-5,-1
1533864536546514,-1,-2,3,1,4,-3,-4,-4
1533864536546514,2,-2,1,0,-4,-2,-5,-3
1533864536547508,0,-2,-9,0,4,1,-3,-2
1533864536547508,0,1,6,3,2,2,1,1
1533864536569452,-1,-2,-5,-6,-2,-1,0,-1
1533864536569452,-3,0,3,-7,-18,-9,-2,-3
1533864536570446,1,-1,2,2,12,3,1,-1
1533864536570446,0,1,4,8,5,4,0,-2
1533864536584418,-2,-5,-6,-8,-4,-5,-2,0
1533864536584418,1,0,-39,-3,3,2,0,-1
1533864536584418,-4,-4,12,2,-8,1,3,-1
1533864536584418,0,0,2,2,0,-3,-2,0
1533864536606577,-1,-4,2,-1,0,-6,-2,-3
1533864536606577,-2,-2,0,-1,-9,-4,-1,-2
1533864536607575,2,1,-12,-1,1,1,1,0
1533864536607575,1,1,34,-5,-6,-4,-2,0
1533864536629519,-3,-3,-9,-9,-16,-8,-3,0
1533864536629519,-1,-3,6,-1,8,2,0,0
1533864536630513,0,-1,0,3,3,-2,0,-2
1533864536630513,-2,4,-5,-6,-2,-3,-3,-2
1533864536644479,-1,0,3,-1,5,2,3,0
1533864536644479,1,3,16,10,2,3,0,1
1533864536644479,-5,-3,-4,-1,4,2,-3,-2
1533864536644479,-1,-7,-18,2,-3,-8,-3,-1
1533864536666417,0,-2,2,2,-10,0,-2,0
1533864536666417,-3,-1,0,-5,-10,-4,-5,-3
1533864536667415,-1,2,-4,8,-5,2,2,-2
1533864536667415,1,-1,-1,1,8,3,2,1
1533864536689359,-4,-4,-2,2,2,-4,-2,-3
1533864536689359,-2,-3,6,-3,1,0,-1,-4
1533864536690354,1,1,2,-3,2,0,-5,1
1533864536690354,0,-1,-1,11,-3,-2,1,0
1533864536704332,-1,-2,6,11,2,-1,1,-1
1533864536704332,-1,0,-4,13,-4,2,3,0
1533864536704332,-1,-1,0,10,-2,-3,-3,-2
1533864536704332,-1,-4,-7,-9,1,1,-3,0
1533864536726263,-2,-1,-9,7,4,-3,-3,-3
1533864536726263,-1,-2,4,-8,-1,-3,-3,-2
1533864536727255,-1,-3,2,-13,-6,1,1,1
1533864536727255,0,-4,-1,-11,-18,-4,-2,-3
1533864536750286,-1,-2,-3,-14,3,-3,-4,-2
1533864536750286,0,0,1,2,5,3,2,3
1533864536750286,-1,-1,0,-13,3,-2,-2,0
1533864536750286,-3,0,-5,-6,-10,0,-2,-1
1533864536764159,-2,1,2,-3,0,5,-1,1
1533864536764159,-1,5,-40,-3,3,0,-2,-4
1533864536765152,2,2,65,1,-6,-4,1,0
1533864536765152,-4,0,4,2,17,2,3,-2
1533864536787094,3,1,1,-3,-5,-2,-4,0
1533864536787094,0,1,0,-3,-1,1,1,1
1533864536787094,-1,-3,-27,-8,-3,-1,-2,-3
1533864536787094,-1,-1,-1,-2,1,-2,-2,-3
1533864536810033,-1,2,11,0,13,0,1,-2
1533864536810033,-2,-2,9,-9,-17,-9,-5,-1
1533864536810033,0,1,-11,1,1,3,4,3
1533864536810033,-2,-3,-2,-10,-12,-5,-2,-1
1533864536832103,-5,-6,-21,-3,-2,-2,-2,-3
1533864536832103,0,-3,10,7,6,2,0,-2
1533864536832987,-2,-2,-13,-10,-6,-3,0,-2
1533864536832987,1,2,-4,2,8,-2,-4,-1
1533864536846934,3,0,5,2,14,1,-1,0
1533864536846934,-3,-3,7,3,-9,-4,-3,-3
1533864536846934,-1,-3,-5,-2,0,2,4,0
1533864536846934,0,0,-1,4,5,3,1,0
1533864536869906,2,0,-4,-5,-12,-5,-3,-3
1533864536869906,1,0,9,3,11,-1,-5,-1
1533864536870905,-1,-2,-17,-1,-4,-3,-4,-3
1533864536870905,2,5,43,2,-11,4,8,6
1533864536883835,-1,-1,2,2,-3,5,4,1
1533864536883835,-2,-2,-1,2,1,-2,0,1
1533864536884833,-2,0,-3,3,5,-4,-4,0
1533864536884833,-2,-3,-17,-3,-3,-7,-6,-2
1533864536906774,0,0,3,3,-7,-6,-1,1
1533864536906774,2,-1,4,-16,-2,3,-1,-2
1533864536907771,-4,-1,-6,-5,2,0,-5,-4
1533864536907771,-1,1,0,6,2,1,3,-1
1533864536929716,0,-3,-5,-2,5,2,-4,0
1533864536929716,-4,-5,-10,-4,-3,-3,-1,-1
1533864536930710,0,0,-1,2,-17,-9,0,0
1533864536930710,-1,-2,-11,-14,-9,-4,-2,-1
1533864536944672,-1,1,4,10,-1,0,4,-1
1533864536944672,-2,7,-8,-9,2,-5,-7,-5
1533864536944672,3,-3,40,6,5,4,3,3
1533864536944672,-4,-2,-5,-2,-10,-1,-1,-1
1533864536966617,0,-2,-3,-7,-1,-2,-2,-3
1533864536966617,1,1,6,4,1,0,1,-2
1533864536967611,-2,1,-14,1,12,0,-3,-3
1533864536967611,0,-1,-8,1,-5,-2,1,0
1533864536989556,-1,0,5,-7,-7,-1,1,0
1533864536989556,-3,-10,-97,-4,-10,-6,-2,-4
1533864536990550,-2,7,-13,3,-3,-1,-4,-3
1533864536990550,-5,-14,28,4,5,2,1,0
1533864537003518,-2,0,1,-4,1,-2,-3,-2
1533864537003518,0,0,12,4,7,4,3,0
1533864537004512,-1,0,-26,0,-8,-3,0,-4
1533864537004512,-1,3,-13,4,2,-2,-6,-3
1533864537026454,-1,-3,-6,1,3,-6,-4,-5
1533864537026454,-1,-3,9,-4,-4,-2,2,2
1533864537027452,2,-2,7,-4,-1,4,-1,2
1533864537027452,-4,-2,-4,0,4,-4,-4,-2
1533864537049449,-3,-4,0,-4,-24,-7,-2,1
1533864537049449,3,-2,15,2,3,-1,-2,1
1533864537056404,-4,-4,-22,-4,-4,-2,-5,-3
1533864537056404,2,1,18,-3,22,5,1,1
1533864537063358,-2,2,4,-5,-22,-3,1,-1
1533864537063358,-2,-1,-41,0,3,-1,-1,-3
1533864537071334,1,-11,-2,3,-4,-1,0,0
1533864537071334,1,-10,35,8,6,2,0,1
1533864537086311,-3,-3,-13,0,7,0,1,-2
1533864537086311,-3,-2,27,1,4,1,2,1
1533864537087291,1,1,-9,-3,-5,-1,-1,-1
1533864537087291,1,-1,-76,-3,0,-2,-5,-2
1533864537109236,-2,-1,19,3,0,1,-2,-2
1533864537109236,-2,-3,16,-2,7,-3,-7,1
1533864537110230,0,1,15,-6,-8,-5,0,-3
1533864537110230,-2,0,-43,-2,-9,-5,-3,-4
1533864537123201,3,3,30,6,17,8,1,1
1533864537123201,-1,-3,-36,-11,-11,-10,-5,-3
1533864537131177,-6,-9,-14,-5,-24,-3,1,1
1533864537131177,1,7,52,-1,-7,1,1,0
1533864537147131,-1,6,-16,-13,-1,1,-1,-5
1533864537147131,0,-1,25,6,10,4,2,-1
1533864537147131,-2,-1,12,1,-5,-4,-1,-2
1533864537147131,-1,-4,-68,-5,-3,-5,-2,-3
1533864537170073,1,7,71,3,9,4,2,2
1533864537170073,0,11,23,-5,-5,-4,-1,-2
1533864537170073,-1,-18,14,4,14,0,1,3
1533864537170073,-4,-2,-5,1,18,7,-2,-1
1533864537183035,-1,-10,-62,-9,-25,-8,-3,-1
1533864537183035,-2,-4,-13,-11,-36,-7,1,1
1533864537198992,-1,6,15,2,4,4,-2,-3
1533864537198992,3,10,29,-2,0,-3,1,-1
1533864537214950,-4,-21,-26,5,19,2,-3,-2
1533864537214950,-1,0,20,5,-3,2,3,0
1533864537214950,0,6,-5,-1,-1,1,0,0
1533864537214950,-2,2,10,-2,-4,-2,0,0
1533864537230123,-4,-3,-116,-20,-3,-5,-7,-7
1533864537230123,2,11,118,15,5,1,0,-1
1533864537230908,-3,-1,-5,-3,9,0,-2,-5
1533864537230908,-2,-4,-5,-3,-9,-5,1,2
1533864537243876,2,0,1,5,5,0,0,5
1533864537243876,-1,0,-47,-6,9,7,1,1
1533864537251854,-2,-5,-20,1,-2,-1,0,-3
1533864537251854,-1,9,-57,-9,-11,-3,-2,-6
1533864537266826,1,-12,69,10,0,-3,-1,1
1533864537266826,-1,-15,-12,13,21,3,-1,0
1533864537266826,-2,0,17,-6,-9,-5,1,-1
1533864537266826,-3,-4,2,1,-15,1,0,-1
1533864537289766,0,-7,-92,-17,-2,2,-3,-4
1533864537289766,1,0,64,5,6,-2,0,1
1533864537290750,-5,0,9,0,-10,-1,1,-1
1533864537290750,-1,-9,-4,-2,1,-2,-2,-1
1533864537303716,1,6,24,6,1,-3,1,-1
1533864537303716,-2,-2,-18,-5,-6,-1,-2,-2
1533864537311844,3,10,-18,-3,8,-1,-2,0
1533864537311844,-2,11,-47,-25,-5,-5,-7,-5
1533864537326804,-1,12,94,15,-3,0,3,3
1533864537326804,-4,-17,-76,-16,-10,-4,-4,-6
1533864537326804,1,5,47,12,3,0,-1,1
1533864537326804,-5,-2,-33,1,4,0,-5,-1
1533864537349909,0,4,9,-2,-4,-3,-1,0
1533864537349909,-1,7,-95,-15,-6,-4,-2,-3
1533864537350739,-3,-19,-29,-9,-4,-1,-3,-2
1533864537350739,2,-2,57,13,4,1,4,0
1533864537363701,-2,-2,-11,0,8,1,2,-2
1533864537363701,0,1,2,3,-7,5,-3,5
1533864537371683,-2,1,-25,-6,2,-7,0,-3
1533864537371683,-2,-4,24,2,-8,-3,-1,-3
1533864537386644,0,-1,7,-1,-3,-3,-5,1
1533864537386644,-1,0,3,-1,-1,-2,3,0
1533864537387637,0,4,9,1,11,5,-5,2
1533864537387637,0,-7,21,3,-10,-4,1,-1
1533864537409583,-2,3,-24,-1,1,-5,-2,-6
1533864537409583,2,-2,24,1,3,-3,1,2
1533864537410577,-2,1,-8,0,-6,-2,-1,-1
1533864537410577,-3,-2,1,2,-2,-1,3,-4
1533864537432517,-1,-2,-7,-4,4,-1,-9,1
1533864537432517,1,0,20,2,-12,-5,-2,2
1533864537432517,1,2,1,2,3,4,0,2
1533864537432517,0,0,-1,-1,-1,0,-3,1
1533864537446480,0,0,8,0,-4,1,3,0
1533864537446480,-2,-1,13,-1,5,-2,1,-3
1533864537447478,0,0,-15,-3,-1,-4,-1,-3
1533864537447478,0,-2,8,1,4,1,-2,0
1533864537469419,-2,-4,-6,-3,0,3,0,-1
1533864537469419,-3,0,1,-2,3,1,0,-3
1533864537470416,-1,3,0,-3,-3,-1,1,-1
1533864537470416,-3,-3,-63,-10,11,-1,-4,-2
1533864537492361,0,-7,19,-1,-21,0,4,1
1533864537492361,2,-1,75,14,2,2,2,2
1533864537493355,-2,4,-8,-4,4,-1,-3,-4
1533864537493355,-2,9,7,-9,-7,-6,-6,-2
1533864537506320,-2,-20,-29,2,4,-6,0,1
1533864537506320,-5,-20,-79,-14,-4,7,-2,-4
1533864537507318,0,-13,40,5,-2,2,1,1
1533864537507318,-3,-2,-73,-16,1,0,-4,-5
1533864537530256,5,-2,-59,-1,3,0,-1,-3
1533864537530256,2,9,89,14,3,0,1,3
1533864537530256,-4,-2,-26,-3,-1,-3,-3,-3
1533864537530256,2,-9,38,5,1,1,4,3
1533864537552201,-6,15,-13,-7,-5,-4,-3,-3
1533864537552201,0,-13,-19,1,1,-3,-3,0
1533864537553205,1,3,-45,-3,1,2,-3,-1
1533864537553205,1,3,57,13,-1,1,3,4
1533864537567160,-2,2,-3,-3,8,-1,-3,-3
1533864537567160,-2,6,-8,-6,-17,-2,-2,-1
1533864537567160,2,5,15,-1,-2,0,-3,-2
1533864537567160,-2,-8,-9,1,2,-1,-1,0
1533864537590096,-1,2,16,-2,-3,1,0,0
1533864537590096,-3,5,-22,-4,1,-6,-1,-4
1533864537590096,0,-6,-2,0,12,-1,-2,-1
1533864537590096,-3,-1,-63,-8,-25,-7,0,-1
1533864537612041,0,5,68,6,0,1,0,0
1533864537612041,-2,7,-16,-2,1,-3,-3,-3
1533864537613035,4,-3,87,12,1,-1,0,2
1533864537613035,0,13,29,3,8,0,-2,-1
1533864537626001,-5,-14,-34,-10,-12,3,0,-1
1533864537626001,-1,-1,14,7,6,1,3,2
1533864537627002,-1,12,-38,1,0,-2,2,-2
1533864537627002,-4,-22,-11,1,-3,-1,-2,-1
1533864537650188,-1,5,-46,-8,-5,-5,-3,-4
1533864537650188,-4,-5,-38,-6,-2,0,-2,-1
1533864537650188,-3,-6,-19,0,2,-1,0,2
1533864537650188,0,3,38,4,-5,3,0,0
1533864537672106,-3,-4,-43,-9,-2,-2,-1,-2
1533864537672106,4,9,-21,-2,3,-4,-3,-5
1533864537673104,-2,-13,-12,-1,-4,-1,1,0
1533864537673104,1,8,-69,-9,0,-3,-5,-4
1533864537687073,-2,-6,12,3,10,0,-1,0
1533864537687073,-5,2,-17,-15,-11,-4,-5,-3
1533864537687073,-3,-3,25,0,-19,-2,1,0
1533864537687073,1,2,16,2,-2,-2,-2,0
1533864537710008,0,5,29,10,14,6,1,-1
1533864537710008,2,1,-41,-2,-10,0,2,-4
1533864537710008,3,7,78,2,-4,-5,-1,-2
1533864537710008,-8,-11,-69,-7,-1,0,-1,-3
1533864537731950,4,6,94,15,2,1,2,4
1533864537731950,-3,-11,-6,-2,2,0,-3,-1
1533864537732944,-3,-8,-48,-2,3,0,-2,0
1533864537732944,1,-2,7,-1,-2,0,1,0
1533864537746915,2,8,30,0,3,0,-1,-1
1533864537746915,-1,13,-10,-8,-11,-4,-4,-4
1533864537746915,3,-5,31,-2,1,0,0,2
1533864537746915,1,4,121,21,8,1,2,3
1533864537769863,-9,-18,-112,-13,-7,-1,-1,-3
1533864537769863,1,14,67,12,-2,-3,-2,-1
1533864537770845,-3,-15,-47,-8,-5,1,1,-2
1533864537770845,2,-7,-46,0,6,2,-1,-1
1533864537791790,0,-15,25,3,-6,-3,1,3
1533864537791790,-4,-8,-5,0,3,3,2,1
1533864537792791,-3,8,1,-1,-2,-5,-5,-3
1533864537792791,-1,4,-13,-5,4,1,0,-1
1533864537806746,0,1,-13,-3,-6,-5,-3,-1
1533864537806746,2,-1,18,8,1,0,-1,1
1533864537807773,-3,-3,-20,-4,0,1,-1,-1
1533864537807773,1,2,39,1,-3,-2,-2,-2
1533864537829688,-2,11,-19,-9,-6,-1,-4,-4
1533864537829688,1,-14,36,7,7,-1,2,1
1533864537830682,0,-7,-47,-12,-1,-2,-4,-2
1533864537830682,-3,-4,74,9,0,2,4,2
1533864537859608,-2,-3,5,3,2,0,-1,1
1533864537859608,-1,0,-11,-2,3,1,-2,0
1533864537860606,0,2,-33,-9,-16,-5,-3,-1
1533864537860606,-3,-1,-30,-3,-11,-9,-5,-2
1533864537866586,1,-4,8,3,-2,-2,-1,-2
1533864537866586,-4,-9,-21,-8,-6,-1,-1,1
1533864537867583,-1,11,-26,1,6,-1,-2,-2
1533864537867583,0,-12,33,5,7,-2,0,0
1533864537889524,0,10,-14,-3,-2,0,-2,-2
1533864537889524,2,8,-5,-1,4,5,5,0
1533864537890521,-1,-15,-42,-5,-3,0,-3,-1
1533864537890521,0,12,9,7,-1,3,0,1
1533864537912463,-4,-9,-45,-7,-3,-3,-2,-2
1533864537912463,1,-3,34,-3,2,1,-1,-1
1533864537912463,-2,8,7,-3,-1,1,-1,-3
1533864537912463,1,-13,-10,1,-1,-2,0,0
1533864537926443,-1,-2,3,-3,1,-3,-1,0
1533864537926443,0,6,-5,-5,-2,-6,-4,-2
1533864537927440,3,13,7,6,0,-1,-1,-2
1533864537927440,-1,-2,-15,-5,1,-2,-4,-3
1533864537949577,-3,-5,-23,0,4,0,2,0
1533864537949577,-5,3,43,5,-16,-3,-1,-1
1533864537950392,-2,6,37,4,-2,0,0,0
1533864537950392,-1,-1,-27,-6,2,1,0,1
1533864537972323,-1,-3,-17,-7,-7,-3,-2,1
1533864537972323,0,2,-35,-3,6,-1,-2,-3
1533864537973327,-2,-6,-15,1,2,-2,-1,0
1533864537973327,-2,1,9,-2,-2,0,-1,-1
1533864537986302,1,9,19,-1,-6,0,-2,0
1533864537986302,-2,-7,-15,-1,0,-6,0,-1
1533864537994326,-1,-5,28,0,6,-2,0,0
1533864537994326,-1,-2,-20,-6,-4,-1,-2,-2
1533864538009221,1,7,23,3,3,-2,0,-2
1533864538009221,2,-2,-16,-2,-5,-1,-2,1
1533864538010237,-3,-8,-8,6,5,1,0,1
1533864538010237,0,-8,22,2,-10,-3,-1,0
1533864538032159,-3,-2,6,0,3,2,0,0
1533864538032159,-5,4,-9,-2,-4,0,-2,-1
1533864538033157,1,-6,-9,-2,-1,3,2,0
1533864538033157,-4,-12,-58,-5,-1,-3,-2,-1
1533864538046123,-4,5,34,-5,-3,-5,-3,-2
1533864538046123,-2,-15,-97,2,5,-1,0,-3
1533864538054104,-2,15,-12,-6,-4,-3,-4,-3
1533864538054104,-2,3,-5,-4,2,2,2,-2
1533864538068258,1,-7,-13,-1,-4,-3,-1,1
1533864538068258,-2,-8,-9,-9,-2,-4,-3,-5
1533864538083024,2,10,59,-3,-7,-1,-3,0
1533864538083024,1,5,7,-3,0,3,-1,-1
1533864538091002,-1,1,6,5,2,0,-1,0
1533864538091002,0,0,12,-3,-9,-2,-2,1
1533864538099978,-1,-6,-11,7,3,1,1,0
1533864538099978,-1,6,11,-1,0,-2,-3,-4
1533864538105966,-2,0,30,1,-4,-1,0,-2
1533864538105966,0,-3,-1,6,13,3,-2,0
1533864538114965,-3,-2,-9,-9,-10,-9,-3,-3
1533864538114965,-2,1,12,1,-3,0,3,2
1533864538127907,-3,-2,-35,-5,-10,-3,-1,-2
1533864538127907,0,-3,15,-1,1,1,-1,-2
1533864538136883,0,0,1,8,10,3,2,-1
1533864538136883,-3,-1,-3,-7,-3,-4,-3,-4
1533864538151840,2,0,2,2,-2,-1,1,0
1533864538151840,0,9,8,-2,-2,-2,0,0
1533864538153834,-1,-1,14,7,4,2,0,-1
1533864538153834,-4,-15,-7,-1,0,-4,-2,-2
1533864538165802,0,0,5,0,1,4,1,0
1533864538165802,-3,-3,8,-1,-1,-3,-3,-3
1533864538174779,-2,3,-22,-4,-2,2,-1,-1
1533864538174779,1,3,-5,0,2,-2,-1,0
1533864538188746,-1,-2,3,1,-6,-4,-1,-3
1533864538188746,0,-1,6,3,2,0,3,-2
1533864538197718,-2,-6,-8,-2,-3,-2,-2,-1
1533864538197718,0,4,-5,2,1,-1,-1,0
1533864538212688,-1,3,52,-3,0,0,-1,-2
1533864538212688,-1,0,1,-1,-2,-2,-3,0
1533864538213674,1,-4,-2,-5,-4,-2,-3,-1
1533864538213674,-2,2,2,5,-1,-3,-3,0
1533864538225646,-3,-1,-22,-2,1,-1,-1,-2
1533864538225646,-2,-2,8,-4,-4,-1,-1,2
1533864538234620,-1,-3,5,-6,-4,-1,0,-1
1533864538234620,0,4,3,-3,-10,-5,-1,-1
1533864538248582,-2,1,-11,-3,-2,0,0,-2
1533864538248582,-1,-2,8,4,2,1,1,-2
1533864538255563,-1,-3,-7,7,5,0,-1,0
1533864538255563,0,0,-1,-3,1,0,-4,-3
1533864538272689,0,-2,-9,-4,1,-5,-3,0
1533864538272689,-1,-3,0,-6,-6,-2,-2,-1
1533864538273529,-1,0,-3,5,0,1,-2,-1
1533864538273529,1,-2,0,-2,0,0,0,-3
1533864538286479,0,-2,1,0,6,-1,-3,0
1533864538286479,-3,-3,-5,-6,-6,-4,-1,-2
1533864538294459,0,-1,0,0,2,1,0,1
1533864538294459,-2,2,4,12,5,3,1,-2
1533864538317397,-1,-2,-12,-15,-10,-3,-3,-2
1533864538317397,0,3,11,10,7,1,-1,0
1533864538318394,-3,-4,-45,-10,-1,-2,0,-1
1533864538318394,-1,11,-5,-9,-9,-4,-3,-2
1533864538332360,-3,-12,5,14,-2,-5,-3,-1
1533864538332360,-3,-3,-6,3,-4,-2,1,0
1533864538333355,-1,-1,6,-2,-4,-2,0,-2
1533864538333355,0,2,-3,6,13,5,1,1
1533864538354302,-1,3,-6,-2,-10,-5,-1,0
1533864538354302,-1,-2,0,-6,-5,-3,0,-2
1533864538356303,0,-2,10,-5,0,-3,-1,-1
1533864538356303,-3,-7,-7,-14,-4,-1,-2,1
1533864538369263,0,2,14,10,6,5,0,0
1533864538369263,-2,-3,-4,-5,2,0,-3,-2
1533864538376243,-2,1,1,-9,-8,-2,0,-3
1533864538376243,-2,-4,6,2,0,-5,-5,-1
1533864538392235,3,9,-10,-1,0,3,7,8
1533864538392235,-2,-2,-1,8,0,-1,-6,-14
1533864538394192,-1,1,6,-3,0,-3,0,-2
1533864538394192,-2,-2,-5,1,-5,-2,-3,-1
1533864538415136,0,6,25,2,-4,-2,0,-2
1533864538415136,2,1,6,-33,-2,4,2,2
1533864538416149,-6,-10,0,21,-3,-4,-4,-1
1533864538416149,-5,-5,4,-11,-2,-2,-3,-1
1533864538429289,5,0,-19,2,3,-1,1,0
1533864538429289,-3,-1,-12,-21,-16,-5,-3,-1
1533864538436086,-6,1,1,-4,2,-1,0,-2
1533864538436086,-2,0,-1,-6,-1,3,4,4
1533864538452079,-5,-5,-3,4,0,-1,3,1
1533864538452079,4,4,-2,16,2,-4,-9,-10
1533864538454070,1,-4,-8,-38,-12,2,3,5
1533864538454070,3,7,14,17,4,2,0,1
1533864538475017,-6,-7,-1,2,-1,0,0,-1
1533864538475017,3,-2,11,27,13,3,2,4
1533864538476011,0,0,1,13,1,-6,-2,0
1533864538476011,0,-2,-15,-2,4,-3,-4,5
1533864538489009,-3,-14,-18,-23,-17,0,-4,-14
1533864538489009,-3,7,48,-40,-21,-4,-1,4
1533864538496960,1,1,27,12,28,4,-2,-2
1533864538496960,2,-6,-12,-18,-8,0,4,4
1533864538511919,-6,2,-15,8,-13,-6,-6,-3
1533864538511919,1,-8,-25,54,41,2,-1,2
1533864538513910,0,0,4,-14,3,-2,-1,-1
1533864538513910,-8,-2,7,0,-39,-9,-2,-5
1533864538534857,-2,-1,1,7,6,-1,-1,0
1533864538534857,-2,2,-2,-1,-13,2,3,1
1533864538536852,-1,-2,-17,-4,2,-4,0,-1
1533864538536852,2,1,-1,13,23,5,0,-2
1533864538547853,-1,1,-2,-32,-8,-2,-4,-4
1533864538547853,-2,-3,-8,8,-2,0,-1,3
1533864538557793,2,1,-3,-3,-5,2,-1,-1
1533864538557793,-1,-2,-2,14,-1,-2,-1,-4
1533864538572846,3,-1,10,-29,-8,-1,1,1
1533864538572846,1,1,2,10,33,5,2,2
1533864538573751,-6,-3,-11,-21,-55,-12,-7,-2
1533864538573751,0,1,5,8,7,2,1,-4
1533864538594697,0,0,-1,-8,13,3,-1,0
1533864538594697,-13,-9,-22,-8,-52,-12,-5,-4
1533864538600681,0,-2,-1,4,8,2,0,-2
1533864538600681,0,-3,1,-9,3,-2,0,-3
1533864538608660,4,-1,2,4,5,1,3,1
1533864538608660,5,1,1,13,30,3,0,-1
1533864538617632,0,0,22,8,-17,-2,-2,0
1533864538617632,-4,-2,-2,-3,2,-5,-2,-4
1533864538632592,-2,-2,-4,-2,-11,-6,-6,-4
1533864538632592,0,0,-2,-15,-15,-4,0,-6
1533864538633590,3,4,-8,11,19,8,4,4
1533864538633590,4,3,0,-6,5,5,6,3
1533864538654539,-2,-1,-3,-3,-9,-7,-9,0
1533864538654539,-3,-1,-8,-9,-15,-7,1,-3
1533864538656529,0,4,-24,11,20,5,-1,-6
1533864538656529,-4,-6,-46,-20,-16,-6,-2,-4
1533864538668500,-5,4,41,9,-7,4,-1,-2
1533864538668500,3,-8,-6,-8,-2,-7,-8,-3
1533864538677473,-7,-17,-7,-3,3,2,1,-2
1533864538677473,0,1,-4,-7,-9,-5,3,0
1533864538692436,-1,-4,-19,10,6,-2,0,-1
1533864538692436,1,0,-7,-4,5,1,0,-2
1533864538693448,1,8,36,6,6,1,-4,-6
1533864538693448,-2,0,28,-4,0,-1,-5,6
1533864538715374,0,-2,-4,3,2,-5,1,2
1533864538715374,-1,-1,7,2,4,-2,6,4
1533864538716368,-1,-2,-15,2,2,2,-5,-1
1533864538716368,-2,-2,4,3,-6,6,2,-4
1533864538728539,1,4,3,-1,-3,3,1,0
1533864538728539,-1,-2,-7,-3,1,-1,1,3
1533864538737313,1,-1,-2,-16,-12,-8,-2,-4
1533864538737313,-5,-4,0,9,3,-5,-9,-5
1533864538752273,-1,-2,-10,1,8,-2,-4,-1
1533864538752273,-3,-1,-4,-2,-3,3,1,-3
1533864538754267,1,0,3,3,-4,-4,1,1
1533864538754267,2,0,6,-5,-9,-3,0,-2
1533864538775211,0,-6,-9,0,14,-5,-3,-5
1533864538775211,-3,1,4,0,-2,4,0,0
1533864538777206,-2,0,-1,-1,-2,-2,2,-3
1533864538777206,1,0,-3,-8,-2,2,-1,0
1533864538788210,0,-1,-2,3,0,0,-2,1
1533864538788210,-1,0,0,-5,0,1,0,-1
1533864538797153,-3,-4,-6,6,0,-10,2,1
1533864538797153,-1,-2,-2,-2,-10,-8,-9,-4
1533864538812116,-1,-3,-1,1,3,1,-1,-4
1533864538812116,0,0,4,-3,8,15,0,3
1533864538814125,-1,-2,-26,-6,-15,-2,3,1
1533864538814125,-2,-6,-34,2,3,-6,0,-4
1533864538835195,-2,-1,23,3,2,-5,-3,-3
1533864538835195,-2,-1,-1,-9,-9,-8,-6,-5
1533864538836049,-3,-2,-4,1,-2,-1,-4,0
1533864538836049,2,0,0,-2,5,3,2,-1
1533864538848187,0,-1,-11,1,-1,3,3,-1
1533864538848187,-2,-2,-5,0,-2,-7,-6,-3
1533864538856992,1,-1,5,-3,-2,-3,-7,-3
1533864538856992,3,1,10,0,3,2,1,4
1533864538879934,0,1,-2,-2,3,7,9,3
1533864538879934,-2,-1,2,4,1,-1,2,2
1533864538880928,-3,-1,1,-2,-1,-5,-6,-1
1533864538880928,0,1,8,1,-10,-2,-3,-4
1533864538894891,0,-2,-6,-3,9,5,5,2
1533864538894891,-4,-5,-12,-8,-19,-6,-5,-3
1533864538895892,-1,-2,3,1,5,4,0,1
1533864538895892,-2,-2,3,-4,5,-3,-3,-3
1533864538907857,-1,-2,0,1,-6,-4,-4,0
1533864538907857,1,-2,2,-1,9,1,3,-1
1533864538916831,0,0,5,4,1,0,1,-2
1533864538916831,0,0,5,3,4,1,0,2
1533864538932826,-1,-1,-9,0,-7,-4,-2,-1
1533864538932826,-2,-3,-2,2,-3,-3,-1,-1
1533864538933787,-1,-1,-2,0,-1,0,-3,0
1533864538933787,-3,-1,1,4,10,0,-1,0
1533864538954731,-3,-2,-4,-4,-19,-4,-5,-2
1533864538954731,0,3,4,10,6,-1,1,1
1533864538956727,-2,-2,-5,-3,2,1,6,-1
1533864538956727,-1,2,3,3,-18,-1,2,-1
1533864538968696,0,-1,-4,4,6,1,-2,-3
1533864538968696,-4,-4,-4,0,1,-2,2,-1
1533864538977670,-2,-3,-2,-2,-3,1,-3,-2
1533864538977670,-1,-2,1,-2,7,2,-1,1
1533864538992633,0,-1,-1,-3,-1,-4,-3,-1
1533864538992633,-1,0,2,-7,-4,-2,-3,0
1533864538993628,1,1,2,-1,6,-1,1,0
1533864538993628,0,-3,-4,-12,-1,-2,3,-1
1533864539014571,-1,0,-3,2,-2,-3,-2,-1
1533864539014571,0,-1,-2,-2,2,0,-4,-1
1533864539016566,-2,0,3,-2,-1,2,2,4
1533864539016566,-2,0,0,-2,-4,0,-1,-1
1533864539028538,-2,-1,0,-6,0,-1,3,-1
1533864539028538,-1,0,-1,-5,-1,-2,-3,-3
1533864539037517,1,-2,0,-3,-14,-8,-4,-2
1533864539037517,2,-1,2,-1,5,2,-2,-4
1533864539052484,0,-1,-3,-4,1,0,-1,-1
1533864539052484,-1,-1,-3,-5,-6,-2,-1,-1
1533864539053467,-2,-2,0,0,7,3,1,-1
1533864539053467,-2,-1,-1,-2,-4,-2,-3,0
1533864539074425,-2,-1,-1,7,8,1,-6,-2
1533864539074425,2,3,4,-16,-4,-1,3,2
1533864539076405,-3,-1,-5,0,-2,-1,0,-2
1533864539076405,1,1,3,-1,2,-1,0,3
1533864539088373,-5,-5,-9,1,-14,-4,-3,-3
1533864539088373,0,1,18,0,0,-2,-8,-3
1533864539097350,1,-2,3,0,2,2,4,1
1533864539097350,-1,-2,-5,-2,1,1,-6,-1
1533864539111316,1,0,8,4,5,1,3,2
1533864539111316,-1,-2,-11,-3,-1,-2,1,-2
1533864539118296,1,-1,0,0,-3,-7,-6,-4
1533864539118296,-1,0,2,3,0,2,4,0
1533864539135251,0,-1,-6,0,6,-1,-2,-1
1533864539135251,-3,-2,-6,-1,-9,-3,-3,-2
1533864539136246,-2,1,-2,-4,-3,-3,-2,0
1533864539136246,-2,0,-5,1,6,-1,-1,-4
1533864539148399,0,0,2,11,9,3,-1,-1
1533864539148399,0,0,-3,-12,-27,-13,1,0
1533864539157190,-2,-3,0,9,2,0,-6,0
1533864539157190,-3,-1,-9,-10,-19,-3,-2,0
1533864539171358,-1,3,38,0,11,-3,-2,0
1533864539171358,-2,-4,-2,1,-13,-1,0,0
1533864539178333,4,3,8,10,9,2,1,-1
1533864539178333,-5,-6,-8,-2,-3,-10,-2,-2
1533864539195089,0,-3,-16,-12,-1,1,1,-1
1533864539195089,2,-1,-3,7,10,0,-3,-1
1533864539196085,-1,2,4,-6,-3,-1,-4,-1
1533864539196085,2,-2,-33,2,6,3,0,-1
1533864539208055,-4,-1,7,-2,-12,-4,-2,-3
1533864539208055,0,-4,-5,1,4,3,2,0
1533864539217032,-1,-5,3,-3,-4,1,-1,-1
1533864539217032,1,2,0,-1,7,-4,-2,-1
1533864539232008,-2,-1,-21,-7,-12,-3,-2,-1
1533864539232008,0,6,46,0,-11,-1,0,0
1533864539237976,-6,-2,-17,-2,-6,-4,0,-2
1533864539237976,1,-3,9,0,8,5,-2,0
1533864539254931,-3,-2,-2,-5,-25,-8,-6,1
1533864539254931,-1,-1,-14,5,11,3,2,-1
1533864539255925,2,-1,-2,-5,3,0,4,-4
1533864539255925,0,-1,18,4,0,1,-7,1
1533864539268067,-1,0,-5,-1,16,1,-2,-3
1533864539268067,-1,-5,-45,-3,-10,0,-4,-2
1533864539276873,-3,-2,5,0,-9,-8,-3,-2
1533864539276873,-2,-3,0,-7,-1,-1,2,-4
1533864539291829,2,8,-3,-7,-2,-2,1,-2
1533864539291829,-1,-11,-2,4,8,1,-1,2
1533864539298814,0,-3,-2,-4,0,0,3,2
1533864539298814,-1,1,49,2,-6,-5,-1,1
1533864539321753,-1,-2,-14,0,1,1,-4,-1
1533864539321753,-2,0,3,-3,3,1,-4,-4
1533864539323754,1,0,6,0,10,5,-3,0
1533864539323754,-2,-3,-26,-10,-23,-8,1,-1
1533864539337710,-3,-3,-3,3,-14,-3,-1,-2
1533864539337710,0,3,4,-3,6,3,2,3
1533864539338703,-1,-2,-6,-1,-4,-3,-3,-3
1533864539338703,-1,0,-7,10,13,2,-3,-4
1533864539351673,0,-10,-41,-3,-1,-2,4,-3
1533864539351673,-4,-2,-1,-2,-8,-3,-2,-3
1533864539359651,-2,6,8,-4,-4,-5,-2,-2
1533864539359651,2,4,54,-2,1,-1,0,2
1533864539374608,0,1,13,1,8,0,0,2
1533864539374608,-3,6,-17,7,6,-1,-2,-2
1533864539376603,2,2,22,6,-1,3,1,4
1533864539376603,-1,-5,-44,-4,-2,-3,0,-4
1533864539397550,0,-4,8,0,0,-1,-2,-1
1533864539397550,-1,0,0,-4,1,-2,-3,0
1533864539398544,-4,-2,-19,-3,-2,-2,-1,-3
1533864539398544,-1,0,1,1,-2,-1,-2,-1
1533864539412510,0,2,4,-2,-3,0,0,-2
1533864539412510,1,-2,6,-5,-2,-2,0,1
1533864539418494,-2,-4,-9,1,-1,-2,-6,-5
1533864539418494,-2,-3,-3,10,8,3,5,4
1533864539434451,-1,-4,6,-10,-20,-2,-2,6
1533864539434451,-2,-5,-35,-3,9,0,2,-5
1533864539436449,-2,-1,23,0,-19,-4,0,1
1533864539436449,-3,7,-52,-15,0,-1,-6,-6
1533864539457387,-4,-18,-45,0,7,1,-1,-2
1533864539457387,-3,1,38,4,1,-4,-3,-1
1533864539458384,-2,4,-10,-7,5,1,1,0
1533864539458384,2,-7,-19,9,-9,-1,1,5
1533864539471349,2,9,79,10,-1,0,0,-2
1533864539471349,-1,4,-23,-6,3,2,-2,-2
1533864539480325,-2,2,-16,-5,7,1,-1,1
1533864539480325,-1,-12,-4,1,-5,0,0,2
1533864539495394,2,0,-18,-3,3,-4,-1,7
1533864539495394,-2,-3,-64,-4,-6,1,-1,-1
1533864539496288,0,1,-29,-1,0,0,-4,-3
1533864539496288,-6,4,38,-5,-6,-1,-2,-6
1533864539517226,-1,-7,-46,-6,-2,-1,-1,-1
1533864539517226,-4,2,15,4,-6,-4,-3,-4
1533864539519221,0,-5,-7,-4,-3,-4,-1,-3
1533864539519221,0,6,6,-6,6,3,-6,0
1533864539531192,-5,-14,-13,7,-3,1,4,-4
1533864539531192,0,-2,20,1,-2,-1,-2,0
1533864539540165,0,-3,9,-2,-11,-4,0,2
1533864539540165,-1,-4,-7,5,16,-2,-2,0
1533864539555183,1,15,30,2,-5,-1,1,-1
1533864539555183,0,-4,3,-9,-1,-1,-2,1
1533864539556124,-3,-9,6,-1,-9,1,1,-2
1533864539556124,-1,4,4,-2,-1,-4,1,-4
1533864539577070,0,10,-20,-7,2,-4,-8,-6
1533864539577070,-3,-15,-39,1,-1,1,0,2
1533864539579060,0,-3,24,1,6,1,0,1
1533864539579060,-1,5,-37,-5,-9,0,1,-3
1533864539591029,-2,-10,40,4,7,2,1,-1
1533864539591029,0,-2,0,1,-3,1,1,-2
1533864539600005,2,2,6,6,12,3,-1,-1
1533864539600005,0,-1,5,-4,-20,-8,-5,-4
1533864539614965,2,1,-7,-7,-2,-4,-5,1
1533864539614965,2,2,13,0,2,6,1,3
1533864539615962,-3,-6,-21,-7,-6,-2,-2,-3
1533864539615962,0,-7,10,6,-3,-1,3,2
1533864539636910,-2,-2,-12,-8,0,-2,-5,-5
1533864539636910,-1,-3,15,3,-3,-1,-1,3
1533864539638901,0,4,0,2,2,1,1,-2
1533864539638901,-2,-4,-1,-6,-7,-1,-2,-5
1533864539650906,-2,3,10,-1,-3,1,-3,-2
1533864539650906,2,3,18,3,0,-1,-2,-1
1533864539659846,-2,-2,-1,5,7,-2,0,0
1533864539659846,0,-2,1,-4,-11,-5,-4,-2
1533864539674806,-3,-4,-5,5,1,-2,1,0
1533864539674806,-2,1,10,1,2,-1,-1,-3
1533864539676801,-1,-3,-9,-4,-6,-5,-3,-2
1533864539676801,-2,-3,9,4,12,7,2,1
1533864539696748,-6,0,1,0,-19,-2,-1,-5
1533864539696748,-1,0,0,-1,8,0,-5,-1
1533864539698744,6,2,5,-2,-4,1,4,5
1533864539698744,2,-2,0,-2,4,-6,-3,4
1533864539711705,0,-1,-1,1,10,5,1,0
1533864539711705,-3,-1,1,-6,-4,-9,-4,-5
1533864539718717,-1,-2,-1,5,2,4,-3,1
1533864539718717,-4,-4,-29,3,1,4,1,1
1533864539734648,5,-2,3,-3,14,-5,1,1
1533864539734648,0,-3,4,-5,-12,-1,4,-1
1533864539736639,-2,0,2,-2,-1,1,-3,-4
1533864539736639,-3,-2,-4,-9,-9,-3,-1,-3
1533864539757584,0,2,-3,7,21,6,1,-2
1533864539757584,-4,9,-9,-9,-28,-5,-1,-4
1533864539758581,-5,-17,-14,-8,-2,-8,-5,-3
1533864539758581,0,1,15,1,19,4,2,0
1533864539770552,1,-2,3,-1,-1,1,0,0
1533864539770552,2,0,14,-2,2,-5,1,3
1533864539779528,-3,13,-7,-1,-5,-2,-7,-10
1533864539779528,3,-8,38,4,-6,-3,-2,-1
1533864539794485,-4,-2,5,-5,-5,-2,3,1
1533864539794485,-2,-3,-9,-1,-1,2,3,0
1533864539796481,1,1,-8,-4,8,-5,-4,0
1533864539796481,0,3,-3,-2,1,1,0,1
1533864539817424,-1,0,0,5,8,-3,-3,-3
1533864539817424,-3,-1,-7,-5,-13,-6,-3,-1
1533864539819434,-1,-2,-4,-6,0,7,4,-1
1533864539819434,-2,2,10,0,-8,-3,1,-7
1533864539831390,1,-2,-8,-3,-14,-7,-8,6
1533864539831390,-3,-4,0,-2,-3,0,-4,-1
1533864539839365,0,-1,7,-1,7,-3,0,0
1533864539839365,-2,-1,-10,1,-3,3,1,-3
1533864539854334,-2,0,-3,-2,-12,-1,2,-5
1533864539854334,1,-2,5,2,7,-5,-1,-3
1533864539856320,1,1,6,0,-11,0,-1,-1
1533864539856320,2,6,-7,-1,14,0,-2,-2
1533864539877267,-2,-12,-3,-1,-5,-3,1,-1
1533864539877267,2,0,8,5,17,2,-1,-2
1533864539879258,-4,-4,-29,-8,-28,-3,-1,0
1533864539879258,4,2,79,8,2,-1,0,3
1533864539891230,-4,1,3,-6,-6,-1,-2,-3
1533864539891230,3,1,-5,-1,16,1,2,-1
1533864539900203,2,0,8,11,29,8,0,2
1533864539900203,-7,-1,-31,-8,-45,-10,-4,-2
1533864539915162,-4,-4,-11,-2,0,-4,-3,-1
1533864539915162,0,-1,13,-2,-6,4,0,-1
1533864539916160,0,0,-10,3,18,1,0,-4
1533864539916160,-2,-4,-28,-8,-11,-9,-4,-1
1533864539937119,7,6,55,19,50,19,6,-2
1533864539937119,-4,4,-19,-12,-34,-6,1,-2
1533864539939098,-6,-24,-3,-2,-36,-3,2,1
1533864539939098,0,-2,-12,0,9,-1,-2,1
1533864539951069,-2,-3,-52,-13,-24,-10,-6,-2
1533864539951069,7,-5,30,12,57,1,-2,0
1533864539967026,2,7,7,-4,-11,7,6,1
1533864539967026,-7,-1,-8,-2,-10,-3,0,-2
1533864539975002,-1,-1,-38,-15,0,-2,0,0
1533864539975002,-5,-2,-9,1,-12,-3,-4,-2
1533864539976000,0,1,1,1,12,-3,-5,-4
1533864539976000,1,-5,-13,2,7,6,-1,0
1533864539996943,1,5,10,-6,-7,-5,2,-2
1533864539996943,-1,-2,-6,5,-5,1,-1,1
1533864539998938,-2,2,10,-5,-17,-10,-4,0
1533864539998938,-3,-2,-10,-3,14,4,-3,-3
1533864540010908,-2,2,9,5,-9,0,1,-1
1533864540010908,-3,-6,0,-7,-13,-2,0,0
1533864540019918,0,4,-9,-7,7,1,-3,-3
1533864540019918,-1,3,-32,-5,5,-8,-6,-4
1533864540035047,-1,7,27,5,12,10,5,1
1533864540035047,-9,-7,-4,-9,-37,-12,-7,-5
1533864540036856,3,12,91,15,1,-4,-1,1
1533864540036856,-3,-7,-18,0,6,3,3,1
1533864540056783,-3,-7,-18,-6,-4,-1,-1,4
1533864540056783,3,10,25,8,15,4,3,-2
1533864540058779,-3,-11,-26,-4,-13,-7,-2,-2
1533864540058779,1,4,-54,-18,1,-7,-3,-4
1533864540070746,2,0,54,22,-1,-2,0,0
1533864540070746,3,6,44,-6,3,-2,-2,0
1533864540079723,-3,0,-39,-6,1,-2,0,0
1533864540079723,-1,-19,15,4,7,8,5,4
1533864540094685,-5,-10,-29,-8,-12,-2,-3,-2
1533864540094685,1,-1,-46,-5,-1,-1,-6,-3
1533864540100669,2,5,4,10,8,2,2,-1
1533864540100669,0,-2,-9,-4,-4,0,0,0
1533864540117624,-1,3,-15,-5,-7,-5,-2,-2
1533864540117624,-2,-8,-29,-2,2,-1,-1,-2
1533864540118618,1,2,25,2,4,1,1,1
1533864540118618,-3,-8,-39,-3,-7,0,-3,-1
1533864540130586,-4,-5,-98,-17,-5,-6,-4,-4
1533864540130586,8,20,81,9,7,1,3,4
1533864540139571,-9,-15,-32,-1,-6,0,-2,-2
1533864540139571,-4,-5,-2,-10,4,-4,-5,-6
1533864540154525,0,-15,-19,0,-13,2,-1,-1
1533864540154525,0,8,57,4,6,2,1,3
1533864540160509,-7,-6,-69,-6,1,-2,-1,0
1533864540160509,2,7,63,13,-3,0,3,0
1533864540177499,-1,-5,5,-9,5,-4,-2,0
1533864540177499,2,2,-26,6,12,-2,-2,0
1533864540178465,0,-2,2,-9,-13,-6,-3,-3
1533864540178465,0,3,-6,4,-5,1,1,1
1533864540190426,0,3,15,7,1,2,0,-3
1533864540190426,-3,-4,-15,-2,6,3,0,-3
1533864540199402,3,3,16,3,6,0,-1,-2
1533864540199402,0,2,10,3,-4,-2,0,-1
1533864540214365,-4,9,-60,-2,-2,-6,-7,-4
1533864540214365,1,-18,67,8,1,1,1,2
1533864540221346,-3,-14,1,2,3,-3,-2,-1
1533864540221346,-2,0,4,-1,-10,-3,-1,-1
1533864540237303,-1,-5,6,-3,-3,-2,1,1
1533864540237303,-2,-4,-50,-7,3,1,-1,-3
1533864540239295,0,7,-12,-9,-6,-2,-3,-3
1533864540239295,0,-8,28,1,2,-2,1,2
1533864540259242,-3,5,19,3,-3,3,1,-1
1533864540259242,-7,-13,-104,-22,-15,-10,-6,-6
1533864540261237,5,8,50,4,2,4,4,4
1533864540261237,-4,-2,-16,1,0,-3,-3,-1
1533864540274398,2,3,-39,-4,0,-2,-2,-3
1533864540274398,-5,-12,-23,-5,7,2,-3,-4
1533864540281184,2,2,14,0,-13,-6,-5,0
1533864540281184,-1,-1,0,3,6,3,-1,2
1533864540297144,2,4,93,2,3,2,3,1
1533864540297144,-2,9,11,13,-9,1,1,0
1533864540299135,-5,-2,-10,-5,6,0,-3,-3
1533864540299135,2,9,21,3,-2,1,1,-2
1533864540320082,-1,-12,16,0,-4,-1,-1,-1
1533864540320082,-2,0,-26,-1,-2,-1,-2,-3
1533864540321076,1,2,23,2,1,-1,-1,-2
1533864540321076,-1,-6,-17,-11,-3,1,0,0
1533864540334042,1,1,-4,-4,-2,-3,-2,1
1533864540334042,-1,-2,2,4,3,-6,-2,1
1533864540341034,-4,-10,-72,-8,-12,-3,-1,-1
1533864540341034,-4,-1,1,5,3,-2,-1,-2
1533864540356980,-2,5,4,1,8,-5,-4,-3
1533864540356980,-3,-2,15,-2,-8,5,3,2
1533864540358988,-1,0,0,-4,-3,0,-1,-2
1533864540358988,2,3,-2,2,2,0,-2,-1
1533864540379922,2,3,22,-1,-6,0,-3,-2
1533864540379922,-1,-6,-45,-8,-2,2,0,-2
1533864540380916,-2,-2,18,4,3,-3,-3,-1
1533864540380916,-1,-6,7,0,-4,-3,-3,-1
1533864540393885,-5,-11,-13,-4,-10,-3,-1,-2
1533864540393885,-3,2,-3,0,0,-3,-4,-2
1533864540402858,-4,-2,-4,-5,1,0,3,0
1533864540402858,-1,4,14,1,9,-3,0,-1
1533864540416820,-3,1,-1,2,-2,-2,0,-1
1533864540416820,-4,-7,-16,-6,-5,-9,0,0
1533864540418815,1,-1,-45,-2,4,2,-2,-4
1533864540418815,1,-1,-3,-5,-7,-4,-1,-2
1533864540439759,2,-4,-66,0,3,7,3,0
1533864540439759,2,6,50,-1,0,0,-2,-1
1533864540441754,-3,-6,-16,-7,-23,-5,1,0
1533864540441754,-1,2,-5,-5,0,3,0,-1
1533864540453725,-4,-4,-19,-2,-9,-5,-5,-4
1533864540453725,-2,-4,-13,-3,5,0,-2,-2
1533864540462713,-1,2,11,5,20,3,-2,0
1533864540462713,-1,1,6,-5,-17,-6,-2,0
1533864540477660,-2,2,30,-5,-7,-2,-1,1
1533864540477660,0,-2,-3,-1,0,0,0,-1
1533864540478667,1,1,26,1,1,-1,-1,-1
1533864540478667,-3,-3,-5,3,-3,-1,-1,-2
1533864540499610,-1,-2,12,7,8,3,0,-1
1533864540499610,1,0,1,-15,-3,-8,-2,-2
1533864540501594,-1,-1,-9,5,-4,-1,-1,2
1533864540501594,-4,-3,-5,-2,18,3,-3,-2
1533864540513565,-3,0,6,-5,-18,-10,-1,-1
1533864540513565,0,12,0,-1,0,3,0,-3
1533864540528660,-1,-11,7,0,-6,-2,0,-1
1533864540528660,3,1,7,-3,1,-1,-1,1
1533864540537501,-1,0,12,1,5,-3,-1,1
1533864540537501,-1,1,-5,-2,12,11,1,-1
1533864540538514,-2,-2,-1,-1,-8,-2,-3,-3
1533864540538514,-2,0,-9,0,-9,-1,0,-2
1533864540559442,-3,-1,-4,-1,3,-1,-2,-4
1533864540559442,0,-5,-1,2,-3,1,1,8
1533864540561434,-1,1,7,-4,0,1,-1,-8
1533864540561434,0,-4,3,6,5,1,-3,-2
1533864540573411,-3,0,6,-2,2,-3,-4,-1
1533864540573411,1,-6,3,2,1,-1,0,-1
1533864540582377,2,2,3,10,-5,-2,1,0
1533864540582377,-4,0,-6,2,-4,-5,-4,-3
1533864540597338,-1,-5,2,-6,-4,1,2,0
1533864540597338,-6,-4,-7,2,1,3,1,-4
1533864540598343,-1,-2,-6,-5,0,-4,1,0
1533864540598343,-1,1,-1,-7,-2,-2,1,-3
1533864540619279,1,-1,2,-1,1,-1,-1,0
1533864540619279,-2,-5,-5,4,-3,-5,-7,-5
1533864540621279,1,5,9,-7,12,4,-1,1
1533864540621279,-3,-4,-6,2,-7,-4,0,0
1533864540633241,0,-1,3,-3,2,4,1,-2
1533864540633241,0,0,-1,5,-3,-2,-1,1
1533864540642218,-3,-1,-35,-4,0,-2,-1,0
1533864540642218,0,15,-27,-5,1,-2,-4,-4
1533864540657178,0,-24,31,9,-4,-1,4,9
1533864540657178,-2,-3,1,-3,-5,-3,-4,-13
1533864540659193,-1,-3,-3,-10,0,1,-3,-3
1533864540659193,0,0,-5,0,-5,2,-2,-1
1533864540680121,0,8,-8,2,9,3,0,1
1533864540680121,-3,-3,-6,-2,-9,-3,-1,0
1533864540681128,-1,-3,10,6,5,-2,-2,0
1533864540681128,0,-5,15,-2,0,0,0,-3
1533864540693085,-2,5,1,5,-3,-4,-1,0
1533864540693085,-2,-5,1,-3,-6,-2,0,2
1533864540702058,-4,1,-4,-11,-6,-2,-3,-3
1533864540702058,0,-5,9,-5,0,0,0,3
1533864540717017,0,0,-6,10,9,1,-3,-4
1533864540717017,-2,0,-4,-2,-5,-2,1,1
1533864540719012,0,-4,6,4,-6,-1,0,1
1533864540719012,-1,0,0,-3,9,3,0,-1
1533864540739956,-4,1,-6,15,-3,-1,-5,-4
1533864540739956,0,-1,-1,-24,0,0,0,-1
1533864540740953,3,3,11,-3,-5,0,0,3
1533864540740953,-4,-7,-6,-8,-7,-2,-3,-3
1533864540753922,0,7,38,2,4,0,-2,-4
1533864540753922,-2,-4,-5,12,9,1,0,0
1533864540761901,-1,-1,1,-8,-4,-4,0,-1
1533864540761901,-1,7,-6,-5,-8,-5,-5,-3
1533864540777858,2,-9,-19,-11,-1,3,1,3
1533864540777858,0,-3,8,15,-1,0,-2,0
1533864540778854,-4,-8,22,-5,1,-3,0,-2
1533864540778854,3,4,8,2,2,0,3,2
1533864540799796,-1,-4,-53,-13,-10,-3,-2,-2
1533864540799796,-21,4,9,-7,-4,-4,-6,-4
1533864540801791,7,8,-94,-8,8,4,-1,-2
1533864540801791,22,-21,-83,12,-1,-1,2,1
1533864540813762,-18,-24,112,9,1,-2,1,-1
1533864540813762,12,-6,-37,-21,-10,-4,-1,-2
1533864540822740,-14,-6,-2,28,13,2,1,-1
1533864540822740,-3,3,-13,-26,-7,-6,-4,-4
1533864540837702,7,7,-58,-11,-3,2,1,-2
1533864540837702,-1,-8,-12,1,-4,-2,0,-1
1533864540838707,4,10,20,-6,-11,-3,0,1
1533864540838707,0,6,36,43,21,10,0,2
1533864540859639,-2,0,-12,-22,-6,-8,-6,-4
1533864540859639,-2,0,7,-5,-21,-6,-5,-3
1533864540861631,-4,-5,4,-24,-5,-2,-1,-1
1533864540861631,-8,-5,23,11,4,0,0,1
1533864540873599,1,3,-4,19,11,3,2,1
1533864540873599,-1,0,-3,-14,2,-1,-2,1
1533864540882575,9,6,-1,-5,-1,-3,-2,-3
1533864540882575,-6,-5,14,6,-3,-3,-2,-2
1533864540896537,6,15,1,23,4,1,-1,-1
1533864540896537,-4,-4,4,-33,-1,1,1,1
1533864540903522,-3,-9,3,6,5,-4,-3,-2
1533864540903522,-7,7,6,-20,-9,0,-2,-4
1533864540919479,-4,-3,-8,-25,-11,-2,-1,0
1533864540919479,3,12,4,18,7,3,2,0
1533864540921470,-1,-3,1,-3,2,2,-2,-2
1533864540921470,12,-1,-2,1,-1,-1,2,2
1533864540933442,-4,10,-8,5,-1,-5,-3,-2
1533864540933442,12,-5,-4,16,1,0,4,5
1533864540942415,-53,-2,10,8,4,-1,-2,-13
1533864540942415,-9,-8,5,1,-6,-3,-1,-1
1533864540957385,35,12,22,4,-1,-2,-1,2
1533864540957385,-6,-23,39,-41,-9,-4,0,-1
1533864540958372,9,0,5,12,-4,-4,-3,0
1533864540958372,0,-4,32,-20,-1,-1,1,1
1533864540979319,-11,2,-24,-2,-5,-2,-1,0
1533864540979319,3,12,14,8,-1,-2,-1,1
1533864540981310,5,-9,1,-38,-18,-4,-3,2
1533864540981310,-1,1,-5,-1,-1,-1,-2,-2
1533864540993282,-1,-6,-24,-9,1,-2,-3,-3
1533864540993282,-4,2,-10,31,6,0,0,-3
1533864541002261,7,-4,-8,6,1,2,3,2
1533864541002261,-5,4,-8,-4,-4,-3,-2,0
1533864541016250,-8,-6,0,10,6,-1,-1,-5
1533864541016250,-1,-3,-16,4,7,2,-3,-4
1533864541023199,5,9,36,0,-6,0,0,-1
1533864541023199,-4,-3,-9,-3,-18,-3,0,-3
1533864541040154,-5,-7,9,7,-2,0,0,-4
1533864541040154,0,1,-8,-7,3,-4,-2,-2
1533864541041150,4,-1,-18,-5,7,-3,-4,1
1533864541041150,-2,-1,1,4,6,4,-1,-1
1533864541053280,-5,-6,-5,-10,-5,-2,0,-1
1533864541053280,0,2,-4,12,-1,-2,1,1
1533864541062096,3,-3,-3,10,-3,-3,-1,1
1533864541062096,-3,-6,-9,-7,5,-1,-4,-4
1533864541076057,-5,-1,-4,-14,0,-1,-3,-2
1533864541076057,0,9,-13,10,-2,3,-2,0
1533864541084039,-2,-12,11,8,-10,-4,3,2
1533864541084039,-2,-5,-15,-16,-14,-3,0,-1
1533864541099996,1,-5,-41,-7,2,-1,0,-3
1533864541099996,-3,2,10,6,5,-2,-2,-2
1533864541101988,0,1,-6,4,-4,-3,-1,0
1533864541101988,-2,1,-14,0,7,-3,-2,-5
1533864541113004,-3,-3,-10,1,2,2,1,1
1533864541113004,0,0,41,1,-8,-1,0,0
1533864541122942,0,4,2,2,4,2,-2,-3
1533864541122942,-1,-1,0,3,1,1,4,4
1533864541136899,-4,-4,-28,-7,-4,-2,-3,-2
1533864541136899,-2,-1,-5,2,2,0,3,-3
1533864541143882,1,3,27,-3,1,0,-2,1
1533864541143882,-3,-1,6,5,-1,0,-2,-2
1533864541159847,0,-5,14,-9,-10,-4,-2,-1
1533864541159847,-2,-1,-30,0,-2,-1,-3,-3
1533864541161833,-1,3,59,-1,2,1,1,-1
1533864541161833,-2,0,2,13,7,1,1,1
1533864541173796,-3,-2,24,-6,-14,-3,-1,0
1533864541173796,-3,-7,-23,4,-1,-3,-2,-3
1533864541182780,-1,-3,-28,0,4,1,-1,-3
1533864541182780,1,1,8,3,0,0,-3,-1
1533864541196735,0,1,11,0,-2,0,-2,-2
1533864541196735,-1,-3,-2,0,-3,-4,-2,-3
1533864541203719,1,-2,-29,-2,0,-1,-1,1
1533864541203719,-1,1,6,-11,-3,-1,1,0
1533864541219676,-1,1,-8,3,2,-1,-2,-1
1533864541219676,3,-5,-4,-4,1,-1,-1,-1
1533864541221668,-7,-4,-40,-1,0,1,-2,-3
1533864541221668,0,-1,-3,-3,-3,-2,-2,-2
1533864541242615,0,2,12,4,3,3,5,2
1533864541242615,-2,1,9,-1,2,-1,-3,0
1533864541243608,3,0,-8,-1,-3,-4,0,-1
1533864541243608,-1,0,0,-4,-7,0,-1,-2
1533864541256575,-1,-2,0,-2,-2,-3,-1,-2
1533864541256575,-2,-1,-7,1,1,2,-1,0
1533864541263556,-2,-2,-11,-4,1,-3,-3,-3
1533864541263556,-3,-3,-2,-4,-9,-2,-3,-1
1533864541279513,0,3,13,1,0,-1,-3,0
1533864541279513,-2,1,-4,3,7,1,-3,-1
1533864541281508,2,3,9,4,2,3,2,1
1533864541281508,-1,-2,-4,-5,-1,-3,-1,-2
1533864541302455,0,0,-2,-1,-1,-2,-2,-2
1533864541302455,-3,-3,-26,-1,-1,-1,-1,-1
1533864541303449,-1,0,1,2,0,2,3,2
1533864541303449,-1,-1,-1,-1,-1,-4,0,-1
1533864541316418,-1,-2,-1,2,0,2,-2,-1
1533864541316418,0,-3,-1,-5,-5,-3,-3,-1
1533864541323396,1,1,-1,-1,3,2,-2,-1
1533864541323396,0,-2,-1,1,2,1,-2,0
1533864541339355,-3,-2,-6,-4,-11,-4,2,0
1533864541339355,0,-1,7,-5,-5,-3,-2,-1
1533864541341367,1,0,-2,-1,3,-3,-1,2
1533864541341367,-1,0,3,2,4,1,-3,-2
1533864541362295,-3,-1,2,-2,4,-2,0,-3
1533864541362295,-2,-1,3,0,-3,1,5,-3
1533864541364290,-2,-3,-3,-5,-5,-3,-4,-3
1533864541364290,0,-1,-3,3,6,1,-1,-2
1533864541376255,0,-2,-8,-12,-14,-2,-6,-1
1533864541376255,0,-1,0,-1,-1,-2,-1,0
1533864541385231,-3,-2,-3,-1,-1,-4,-3,-3
1533864541385231,-1,0,1,-1,-3,-5,-3,-2
1533864541400193,0,-1,1,1,4,-1,-1,-1
1533864541400193,2,2,7,0,-2,1,4,3
1533864541401188,0,-1,1,2,-1,-3,2,3
1533864541401188,-4,-3,-4,-2,3,-1,-1,0
1533864541422135,-3,-1,0,-8,-12,-1,-3,-2
1533864541422135,0,-2,0,-1,1,0,-3,0
1533864541424130,-2,-3,0,2,-1,1,0,-5
1533864541424130,0,-1,0,0,-7,-3,5,1
1533864541436114,-2,-2,0,5,14,3,0,-1
1533864541436114,1,2,6,5,5,2,-5,2
1533864541445070,-5,-4,-28,-10,-25,-3,-5,-2
1533864541445070,-1,-2,1,-2,-2,-3,-1,-1
1533864541460199,-3,-3,-3,-4,-5,-2,1,-3
1533864541460199,1,0,2,-3,2,-2,-1,-1
1533864541461028,1,-2,-2,2,10,1,-1,-2
1533864541461028,1,0,-1,0,0,-1,2,2
1533864541481975,-2,1,-1,4,1,-3,1,-1
1533864541481975,-3,-2,-5,-1,0,0,-1,-2
1533864541483969,-2,-1,3,-5,-4,-2,1,-1
1533864541483969,0,-1,-1,2,0,2,-2,-1
1533864541495937,0,-1,4,-1,7,1,1,1
1533864541495937,-2,0,-1,0,-6,-4,-2,-2
1533864541504910,-1,-1,3,4,4,-2,-1,-3
1533864541504910,-2,0,0,1,-1,-3,-5,-3
1533864541519918,-1,0,-3,-3,-14,-4,-2,-1
1533864541519918,-2,-1,-1,1,-2,1,2,0
1533864541520868,3,3,6,2,11,7,2,4
1533864541520868,-2,-2,-3,2,6,-2,-4,-5
1533864541541842,-2,-1,-2,-1,-15,-6,3,-2
1533864541541842,-3,-3,-2,0,-4,1,0,-1
1533864541543816,-2,-2,4,5,4,-1,0,-3
1533864541543816,1,-4,-2,-8,-6,-1,-6,-3
1533864541555775,0,0,-2,9,-2,0,-3,-1
1533864541555775,-2,-2,0,6,-8,-5,-1,-2
1533864541564751,-1,-2,-2,7,5,0,2,0
1533864541564751,-1,1,0,1,3,-1,2,2
1533864541579713,-2,-3,-2,-11,5,-2,-4,0
1533864541579713,-2,-2,-34,-11,-3,-2,-1,-2
1533864541581705,-1,1,10,-8,-5,-4,-5,-4
1533864541581705,-2,0,-1,-5,3,2,3,0
1533864541602651,0,0,1,-6,-4,0,3,1
1533864541602651,-2,-1,-1,-3,3,-1,-2,-1
1533864541603650,-1,-3,-7,-8,0,-4,-2,-3
1533864541603650,-2,-3,-2,-11,-17,-10,-4,-2
1533864541615617,2,-1,0,3,17,4,-3,1
1533864541615617,-1,-3,6,-11,-7,-1,5,0
1533864541624593,-1,2,-1,-1,-5,4,2,1
1533864541624593,-4,-1,4,-1,1,2,0,0
1533864541639573,-2,-3,-4,-3,4,-5,-2,-1
1533864541639573,-1,-3,2,-5,-3,-4,-5,-4
1533864541641545,1,0,1,3,0,-1,-2,1
1533864541641545,1,1,-8,-2,-1,3,2,0
1533864541662492,-1,-2,-4,-10,-20,-3,-4,-3
1533864541662492,-3,-3,4,4,5,1,-1,-3
1533864541663487,0,-1,-6,-2,-8,-6,-2,-1
1533864541663487,-1,-1,-3,4,6,2,-2,-1
1533864541676454,-3,-2,3,2,4,0,0,-1
1533864541676454,0,1,4,-3,-4,0,-3,-1
1533864541684430,-1,-3,-2,-2,0,-3,-1,-4
1533864541684430,0,-1,0,0,3,1,1,-1
1533864541707370,-1,1,-1,2,3,-2,0,-1
1533864541707370,-2,0,0,-1,3,-1,-6,-1
1533864541708384,0,-1,2,5,9,2,1,2
1533864541708384,-1,-2,-1,-2,-19,-4,-3,-1
1533864541722421,-1,-1,4,5,4,4,-3,-1
1533864541722421,-2,-3,1,-2,2,-3,1,-2
1533864541724324,-1,-4,-2,-3,-8,-4,-2,-3
1533864541724324,1,2,2,-1,-5,1,2,1
1533864541745270,0,0,-2,-1,3,-2,-3,0
1533864541745270,0,2,3,3,6,2,0,1
1533864541746276,0,0,-16,-3,-8,0,2,-3
1533864541746276,-1,0,36,0,6,1,-2,0
1533864541760227,-2,1,0,1,4,-4,-5,-5
1533864541760227,-1,-2,0,-3,-14,-1,3,1
1533864541761225,-4,-1,-2,-3,2,-2,-2,-1
1533864541761225,0,0,-13,-3,1,0,1,2
1533864541782172,-2,-1,-68,1,-8,-7,-2,-4
1533864541782172,-3,-2,26,-5,-1,-1,-1,0
1533864541784163,-3,-1,0,-2,-7,0,-4,-1
1533864541784163,-2,-3,-1,3,6,2,1,-2
1533864541796135,-1,1,0,-1,7,-2,-1,-1
1533864541796135,1,-1,-14,-1,-6,-5,1,0
1533864541805108,1,-2,-1,-1,-2,-3,-4,-3
1533864541805108,-2,-1,-13,-3,5,0,-1,-2
1533864541820070,-1,-1,15,-1,-10,1,0,2
1533864541820070,1,0,-5,-1,-3,0,-2,-1
1533864541821064,1,1,14,-2,2,0,-3,1
1533864541821064,-4,-6,-13,3,-2,-3,-3,-4
1533864541842010,0,-3,9,-3,-1,1,1,-3
1533864541842010,-3,-2,2,2,1,-1,-3,-3
1533864541844006,-2,0,-8,-4,3,4,1,1
1533864541844006,0,-1,-5,-2,-12,-8,-3,-1
1533864541855973,-1,0,7,-2,2,-1,-1,-1
1533864541855973,1,-2,-14,0,2,1,-2,-1
1533864541865951,1,12,34,-2,-4,-3,-3,-2
1533864541865951,-3,-6,-21,4,4,-2,-4,-3
1533864541879910,-2,9,36,6,1,0,1,-1
1533864541879910,4,9,78,10,6,2,3,2
1533864541881903,-5,-18,-4,2,2,1,0,-1
1533864541881903,0,2,50,5,4,1,-2,1
1533864541901848,2,-18,-68,-27,-19,-4,-5,-6
1533864541901848,-7,9,27,8,-9,-1,4,2
1533864541903844,-1,5,-16,-8,-4,-2,-3,-1
1533864541903844,1,5,2,2,13,5,-2,0
1533864541915811,-5,-7,-113,-7,7,1,0,-4
1533864541915811,6,-3,69,-1,-7,-3,1,3
1533864541932766,-2,-3,-43,-7,1,-4,-3,-3
1533864541932766,-4,5,-26,-4,-2,4,0,-2
1533864541938769,-1,20,-4,3,-1,-2,-2,1
1533864541938769,-2,-14,34,0,0,0,-5,0
1533864541945734,-3,-3,4,2,-1,0,1,-2
1533864541945734,1,-3,-11,3,6,0,1,-2
1533864541962686,-1,-2,13,5,5,2,3,-1
1533864541962686,1,1,-51,-2,0,-1,5,1
1533864541963683,-3,-6,-23,-3,1,0,-6,-2
1533864541963683,0,-1,-13,-11,-17,-4,-3,-3
1533864541975834,-1,0,-17,-10,0,1,-2,-1
1533864541975834,-2,-17,-35,-4,-6,-5,-4,-2
1533864541984630,3,1,46,9,15,4,4,1
1533864541984630,-1,-3,-16,-12,-13,-5,0,0
1533864541999591,-5,-14,-55,2,-10,-5,-2,-2
1533864541999591,-4,1,-1,-2,13,4,-3,-4
1533864542005571,-2,-1,-26,-3,-13,-2,-1,-3
1533864542005571,0,-4,12,5,18,1,1,0
1533864542022543,-1,-3,22,-4,-6,-5,-2,0
1533864542022543,-2,5,-30,-10,-19,-7,-2,-1
1533864542023523,0,0,13,2,-8,0,-1,0
1533864542023523,0,2,-2,-1,-3,-2,-3,-3
1533864542036492,0,0,57,10,11,4,0,3
1533864542036492,-1,-2,-34,1,8,-1,-5,-3
1533864542044470,-3,-8,-82,-8,-2,0,0,1
1533864542044470,1,-3,6,0,-5,0,-1,0
1533864542059431,-4,19,16,1,2,1,-2,-4
1533864542059431,-3,-10,10,-5,1,-2,-1,-1
1533864542066412,-1,-7,-19,-2,-4,-3,-1,-1
1533864542066412,-6,2,-46,-12,-3,-4,-4,-3
1533864542082369,4,3,-28,-9,-11,-3,-5,-4
1533864542082369,-3,-8,-14,-2,-9,3,0,-1
1533864542084360,4,13,117,17,16,-1,1,2
1533864542084360,-5,5,61,-4,-11,-5,0,-1
1533864542096328,-3,-6,84,8,-6,2,3,4
1533864542096328,-3,0,-46,-10,-2,-5,-3,-7
1533864542105304,-1,4,-25,-3,-4,2,0,0
1533864542105304,2,-2,-19,3,11,4,0,-1
1533864542119270,-2,-8,-35,0,-2,2,1,1
1533864542119270,-3,-2,-62,-5,-1,-3,-4,-3
1533864542126252,4,16,37,6,3,-4,2,0
1533864542126252,4,5,47,-1,0,-5,-3,-1
1533864542142209,-4,-2,-30,-1,-1,-1,-3,0
1533864542142209,-4,-25,-109,-5,0,-1,-2,-3
1533864542144201,5,2,64,10,9,1,1,3
1533864542144201,-3,-3,-38,3,8,2,2,1
1533864542165144,3,9,53,8,-14,0,1,-1
1533864542165144,-1,5,-9,-4,-2,-6,-3,-2
1533864542166143,-7,-2,-53,-16,-14,-4,-5,-4
1533864542166143,-1,-10,-18,1,-1,-1,-2,-3
1533864542179110,-1,-5,7,-3,-2,0,4,0
1533864542179110,2,9,31,5,0,-1,-1,1
1533864542186092,-2,-7,-14,-1,15,0,0,-2
1533864542186092,-2,3,8,-1,-22,-2,-4,0
1533864542202049,1,-5,16,5,4,-3,-1,-1
1533864542202049,4,6,20,-9,9,-1,0,1
1533864542204040,-4,-9,-8,-2,-2,0,-4,1
1533864542204040,-2,-3,-11,-2,-13,-6,-4,0
1533864542224987,-2,-5,0,-1,18,0,-1,-1
1533864542224987,0,4,24,3,-10,-1,0,-1
1533864542225985,1,-3,-10,-3,-5,1,4,-1
1533864542225985,2,0,-1,5,4,1,2,-3
1533864542238947,-4,-4,6,-7,-5,-6,-5,-1
1533864542238947,-3,1,16,-1,13,6,-1,-3
1533864542245928,-5,-4,-9,-7,-36,-10,-2,-2
1533864542245928,-3,0,-4,-2,-8,2,-1,2
1533864542261889,1,-2,8,7,17,2,-2,0
1533864542261889,-1,0,5,1,14,-2,-4,-2
1533864542263880,-2,-3,-14,-8,-31,-2,1,-3
1533864542263880,1,-4,-6,-5,12,-1,0,0
1533864542285001,-1,-1,3,-3,-3,-1,-1,-1
1533864542285001,1,2,7,2,-3,-2,-1,-2
1533864542286828,-3,-3,-3,1,4,-4,-3,0
1533864542286828,-1,-1,2,2,-1,-5,-5,0
1533864542298798,0,-2,0,0,3,-1,0,-2
1533864542298798,0,3,6,7,-5,0,1,-1
1533864542307763,-1,-3,-6,-11,-8,-1,-1,0
1533864542307763,-5,-4,-5,1,-6,-2,0,1
1533864542322723,1,0,4,-5,0,2,-2,-1
1533864542322723,-1,-1,-1,-3,-5,-1,1,3
1533864542323737,0,0,-1,4,10,3,0,-3
1533864542323737,-1,-2,-1,-3,-1,-1,-1,-3
1533864542344664,3,-1,-3,-4,1,-1,2,-1
1533864542344664,-4,-3,3,0,-8,-3,-3,-4
1533864542346660,-1,-1,-2,1,5,-2,-4,0
1533864542346660,0,0,-2,-2,-1,0,0,0
1533864542358630,-2,2,6,2,10,3,0,0
1533864542358630,-1,1,3,-4,-19,1,1,0
1533864542367603,-3,-3,-3,-1,7,-1,-2,0
1533864542367603,-1,-2,-4,-10,-9,-2,0,-3
1533864542382566,-3,5,-42,-3,-5,-4,-4,-2
1533864542382566,-3,-5,-18,-3,2,-3,-1,-2
1533864542383560,2,-1,31,-2,-2,-1,0,-1
1533864542383560,-1,-32,39,8,6,4,3,4
1533864542404504,-5,-7,-11,0,-5,-3,1,-1
1533864542404504,-1,3,4,0,-10,0,1,0
1533864542406499,0,13,-17,-5,2,-4,-4,-5
1533864542406499,0,17,-44,-9,-2,-6,-7,-9
1533864542418466,-1,-3,17,-35,-12,-11,-10,-9
1533864542418466,-2,-49,-34,20,10,3,8,9
1533864542427444,-11,-12,-59,2,3,1,2,2
1533864542427444,-1,7,-31,5,0,-1,-2,0
1533864542442599,-8,-4,-127,-11,-9,0,-3,-3
1533864542442599,5,16,50,1,10,-1,-3,0
1533864542443405,4,9,6,-5,-11,-4,-1,-1
1533864542443405,-1,-11,87,13,3,1,2,1
1533864542465345,3,8,15,10,-2,-5,0,1
1533864542465345,-4,2,-15,-3,7,4,1,2
1533864542466339,-1,-11,-20,10,15,1,1,1
1533864542466339,-4,7,-69,-17,-1,-3,-2,-4
1533864542487286,7,11,65,6,-13,-1,-2,-1
1533864542487286,8,-5,99,27,2,-5,0,3
1533864542489290,2,21,83,10,11,8,5,3
1533864542489290,-8,-4,-83,-12,-6,-3,-4,-2
1533864542502246,-9,-16,-54,8,7,5,3,2
1533864542502246,2,2,59,2,-3,-3,-3,2
1533864542504237,-5,-5,-30,-1,1,-1,-1,-2
1533864542504237,-1,-8,-17,2,0,-3,-3,-2
1533864542525181,-2,-1,1,4,0,-1,2,0
1533864542525181,-3,13,-81,-21,-5,-5,-6,-8
1533864542526179,2,-4,-26,-8,-5,0,-3,-4
1533864542526179,5,7,34,4,-5,-1,1,2
1533864542538290,2,-2,-12,-5,3,-2,-5,-4
1533864542538290,-4,7,-27,-8,-3,-1,-3,-6
1533864542547126,-2,1,-26,-11,2,-3,-4,-3
1533864542547126,-4,-15,-48,-1,-6,0,4,3
1533864542562086,-3,11,-62,-3,-4,3,0,1
1533864542562086,0,-28,79,23,10,4,10,8
1533864542564078,-6,-7,-58,-10,-11,-1,-1,-1
1533864542564078,-1,-4,8,-9,3,0,-1,-3
1533864542585024,-1,-6,-5,7,6,3,1,0
1533864542585024,-1,11,-68,-15,-15,-6,-5,-5
1533864542586019,0,-7,-20,-4,-2,-1,-4,-3
1533864542586019,1,4,4,3,1,-1,0,-1
1533864542597987,3,0,52,4,6,-4,-1,-2
1533864542597987,-5,7,-45,-13,0,-2,-6,-5
1533864542607960,2,-5,12,2,-3,-2,-2,1
1533864542607960,2,6,10,-3,-4,-4,-3,-2
1533864542621922,-4,-6,15,5,5,2,-1,0
1533864542621922,0,3,-33,-16,-6,1,-1,-4
1533864542623917,-2,-3,0,4,-4,-3,-3,-2
1533864542623917,-1,3,20,2,-6,1,-1,1
1533864542651959,0,0,3,0,-1,-3,-1,3
1533864542651959,-4,-1,-17,-6,-3,-4,-4,-2
1533864542653838,2,-1,24,1,6,3,-2,1
1533864542653838,2,9,-8,-4,-1,0,-1,-2
1533864542659039,2,-21,80,3,8,-3,1,2
1533864542659039,-3,15,-9,0,2,1,-1,-4
1533864542667804,-8,-10,-13,5,-16,-8,0,-2
1533864542667804,-4,-3,2,3,6,-1,1,-2
1533864542682762,1,10,-13,-6,-9,-1,-1,-1
1533864542682762,-2,-8,-5,8,7,4,0,2
1533864542683758,-2,-6,6,0,8,-1,0,1
1533864542683758,-3,-1,-15,-3,-14,-4,-2,0
1533864542704704,-3,0,-8,-5,0,5,-2,-3
1533864542704704,2,-1,-13,-1,14,-5,-3,-2
1533864542706703,3,10,-8,-4,-10,-1,-2,-2
1533864542706703,1,-7,0,1,-1,1,1,-1
1533864542718667,-2,10,-44,-6,-3,-4,-1,-5
1533864542718667,0,-2,24,-1,-8,-2,0,0
1533864542727641,-5,-2,19,-1,3,0,-1,0
1533864542727641,-1,8,50,7,4,1,0,1
1533864542742603,-2,-8,-15,-3,-7,-1,-1,0
1533864542742603,-4,0,-31,-10,1,-1,-1,-3
1533864542743597,-1,-4,-17,4,23,0,-1,-2
1533864542743597,-6,-1,-14,-7,-17,-10,-3,0
1533864542764541,2,-4,48,1,-8,1,-1,2
1533864542764541,2,2,11,2,-11,-1,1,1
1533864542766535,6,0,9,1,4,1,0,-1
1533864542766535,2,-4,-8,-6,4,-2,-3,-3
1533864542778726,0,-2,-11,3,10,4,1,0
1533864542778726,-1,-2,-12,-7,9,2,-1,-1
1533864542787480,-2,1,12,3,-19,-1,0,-2
1533864542787480,-2,-3,-24,-2,7,1,-2,-1
1533864542802444,-2,-1,1,-6,-17,-13,-2,-1
1533864542802444,-1,23,-64,2,6,5,-3,-2
1533864542803437,-2,-63,37,6,1,1,2,2
1533864542803437,2,16,93,6,3,0,2,2
1533864542825382,-1,-8,15,7,8,3,2,2
1533864542825382,-3,-2,0,11,-3,-1,2,-1
1533864542826376,-1,12,-22,-13,-7,-6,-1,-5
1533864542826376,0,-6,-33,-7,6,0,1,-1
1533864542838344,-1,-7,2,-3,-6,-2,-1,-1
1533864542838344,-4,-2,13,3,-4,-2,-3,-1
1533864542847320,0,10,-10,-2,-6,-3,-3,-2
1533864542847320,-2,-9,-4,-3,6,2,1,-2
1533864542862283,-2,10,-15,-2,0,-1,-1,-1
1533864542862283,0,-8,3,-3,9,-1,0,-1
1533864542864274,-2,7,-7,-6,-15,-5,-3,0
1533864542864274,-1,-1,-20,-2,-6,-3,-3,-1
1533864542885218,-1,-2,-7,-8,-9,-6,-2,-2
1533864542885218,0,-3,7,-2,-2,3,0,1
1533864542886216,-3,4,6,5,0,-4,0,-1
1533864542886216,1,1,-8,1,12,8,0,-1
1533864542898183,-2,-3,-3,-4,-8,-1,0,-1
1533864542898183,-2,-6,12,-5,1,0,-2,-3
1533864542907160,-2,8,-14,5,-2,-2,-3,-2
1533864542907160,-3,-6,-15,2,-5,-5,-2,-2
1533864542922123,-1,-1,-1,0,7,-2,-1,0
1533864542922123,0,-3,0,-3,-9,-5,-3,-1
1533864542928108,2,5,4,-3,10,2,1,-1
1533864542928108,-3,-3,-10,3,-4,-3,-1,-4
1533864542945058,0,-1,1,2,0,1,-2,-2
1533864542945058,-2,-1,5,3,-4,-3,0,0
1533864542946055,0,1,-6,1,-5,-1,-3,-2
1533864542946055,-1,-5,-4,7,-3,-5,-1,0
1533864542967003,-1,-2,-6,-7,19,6,1,-1
1533864542967003,-3,-2,-2,-8,-26,-6,-1,0
1533864542968994,0,3,2,-1,7,1,0,1
1533864542968994,-1,-1,-8,2,7,1,-2,-2
1533864542981964,0,-1,-1,1,-6,-4,-4,-1
1533864542981964,-2,-3,0,1,-3,-4,-2,-1
1533864542988941,-2,-4,-2,-7,-1,1,2,1
1533864542988941,-2,2,1,-4,-5,-1,-2,-1
1533864543004901,-2,-3,-6,-6,-6,-3,-2,-2
1533864543004901,-2,-1,0,-6,1,1,-2,0
1533864543005912,0,2,-3,0,-3,-2,-1,-2
1533864543005912,-1,-1,2,5,5,1,-1,-2
1533864543018928,-2,-1,-1,6,-7,-2,0,-1
1533864543018928,1,-2,-1,-9,-2,-4,0,-2
1533864543027865,-1,-2,-2,-7,-2,0,-1,-3
1533864543027865,-1,-3,-5,-4,7,1,-1,0
1533864543041803,2,2,6,3,4,0,1,0
1533864543041803,0,0,9,10,-3,-2,0,2
1533864543048790,-5,-2,-7,-3,2,2,-1,-3
1533864543048790,-2,0,-1,1,-7,-3,-3,0
1533864543064742,-4,0,-3,-3,-1,1,0,-1
1533864543064742,1,-2,-5,2,9,1,1,-1
1533864543066733,3,0,1,1,3,0,-2,2
1533864543066733,0,-1,0,-3,-9,-1,-2,-1
1533864543087680,-3,-2,-2,-5,0,-3,-3,-1
1533864543087680,-2,0,1,-3,1,-1,0,-2
1533864543088674,2,2,1,-4,0,-2,-1,0
1533864543088674,-3,-5,-10,-12,-11,-5,-2,-3
1533864543101823,0,1,4,1,-2,1,-1,0
1533864543101823,-2,-4,-5,-4,-2,1,-3,-2
1533864543108626,-1,-1,0,6,-8,-1,-1,0
1533864543108626,1,1,2,-2,2,0,1,0
1533864543124582,-2,-4,-4,4,-5,-3,-1,-2
1533864543124582,0,0,3,-7,2,1,0,-1
1533864543126573,-2,-2,-3,1,-1,-3,-2,-3
1533864543126573,-1,-2,-3,-6,-6,-1,-1,0
1533864543147520,-3,0,-4,6,9,-4,-2,-2
1533864543147520,-3,1,2,-2,-10,-2,0,0
1533864543148514,0,0,-2,-3,-3,-1,0,-2
1533864543148514,0,-4,-5,3,8,0,-3,-3
1533864543161479,1,4,33,-3,-19,-6,1,1
1533864543161479,-2,-13,9,1,4,-8,-5,-2
1533864543168464,-3,-8,6,-6,8,2,-1,-2
1533864543168464,-4,5,-1,4,-11,-4,-3,-3
1533864543184421,1,1,1,3,4,5,-1,-2
1533864543184421,-1,1,-5,-1,-7,-3,-1,-1
1533864543186413,-2,0,-4,-11,-3,-3,-1,-3
1533864543186413,-2,-1,0,17,12,1,0,0
1533864543207357,-3,-6,-19,-6,-5,-3,-3,-3
1533864543207357,-2,2,-1,-6,0,3,-1,0
1533864543209352,1,6,2,26,9,4,3,3
1533864543209352,2,1,2,-41,-4,-1,0,-2
1533864543222333,0,-3,-19,-7,-5,-1,3,5
1533864543222333,-5,-3,-36,2,-2,0,-9,-15
1533864543228302,-3,-12,24,-1,-2,-2,-3,0
1533864543228302,-2,-6,-42,9,-2,-1,-2,-3
1533864543245258,-4,2,33,6,3,0,-1,-1
1533864543245258,7,2,34,5,-1,2,3,5
1533864543246253,-6,-5,-5,-17,-8,-6,-3,-2
1533864543246253,-2,-4,8,6,4,-2,-2,-1
1533864543267200,2,-1,7,22,13,4,-1,3
1533864543267200,-3,-2,-42,16,0,-2,-2,-1
1533864543269191,1,9,-48,-37,-14,-7,-5,-4
1533864543269191,1,-5,58,8,4,5,4,4
1533864543281159,-6,-6,-33,-10,-7,-4,-4,-5
1533864543281159,3,0,4,-2,7,-5,-3,2
1533864543290136,-2,3,-10,3,6,3,0,-1
1533864543290136,0,0,-19,7,-13,-3,-1,-2
1533864543305231,1,3,-3,-9,2,1,0,-1
1533864543305231,-3,-4,-5,-39,-20,-9,-3,-2
1533864543306094,2,-3,-26,27,1,1,0,0
1533864543306094,-3,2,15,-10,9,3,1,-1
1533864543327040,1,3,15,20,2,8,3,-2
1533864543327040,-6,2,15,6,4,2,2,0
1533864543329032,3,-2,-2,-10,-1,-3,1,1
1533864543329032,-4,-1,-4,14,-5,-4,-5,-1
1533864543341002,0,-1,-14,-8,-5,-3,-2,0
1533864543341002,1,-3,-4,-13,3,0,1,3
1533864543350002,-5,2,11,11,-1,-2,-2,-5
1533864543350002,0,1,-9,-2,-5,-3,0,1
1533864543365032,0,-9,3,-22,-3,-1,4,1
1533864543365032,-1,-8,-37,-17,-11,-5,-6,0
1533864543367054,-3,-4,16,3,0,0,-1,-1
1533864543367054,-3,1,-37,-2,0,-1,-1,-3
1533864543386881,-2,-8,58,18,-2,-4,-4,-4
1533864543386881,2,2,14,6,3,3,5,4
1533864543388873,1,0,-4,-8,-3,-1,-1,1
1533864543388873,-3,-2,-3,-19,-3,0,-2,-10
1533864543400844,-2,1,-33,4,1,-2,1,2
1533864543400844,-2,0,6,4,0,0,-2,-6
1533864543409822,1,1,19,-1,2,1,0,1
1533864543409822,-1,0,-3,-6,-1,-2,0,-1
1533864543424779,-1,0,-11,0,0,0,-2,-3
1533864543424779,1,1,12,10,3,1,1,-1
1533864543426771,-2,-2,-17,-2,-6,-3,-3,-3
1533864543426771,0,0,8,2,-5,-3,-2,0
1533864543447714,0,2,-10,-7,-2,-2,0,-3
1533864543447714,-3,6,-28,5,1,-3,-3,-5
1533864543448711,-4,-3,20,9,4,3,4,4
1533864543448711,1,0,-13,-7,-2,-4,-1,0
1533864543460744,-3,0,37,2,-3,-2,-2,0
1533864543460744,-2,5,54,8,2,1,1,0
1533864543469658,1,-1,7,-3,-4,-2,-1,-2
1533864543469658,0,-1,-7,-7,-9,0,1,1
1533864543484618,0,-1,-30,8,21,-5,-5,-4
1533864543484618,-2,-10,-82,-6,-7,-1,-2,0
1533864543486610,-5,1,20,-1,-5,1,0,-1
1533864543486610,-1,3,10,-13,-8,-4,-3,1
1533864543507558,-1,-7,-10,-1,-18,-4,-3,-1
1533864543507558,-1,-2,-11,2,25,5,-2,-3
1533864543508551,1,-5,15,-8,6,-5,-2,-3
1533864543508551,1,1,-58,-3,-3,2,-1,-2
1533864543521520,-3,4,13,-3,7,5,1,1
1533864543521520,0,1,11,4,18,6,0,2
1533864543529498,-3,-1,-25,-10,-15,-6,-1,-3
1533864543529498,0,-4,46,13,5,1,0,-1
1533864543544459,1,-3,-19,-14,-8,-1,0,-3
1533864543544459,-2,-10,29,0,-2,-1,-2,0
1533864543546451,0,0,-32,-1,-5,-8,-2,0
1533864543546451,-2,-2,3,1,-2,-1,-3,-2
1533864543567393,-1,0,-9,-7,-6,-3,-2,-1
1533864543567393,-2,4,6,0,-11,-2,-1,-2
1533864543569402,1,1,8,12,7,1,-1,-3
1533864543569402,-2,-4,8,4,5,0,1,2
1533864543581357,-1,0,-2,-8,-14,-1,-2,-1
1533864543581357,-2,-2,3,-2,-3,-2,1,-1
1533864543597314,2,-1,4,5,12,5,-1,1
1533864543597314,-1,-3,6,-9,-6,-6,-4,1
1533864543605296,-3,-1,-17,-5,-2,-4,-2,0
1533864543605296,-3,-3,-1,-4,-5,-5,-1,-2
1533864543606296,0,0,0,-7,-10,-3,-2,-2
1533864543606296,2,2,5,-1,9,4,3,0
1533864543627237,1,1,6,5,5,1,-4,0
1533864543627237,0,-1,2,-3,-12,-5,3,0
1533864543629229,-1,-2,1,4,9,5,1,-1
1533864543629229,-1,-3,-2,6,4,-6,-1,-1
1533864543641200,-3,-6,-8,0,-2,-4,0,-3
1533864543641200,0,2,9,6,1,-1,-2,-1
1533864543650178,2,1,-9,6,-5,6,-2,1
1533864543650178,0,-1,3,6,4,5,0,2
1533864543665133,0,0,3,0,-7,-4,-1,0
1533864543665133,-1,-2,-1,0,4,-4,-3,-2
1533864543666135,-2,-4,-5,2,5,2,3,-2
1533864543666135,-2,-1,0,-2,-9,-1,1,-1
1533864543687078,-1,3,2,5,11,2,1,1
1533864543687078,0,0,1,1,-7,-2,-2,-1
1533864543689083,-1,-3,0,-5,-10,-8,-4,-4
1533864543689083,-1,-2,2,3,0,1,-2,-2
1533864543709019,-2,-1,-3,-2,0,-1,-1,-2
1533864543709019,-1,-2,1,1,1,3,2,-3
1533864543710013,-3,-1,-4,-7,-7,-6,-3,-1
1533864543710013,-2,0,4,4,12,3,-2,0
1533864543722978,-1,-2,-2,1,-4,-3,0,3
1533864543722978,0,1,5,-2,-2,3,1,-1
1533864543731994,1,-1,-5,-6,7,2,0,-1
1533864543731994,-2,-2,-2,-3,4,-4,-3,-4
1533864543746914,-2,-3,3,-3,-6,-3,-3,-6
1533864543746914,0,-1,-2,-2,-3,-5,-2,3
1533864543747925,-2,-1,1,1,-4,0,-1,1
1533864543747925,-2,-2,-1,3,2,-1,1,-1
1533864543768858,-2,0,-10,-6,-6,-1,-2,-2
1533864543768858,-1,0,3,-3,-2,0,0,0
1533864543769852,-1,-1,-2,-5,-3,-2,2,1
1533864543769852,-2,-1,-4,-5,-3,-3,0,0
1533864543783821,-1,-3,0,-5,3,-2,-1,-2
1533864543783821,-3,-4,-4,-9,-7,-5,-4,-5
1533864543784812,2,0,6,0,-5,-5,-8,-3
1533864543784812,1,-1,1,0,-2,2,-3,-2
1533864543806773,-1,1,1,2,-1,4,4,4
1533864543806773,-1,0,-3,4,-3,-2,0,-2
1533864543807751,-4,-3,-6,4,10,-3,-1,-2
1533864543807751,-1,-2,-2,2,-9,-1,-2,-2
1533864543828876,0,-1,-1,2,10,0,-4,-1
1533864543828876,-2,0,-3,3,-9,-1,-1,0
1533864543829727,-1,-1,0,2,-3,1,1,0
1533864543829727,-2,-1,1,3,-4,-5,-2,-3
1533864543844655,-1,-1,2,-2,3,-3,-1,-4
1533864543844655,0,-1,-1,-8,-1,1,3,-1
1533864543844655,-1,-1,-1,-1,-1,1,-1,-1
1533864543844655,-2,0,-1,-4,-12,-4,-2,1
1533864543866761,0,-1,-3,3,-1,0,-5,-3
1533864543866761,-3,-2,-3,6,0,-5,0,-4
1533864543874573,0,0,0,2,0,-5,2,-1
1533864543874573,0,2,1,0,5,7,1,3
1533864543889537,0,-1,1,-3,-5,0,1,2
1533864543889537,-2,-1,-2,6,-3,0,-2,-1
1533864543889537,1,-1,1,4,4,0,-3,1
1533864543889537,-3,-1,0,-4,4,-7,-1,-1
1533864543904495,0,-2,-3,-11,-12,-4,-2,-2
1533864543904495,0,-1,-5,-7,-3,0,-5,-2
1533864543904495,-1,-2,-3,-8,-5,2,-4,-2
1533864543904495,-2,-3,-4,-4,-2,-3,1,0
1533864543926437,-1,1,1,-1,2,-2,-3,-4
1533864543926437,-1,-2,-1,-6,0,-3,1,1
1533864543927431,0,3,3,-5,2,0,2,0
1533864543927431,0,0,0,1,13,2,-2,-1
1533864543949372,-2,-3,-6,0,-7,-2,2,1
1533864543949372,-3,-1,-3,-10,-19,-8,-2,-2
1533864543949372,-3,-3,-3,-8,-2,-3,-4,-2
1533864543949372,2,2,1,-5,-1,0,-2,-1
1533864543964332,0,2,0,3,4,2,1,1
1533864543964332,-1,-1,-1,-2,12,4,0,1
1533864543965330,-1,-2,-4,3,-10,-4,-3,-3
1533864543965330,-1,-2,1,5,-2,-8,-4,-3
1533864543986278,-1,-2,-1,-7,-2,-3,0,-1
1533864543986278,2,3,5,8,6,6,6,4
1533864543987271,-3,-3,-27,3,-1,2,-1,-1
1533864543987271,-3,-1,14,4,-3,0,1,0
1533864544009213,-3,-1,1,-1,-9,-4,-3,-3
1533864544009213,1,-2,-2,-4,1,0,-2,-3
1533864544010210,-3,-1,-6,-14,-13,-6,-1,-2
1533864544010210,-1,-1,-5,-3,0,1,-2,-2
1533864544024173,0,0,1,1,6,4,-1,-1
1533864544024173,1,3,5,-1,13,6,-2,2
1533864544025187,-1,1,7,2,-2,0,0,0
1533864544025187,0,-4,-7,-6,-5,-6,-2,-3
1533864544046114,-1,-1,1,-4,-2,-3,0,-1
1533864544046114,-4,-5,-5,-4,-3,-4,0,-2
1533864544047111,-1,2,8,-1,8,-1,-1,-1
1533864544047111,0,0,-2,1,-8,0,-2,-1
1533864544069247,-1,-1,-8,-4,-5,0,-1,0
1533864544069247,-1,0,1,0,1,-4,-3,-1
1533864544070050,-2,0,8,2,-7,0,1,-1
1533864544070050,-4,0,-2,-2,-13,-2,-2,0
1533864544091994,-4,-2,-5,2,8,-2,-3,-2
1533864544091994,-2,0,-3,-2,-13,-3,-5,-1
1533864544092989,-1,-1,5,1,5,0,0,-1
1533864544092989,0,-1,-5,2,5,1,1,-1
1533864544106956,2,-2,2,5,1,-1,-4,-2
1533864544106956,-1,-1,-1,-2,1,1,2,-2
1533864544106956,-1,-1,-2,5,5,-1,0,-3
1533864544106956,-2,1,0,-5,-6,-1,0,-1
1533864544128895,1,0,1,-3,3,1,0,-1
1533864544128895,-3,-3,-33,3,0,1,-3,-3
1533864544129890,0,-2,16,-10,-5,0,0,1
1533864544129890,-2,-3,0,-2,-5,-4,0,0
1533864544151831,-2,-1,1,1,7,-1,-2,-3
1533864544151831,-1,1,-3,8,-5,-7,-7,-5
1533864544152828,-2,-1,-10,-11,-25,-5,-4,0
1533864544152828,0,1,-4,1,3,4,1,0
1533864544166794,-1,1,0,0,-4,0,1,1
1533864544166794,3,1,25,-7,9,-1,-3,-3
1533864544167788,-2,-2,-3,5,3,-3,1,-3
1533864544167788,2,0,-25,-3,10,0,2,6
1533864544188733,1,-1,64,3,-9,2,10,7
1533864544188733,-5,-2,0,1,-4,-1,-3,0
1533864544189738,0,-1,-2,2,3,-1,-3,-3
1533864544189738,-2,-7,-11,-6,-3,-3,-2,-6
1533864544203695,-1,0,-27,1,9,1,-6,-3
1533864544203695,-2,-2,-3,-6,-15,-4,3,0
1533864544204689,0,-2,5,-1,-3,-5,-3,-2
1533864544204689,1,3,5,2,5,1,0,-2
1533864544226630,-1,-2,-11,2,6,1,-2,-3
1533864544226630,-1,-3,20,-4,-7,-2,1,0
1533864544227645,-1,-2,-9,1,8,2,-4,-4
1533864544227645,-2,-4,2,-6,-4,0,4,0
1533864544249580,-1,2,2,-5,-14,-3,0,3
1533864544249580,-2,-1,-12,-2,-4,1,2,1
1533864544249580,-1,0,-7,3,12,0,2,1
1533864544249580,-1,1,7,-6,7,-4,-6,-1
1533864544264541,-3,-5,-17,-1,-8,-6,-4,-6
1533864544264541,1,0,-4,2,3,3,-2,1
1533864544264541,-1,0,0,1,-5,0,3,-1
1533864544264541,-1,-1,6,4,2,5,0,-1
1533864544286474,-1,2,-79,-8,0,-5,-6,-4
1533864544286474,-4,-15,-88,-12,-2,-3,-4,-5
1533864544287468,-2,0,65,4,8,3,3,2
1533864544287468,-6,-6,3,1,-19,-6,-2,-3
1533864544309409,-1,0,0,-5,2,-5,-2,-2
1533864544309409,1,-2,-9,-2,-1,0,-3,-2
1533864544309409,1,3,-25,-8,-11,-2,-5,0
1533864544309409,-2,-2,-23,3,2,0,0,-3
1533864544324369,1,-4,8,0,-7,-2,1,0
1533864544324369,-1,4,-55,-4,9,-3,-6,0
1533864544324369,5,10,89,5,6,4,0,1
1533864544324369,-3,4,55,-13,-11,-6,2,3
1533864544346345,-5,-3,-1,-1,4,3,-1,0
1533864544346345,-2,0,21,1,7,-6,-3,-4
1533864544347308,-2,-5,-61,-4,-10,2,-1,1
1533864544347308,2,-4,-30,2,15,1,-4,-4
1533864544369249,-3,1,26,1,-8,3,5,-2
1533864544369249,-1,0,13,-3,-16,-7,2,0
1533864544370247,-2,-4,-22,-7,-2,0,-2,-2
1533864544370247,0,13,-10,0,2,0,-1,-3
1533864544384209,-2,-2,-59,-4,13,2,-2,-1
1533864544384209,7,0,90,19,13,4,0,1
1533864544385207,0,-2,-8,-6,-11,-1,-1,-2
1533864544385207,-6,6,22,-2,-1,-2,-3,-1
1533864544406163,0,1,10,1,-4,-3,-3,1
1533864544406163,2,10,59,10,7,6,4,0
1533864544407149,-6,2,-29,-6,0,-6,-1,1
1533864544407149,2,-2,-7,1,7,3,-3,-1
1533864544429116,0,1,16,1,-5,-8,-2,-1
1533864544429116,-3,-8,-45,-9,-4,-2,-2,-2
1533864544430097,1,-2,-12,4,7,2,0,0
1533864544430097,-2,-3,-5,2,-20,-7,1,2
1533864544444147,0,-8,-8,-6,21,3,0,-2
1533864544444147,-5,-6,-99,-7,-5,-3,-2,-4
1533864544445047,-2,4,32,-6,-27,-9,-3,-4
1533864544445047,-1,-5,76,2,8,5,-3,-2
1533864544467005,-4,4,5,-10,-28,-8,-3,-1
1533864544467005,-2,-2,15,0,7,4,1,1
1533864544467005,-1,-21,-29,3,11,-5,-3,-1
1533864544467005,1,-7,-40,0,5,3,2,-1
1533864544488935,-3,-8,11,6,-5,0,-2,-2
1533864544488935,-2,7,15,5,21,7,4,1
1533864544489927,-5,-3,-80,-7,-14,-4,-12,0
1533864544489927,10,5,97,2,-11,3,9,6
1533864544503892,-3,-4,26,8,21,4,-1,-1
1533864544503892,-2,1,6,-2,-17,-5,1,-1
1533864544504887,-1,1,25,1,12,4,0,-2
1533864544504887,-2,-9,-124,-10,-1,-4,-6,-3
1533864544526828,2,8,32,5,3,-1,0,-4
1533864544526828,1,2,5,-5,-7,2,4,0
1533864544527825,3,7,88,7,-6,-2,3,0
1533864544527825,-4,-2,-34,-5,-12,-6,-3,-3
1533864544548832,-1,-5,-35,-3,8,3,-1,-1
1533864544548832,-2,2,52,0,-5,-8,-3,0
1533864544549773,-2,2,-44,-1,10,4,2,-2
1533864544549773,-3,-12,2,-2,-14,-1,2,0
1533864544563753,0,-5,5,-3,-4,-2,-1,0
1533864544563753,-5,3,-94,-12,18,0,-7,-5
1533864544564728,6,-9,89,10,-18,-5,3,3
1533864544564728,-1,7,63,9,9,0,-3,3
1533864544586671,-1,-1,77,1,-7,1,2,2
1533864544586671,-6,-8,3,6,-10,-4,-2,-3
1533864544587687,-1,-3,-62,1,25,8,0,-1
1533864544587687,-5,-1,-53,-12,-26,-9,-6,-3
1533864544608612,2,3,-15,-1,-3,0,-2,1
1533864544608612,-2,1,-4,-5,2,-1,-3,-2
1533864544609621,0,1,-8,-2,5,-4,-1,-5
1533864544609621,2,0,2,-2,3,1,-1,1
1533864544623570,0,0,-31,0,-6,-5,-5,3
1533864544623570,2,-6,23,3,13,0,0,0
1533864544631547,-5,2,-19,-10,-31,0,4,-1
1533864544631547,-3,-5,-11,2,3,-6,-3,-5
1533864544646511,-2,-4,-18,1,-2,-3,-5,-8
1533864544646511,-1,-1,6,1,2,7,5,2
1533864544647505,-2,-1,5,4,3,-2,-3,4
1533864544647505,3,2,-6,0,18,3,-3,-1
1533864544669449,-3,-2,1,-5,-14,-6,-2,-1
1533864544669449,2,-1,18,-2,-16,-2,-1,-2
1533864544669449,-1,1,-17,-9,0,-1,-1,-4
1533864544669449,-2,-1,2,2,0,1,-1,0
1533864544683409,-1,1,-9,1,3,0,-1,-3
1533864544683409,0,-1,13,-3,-2,-3,-4,-1
1533864544691391,0,-1,-7,-2,4,-1,-1,-1
1533864544691391,0,5,-30,-6,2,3,-2,0
1533864544707349,5,-17,65,8,10,0,3,3
1533864544707349,-3,3,50,-4,-15,-3,-2,-1
1533864544707349,-2,-2,19,1,1,-1,1,-2
1533864544707349,-1,-3,15,10,8,1,2,-1
1533864544729290,-1,1,-49,-15,-10,-6,-3,-4
1533864544729290,-3,9,-12,-3,-3,-6,-3,-3
1533864544730284,-1,1,-15,-3,4,-5,-4,-3
1533864544730284,-2,-4,-58,-9,2,2,1,-2
1533864544743251,5,-4,80,14,-4,2,6,7
1533864544743251,-3,-2,-44,-10,-5,0,-5,-3
1533864544752273,-2,3,52,10,3,-2,-3,-1
1533864544752273,-3,-1,10,-5,-1,-1,-1,-1
1533864544766191,-5,3,-86,-20,-9,-6,-5,-7
1533864544766191,-1,-13,18,8,3,3,1,3
1533864544767197,-3,-3,-13,-6,-1,-2,-2,-2
1533864544767197,2,16,-13,0,-1,-3,-4,-5
1533864544789126,7,-9,44,9,2,0,2,0
1533864544789126,-6,-8,-102,-10,-1,0,-1,0
1533864544790124,-3,-9,37,4,0,2,1,2
1533864544790124,-4,-6,11,4,-7,1,-1,0
1533864544803306,-5,8,-58,-9,2,-1,-6,-5
1533864544803306,5,5,4,2,9,-1,-2,-3
1533864544812064,0,1,-13,-7,-9,-5,-4,-1
1533864544812064,-3,-8,-18,-5,-8,-5,0,-1
1533864544826065,3,14,50,2,-3,3,0,0
1533864544826065,-1,-2,34,4,-5,-1,4,2
1533864544827272,-3,-2,-34,0,8,-1,-3,-2
1533864544827272,2,-1,27,-1,1,-2,-2,-4
1533864544848969,-2,2,-55,-8,8,-1,0,0
1533864544848969,1,-1,23,2,-2,-4,-4,0
1533864544849963,-2,7,-66,-9,-5,-2,-3,-5
1533864544849963,-1,-17,5,8,4,0,3,1
1533864544863929,-3,-17,28,9,2,1,0,1
1533864544863929,-3,-10,-89,-17,-17,-6,-5,-7
1533864544871904,3,2,45,5,-1,2,2,2
1533864544871904,-4,4,7,-2,-3,-2,2,0
1533864544886868,-2,11,37,7,7,5,1,-2
1533864544886868,-1,-3,35,1,-2,-5,1,1
1533864544887862,3,-4,43,-1,14,1,-3,-1
1533864544887862,-2,4,-33,0,-3,-1,-5,-3
1533864544908809,-2,13,5,1,-24,-2,-2,0
1533864544908809,2,-25,54,5,4,5,5,5
1533864544909818,0,10,-20,0,-1,-1,-2,-2
1533864544909818,-2,-9,9,4,12,1,1,-1
1533864544923767,-3,-3,-56,-7,7,0,-1,-2
1533864544923767,2,10,-33,-5,-8,-6,-3,-5
1533864544931748,8,36,96,5,4,-2,-1,1
1533864544931748,-1,-31,1,6,-6,-2,2,3
1533864544946908,-7,-15,-88,-11,-4,-6,-2,-2
1533864544946908,6,9,112,16,8,5,4,5
1533864544947702,-5,-10,-76,0,5,1,-1,-2
1533864544947702,1,15,40,-3,3,5,-1,-1
1533864544969647,-1,2,-16,-1,-11,-4,-1,-3
1533864544969647,5,-3,38,-2,-2,0,-2,0
1533864544969647,-5,-8,33,2,-3,3,3,4
1533864544969647,-1,6,6,-6,-3,-3,-4,-3
1533864544992641,-1,-3,0,4,7,-1,-1,0
1533864544992641,-2,11,-11,-6,-3,-3,-3,-3
1533864544993581,-1,-7,-43,-6,-5,-7,-2,-4
1533864544993581,0,-9,-4,-1,4,2,-1,0
1533864545006546,0,10,16,-3,-6,-5,-2,1
1533864545006546,-4,3,-43,-5,-4,-3,-3,-3
1533864545007551,-1,-6,-16,-5,-5,-1,-4,-2
1533864545007551,-1,5,-16,-4,-1,-1,1,-3
1533864545029500,-1,-4,-3,-1,-1,-2,-2,-3
1533864545029500,-5,1,-114,-16,-6,-6,-3,-6
1533864545029500,4,-20,65,14,4,5,3,3
1533864545029500,-1,-7,22,5,-4,-3,-1,2
1533864545052622,-3,-5,9,2,2,3,2,3
1533864545052622,-3,-4,-25,-1,0,0,0,0
1533864545053420,0,11,-102,-11,1,-2,-3,-4
1533864545053420,10,21,75,16,28,-2,-2,-2
1533864545066384,-4,0,1,-8,-43,-12,-3,-1
1533864545066384,-5,-16,7,2,-1,1,-2,1
1533864545067382,-4,-9,19,-5,-11,-2,1,-1
1533864545067382,-1,4,12,-7,-5,-3,-2,0
1533864545089328,-4,-4,-1,4,15,-1,-3,-3
1533864545089328,2,10,46,7,9,9,0,-2
1533864545090321,-4,-2,-21,-4,-11,-7,-6,-4
1533864545090321,-1,-5,-49,-11,-4,-1,-1,-1
1533864545112265,1,0,8,0,7,0,0,-2
1533864545112265,0,3,-24,-4,-6,-3,-2,-3
1533864545113280,-2,-5,-24,-4,5,2,-3,-2
1533864545113280,-1,3,-21,-7,-8,-1,-1,-2
1533864545127222,0,-3,-12,-1,4,0,-4,-3
1533864545127222,-1,11,32,3,5,-5,-2,0
1533864545127222,-3,-12,-9,3,-1,2,0,0
1533864545127222,0,5,8,-2,-11,-1,1,1
1533864545149163,0,-1,7,-3,1,0,0,0
1533864545149163,-3,-16,-102,-7,1,0,-3,-2
1533864545150167,-1,6,68,4,-1,-1,1,2
1533864545150167,-4,-5,-41,-4,-2,-1,-3,-3
1533864545172102,0,-7,-17,0,5,0,-1,-3
1533864545172102,-1,-4,-12,2,8,1,3,0
1533864545173100,-2,-2,-55,-13,3,-1,-2,-5
1533864545173100,-4,-22,-8,-1,-16,-1,1,1
1533864545187065,-2,11,25,5,7,2,4,1
1533864545187065,-3,-2,15,-3,-23,-8,-4,-4
1533864545187065,1,-2,-10,3,12,0,-3,-2
1533864545187065,0,-6,-8,-4,-11,-5,-4,0
1533864545209006,3,9,33,-4,0,-2,-2,-2
1533864545209006,0,-9,30,1,-6,-2,0,1
1533864545210001,0,2,1,-1,-3,0,1,-2
1533864545210001,-1,1,-12,9,10,-2,1,0
1533864545232939,-4,-15,-85,-2,-2,3,1,0
1533864545232939,-4,5,76,9,2,3,2,0
1533864545232939,0,23,-15,-7,-10,-6,-1,-1
1533864545232939,1,1,2,6,0,-3,-2,-3
1533864545246922,-1,-20,-76,-13,-2,-5,-4,-4
1533864545246922,-3,3,32,-3,-2,0,-3,-1
1533864545246922,-4,-4,-19,-2,-1,2,0,-1
1533864545246922,1,11,22,1,-2,-1,0,1
1533864545268846,-1,-4,1,-5,-1,-1,-2,-1
1533864545268846,-1,9,-25,-3,5,-4,-3,-2
1533864545269840,2,-15,24,4,-1,0,2,2
1533864545269840,-6,-13,-31,-11,-16,-6,-4,-5
1533864545292782,3,-8,-15,-3,1,0,-4,-1
1533864545292782,-1,6,0,1,7,4,1,1
1533864545292782,-5,-6,-70,-1,-10,-4,0,1
1533864545292782,-3,-3,14,4,-3,1,1,1
1533864545306742,-2,7,26,4,0,2,2,-1
1533864545306742,0,-3,-5,-4,1,-2,-3,-1
1533864545307739,-1,-15,-99,-5,4,1,0,-3
1533864545307739,-2,11,18,-6,2,-1,-3,-2
1533864545329683,-1,10,31,5,0,-1,0,0
1533864545329683,0,-5,-15,3,4,-1,1,-1
1533864545329683,-1,-1,17,2,-2,-2,-1,0
1533864545329683,0,-2,-12,-5,0,-3,-4,-3
1533864545352754,0,2,28,1,5,0,-1,0
1533864545352754,-1,-5,-2,0,-1,-3,0,-2
1533864545353670,0,3,34,-2,-13,-4,-2,-2
1533864545353670,3,3,3,-3,12,1,1,-3
1533864545366752,-3,-5,3,4,-16,-7,-4,-1
1533864545366752,1,2,-2,3,8,3,2,-1
1533864545367580,-4,-3,11,-8,-4,-5,-3,-2
1533864545367580,-3,-3,-12,-2,-8,-2,-3,0
1533864545389521,-2,2,-1,-8,-2,2,1,1
1533864545389521,-1,-1,2,1,-1,-3,-2,-1
1533864545389521,3,1,20,0,1,1,-1,-2
1533864545389521,1,2,0,3,5,3,1,0
1533864545412463,-1,-2,5,2,4,-1,0,-2
1533864545412463,-3,-4,-2,-4,-11,-2,-1,0
1533864545413456,-1,-3,11,-4,4,-1,-2,0
1533864545413456,-2,-2,-12,0,-4,-2,-2,-3
1533864545426425,0,1,4,-2,-1,-1,-2,-1
1533864545426425,-1,-1,-2,3,-3,-1,-1,-1
1533864545427419,-2,-1,10,8,1,0,-1,-1
1533864545427419,-2,-3,-5,-3,2,-2,0,-2
1533864545449364,0,1,9,1,-1,-1,0,-1
1533864545449364,-2,-1,-4,-4,-4,-2,-2,-2
1533864545449364,-1,0,8,-1,1,-1,-2,0
1533864545449364,-1,-2,-4,-4,-5,-3,-3,-1
1533864545472299,-1,-2,0,-2,1,1,-1,-1
1533864545472299,0,1,3,1,1,3,1,2
1533864545473301,-3,-2,2,-1,1,-1,-2,-1
1533864545473301,0,-1,-4,-1,0,0,-1,-2
1533864545486265,1,2,35,0,0,-2,0,-2
1533864545486265,-1,-1,1,-2,-1,-4,-1,-1
1533864545487259,-1,0,6,-1,-3,-3,0,-1
1533864545487259,0,0,1,-3,0,-3,-1,-2
1533864545509503,0,-2,-11,-2,1,-1,0,-1
1533864545509503,-1,-2,-6,-4,-1,-2,-2,0
1533864545510373,0,-2,7,-3,-1,0,1,-2
1533864545510373,-2,-2,-10,-3,-5,-1,-2,-2
1533864545532297,1,-2,-6,2,1,-2,-1,-1
1533864545532297,1,-1,2,0,-2,-1,-2,-1
1533864545533289,-2,-2,-10,-9,1,-3,-3,-2
1533864545533289,-6,-3,-7,-10,-13,-6,-1,0
1533864545546259,-2,-1,-4,-4,-3,0,-3,-2
1533864545546259,-1,0,2,2,7,3,-2,-2
1533864545547252,1,3,3,3,1,-1,-1,-1
1533864545547252,0,-2,2,-2,14,0,2,1
1533864545569198,-3,0,-5,-6,-10,-4,0,0
1533864545569198,1,0,-1,-2,-4,1,3,1
1533864545570191,-4,-4,-7,-3,-6,-2,-2,-1
1533864545570191,2,0,-2,-3,3,0,0,0
1533864545592136,-3,-2,-7,-2,-7,-3,-1,0
1533864545592136,-2,-2,-27,-2,3,2,-4,-2
1533864545593130,-1,0,8,1,5,-1,0,0
1533864545593130,-1,-1,-2,7,-9,-5,-1,-1
1533864545606124,0,-1,4,0,3,2,4,2
1533864545606124,1,0,-5,-4,-3,-5,-3,-1
1533864545614103,-2,0,1,1,1,2,1,-1
1533864545614103,-1,-1,-2,0,-3,-1,-2,-1
1533864545629063,-1,-1,-6,4,4,0,-3,-1
1533864545629063,-3,2,-11,-10,-8,-5,1,-2
1533864545630069,-1,-22,22,6,0,0,0,1
1533864545630069,-1,-2,4,2,1,1,0,0
1533864545652152,-1,0,-3,-2,-1,0,1,-1
1533864545652152,-1,-3,7,4,-1,-1,0,-2
1533864545652999,1,9,-1,-4,-4,-2,-7,-1
1533864545652999,-2,-2,-7,-1,0,-3,0,-3
1533864545665970,1,-6,3,-8,-2,-8,-3,-4
1533864545665970,-3,1,1,11,0,6,0,-3
1533864545673947,-2,6,-11,0,-5,-2,1,2
1533864545673947,1,4,49,4,13,8,5,7
1533864545688904,-3,4,-27,3,4,2,-4,-2
1533864545688904,3,6,-2,12,-2,-4,-1,-1
1533864545689901,-3,-1,12,4,-1,-1,-3,-3
1533864545689901,4,5,39,1,8,-1,-1,-3
1533864545711842,-6,4,-11,-12,0,-2,0,-3
1533864545711842,-4,-2,-45,-18,-27,-8,-2,-5
1533864545712839,-5,0,-46,5,5,7,3,-1
1533864545712839,0,-5,37,10,-3,-3,-4,-1
1533864545725808,-2,-7,7,3,15,7,1,-1
1533864545725808,0,-5,7,-15,-3,-3,-1,-1
1533864545734781,-1,7,-32,-11,-18,-7,-2,-4
1533864545734781,0,2,-34,5,10,3,-1,-2
1533864545748757,3,0,10,36,14,-2,-8,-5
1533864545748757,-3,-8,-9,-26,-7,-3,-3,1
1533864545749741,-3,1,17,6,5,4,8,-1
1533864545749741,-3,-5,-23,-13,-8,0,-2,1
1533864545772697,4,6,36,2,2,2,6,7
1533864545772697,-6,-8,-82,-1,-3,-2,-4,1
1533864545773688,1,8,36,0,6,-3,-3,-6
1533864545773688,1,9,-46,-18,-14,-6,-7,-7
1533864545785850,2,7,43,1,-3,0,2,2
1533864545785850,8,-11,22,12,10,-1,-1,-3
1533864545794621,-11,-10,-11,-3,-3,1,2,10
1533864545794621,-10,4,-25,10,0,-1,-3,-9
1533864545817559,13,-2,-13,-30,-6,2,4,4
1533864545817559,7,7,39,-3,-7,-5,-2,18
1533864545818556,-12,-2,11,6,-3,-3,-7,-23
1533864545818556,3,9,30,8,-4,0,5,13
1533864545832555,-4,-3,-24,-5,-9,-2,-5,-3
1533864545832555,2,5,27,2,0,-1,-3,-11
1533864545833551,12,5,1,-3,-2,-3,-1,6
1533864545833551,15,-3,-113,-24,-4,1,-1,24
1533864545845485,-30,1,-26,7,-3,-2,-2,-42
1533864545845485,-4,-1,112,25,-1,2,4,6
1533864545854464,-2,-9,-28,-10,12,-2,-3,-3
1533864545854464,-4,-20,-3,0,-9,-3,0,-4
1533864545869424,3,-12,-28,-4,5,0,-1,13
1533864545869424,-2,-8,-6,-3,16,6,2,-2
1533864545869424,3,-7,-9,-6,-10,-3,-2,3
1533864545869424,-3,-4,18,-4,-27,-7,-1,-1
1533864545892363,6,-4,-11,-8,-8,-3,0,7
1533864545892363,-8,-3,-25,1,6,-1,-1,-9
1533864545893356,7,3,14,-1,18,1,-1,5
1533864545893356,-2,-2,-2,1,3,-3,-3,-6
1533864545906321,-4,-3,-7,-1,-7,-4,-3,-1
1533864545906321,0,7,15,9,8,1,-2,-5
1533864545914310,0,-8,31,3,-20,-3,1,2
1533864545914310,-10,-11,-19,10,3,7,2,-7
1533864545929261,-3,3,97,-3,0,-2,1,0
1533864545929261,-3,7,-12,-7,-9,-4,-3,-1
1533864545930258,1,0,-27,-17,-1,-1,-1,0
1533864545930258,-6,0,6,-10,3,-4,-5,-10
1533864545952231,6,0,-13,1,8,3,0,2
1533864545952231,-2,3,-44,-5,1,-2,-1,-1
1533864545953225,-1,-9,31,6,-5,-1,0,-2
1533864545953225,0,0,8,4,5,-1,0,-4
1533864545975166,-1,-1,-20,0,-6,0,-2,1
1533864545975166,-3,-2,7,-1,-6,-2,-1,-1
1533864545975166,2,3,-23,2,0,0,1,2
1533864545975166,-15,4,8,1,3,0,-2,-8
1533864545989130,2,-3,-2,1,-5,-2,-1,0
1533864545989130,-1,2,-31,2,0,-1,-1,-2
1533864545990127,-1,-9,-20,-7,-4,1,0,-2
1533864545990127,1,2,28,3,1,-2,-3,-2
1533864546012067,-3,3,4,1,-5,-1,-1,1
1533864546012067,-1,-1,-5,-5,-2,-3,-3,-2
1533864546013078,1,-1,-37,-2,1,1,-1,-2
1533864546013078,4,1,19,7,8,3,1,1
1533864546035009,-6,-9,-36,-9,-6,-5,-5,1
1533864546035009,0,-3,5,-2,-3,0,-2,0
1533864546036003,-1,5,-46,0,-4,-3,-3,-3
1533864546036003,0,-3,4,-8,-3,-3,-2,-1
1533864546048972,0,-5,-16,3,4,-3,-1,-3
1533864546048972,3,9,85,1,1,-2,3,3
1533864546049966,-6,2,12,-6,-10,-5,-3,-2
1533864546049966,-1,0,5,-1,6,0,-2,-2
1533864546071907,0,7,5,3,1,1,0,0
1533864546071907,-2,2,-32,-9,-10,-2,-4,-4
1533864546072917,-1,-5,-16,5,2,-1,1,0
1533864546072917,3,10,38,-5,-5,-5,0,2
1533864546094848,-1,-2,13,3,3,-1,-1,-1
1533864546094848,-1,-3,-9,0,2,-2,0,-2
1533864546095844,-3,-1,23,5,1,-1,0,0
1533864546095844,1,-4,-28,-5,-3,-2,-3,-1
1533864546108813,3,1,-6,2,-2,-1,2,0
1533864546108813,-2,-7,5,-4,-4,-1,-1,-1
1533864546109806,-1,3,11,-4,-3,-2,-4,-3
1533864546109806,-2,-6,-12,-2,-3,-3,-2,-1
1533864546132748,-1,-2,2,-5,-4,0,-1,-2
1533864546132748,0,-7,-9,0,2,-2,0,-1
1533864546132748,2,-2,38,1,3,-2,-2,-2
1533864546132748,-2,0,-2,3,1,1,2,1
1533864546154689,1,-3,-10,-7,-2,0,-4,0
1533864546154689,-5,-3,-6,2,-7,-1,-1,1
1533864546155688,-3,1,-1,-6,-3,-2,0,-2
1533864546155688,0,-2,4,-1,-6,-2,-2,0
1533864546168652,-1,0,-4,-4,0,-5,-3,-3
1533864546168652,0,-2,-8,1,7,3,-1,-2
1533864546169648,-1,-1,4,-2,-2,-2,-4,-2
1533864546169648,0,-1,5,3,0,-1,1,-1
1533864546192770,-3,-9,-4,-3,2,-1,0,0
1533864546192770,-2,-8,-4,-3,-11,-2,0,-2
1533864546192770,0,-1,9,0,1,1,0,2
1533864546192770,1,3,-21,-9,-3,-2,-2,-1
1533864546214526,-3,-10,10,4,-3,1,1,3
1533864546214526,-2,-1,-1,-1,0,-2,0,-3
1533864546215524,1,3,-1,3,1,-1,0,-1
1533864546215524,0,-2,-11,1,0,1,1,-2
1533864546229486,0,4,-4,-7,-6,-4,-2,-3
1533864546229486,1,0,-2,0,5,2,-1,2
1533864546229486,-2,-3,-2,-5,-3,-2,-2,-1
1533864546229486,-1,-2,2,-1,-1,-2,-4,-1
1533864546252425,-2,1,-1,7,-4,-1,1,-2
1533864546252425,0,-1,-1,2,3,-2,-1,-1
1533864546253423,-1,3,-3,2,1,-2,1,0
1533864546253423,-1,-1,7,1,-10,0,-1,0
1533864546274370,-1,2,-7,-8,-6,-3,-2,-3
1533864546274370,-1,1,-3,-3,1,-2,1,0
1533864546275364,-3,-3,-4,-4,2,-3,-3,0
1533864546275364,-4,-4,-3,1,1,-1,-3,-3
1533864546289340,0,2,4,6,1,0,0,1
1533864546289340,-1,1,-1,-4,-2,-2,-3,-3
1533864546290325,-1,-1,2,-1,-3,0,-1,-2
1533864546290325,0,-1,3,0,2,-2,2,-1
1533864546312265,-1,1,-4,-1,0,0,-2,-1
1533864546312265,0,-2,0,0,-1,-1,-2,0
1533864546313262,0,0,3,2,-1,1,0,1
1533864546313262,-2,-2,-6,-11,-1,-2,-1,-2
1533864546335206,-1,-1,0,-3,6,2,1,-2
1533864546335206,-1,-3,-3,2,11,1,-1,-2
1533864546335206,-3,-2,1,-2,-16,-2,0,-3
1533864546335206,1,-3,0,2,-6,-2,-1,1
1533864546349166,-3,-1,-2,-8,-8,-5,-1,0
1533864546349166,-3,-4,-6,-2,4,-2,-3,-3
1533864546350163,0,0,2,7,9,-4,1,-2
1533864546350163,0,-1,-1,-3,11,0,-2,-4
1533864546373102,2,1,3,1,9,0,-2,-1
1533864546373102,1,3,4,-10,-25,5,6,2
1533864546373102,-1,-1,2,11,15,6,3,2
1533864546373102,-4,-4,-6,-4,-27,-17,-6,-4
1533864546395047,-4,-3,-1,-12,14,6,3,-1
1533864546395047,-1,0,-2,-3,0,-3,-3,-1
1533864546396041,-2,-2,-6,-15,-19,3,-1,0
1533864546396041,-1,-1,2,8,10,5,2,0
1533864546408009,-1,-2,-8,6,-2,-2,-6,-3
1533864546408009,-2,-2,-1,-1,8,-5,0,-1
1533864546416985,0,0,0,-1,-2,-1,-1,-1
1533864546416985,-1,-2,0,2,-1,-3,-2,-2
1533864546431961,1,1,1,-2,-4,0,0,1
1533864546431961,-1,-2,-2,0,1,-1,-1,0
1533864546433939,-2,-1,3,-1,-22,-7,-2,-2
1533864546433939,0,1,3,-2,7,4,1,1
1533864546454886,0,-5,-7,2,13,0,-3,-4
1533864546454886,-3,-1,0,-5,-23,-1,0,-2
1533864546456894,-6,-1,-5,5,11,-4,-2,-2
1533864546456894,4,3,6,1,-3,9,4,4
1533864546468849,-5,-4,-7,-12,-29,-2,1,0
1533864546468849,-1,-2,2,23,29,0,-3,1
1533864546483809,-1,-3,-7,-3,6,-3,-4,-4
1533864546483809,-5,-2,-4,-1,-16,-8,-5,-3
1533864546492785,4,3,14,15,5,-2,1,3
1533864546492785,-2,-4,-12,-8,-4,-3,0,-3
1533864546493780,1,-1,4,2,1,0,0,-1
1533864546493780,1,-1,1,-3,8,1,0,-1
1533864546514723,0,0,0,4,-3,-2,-3,-1
1533864546514723,2,0,-5,-18,-6,-2,0,1
1533864546516726,1,-1,-4,-9,-3,-2,-3,-1
1533864546516726,-1,0,2,6,9,3,1,-1
1533864546528689,5,6,24,43,37,-2,0,-1
1533864546528689,-3,-5,-11,-15,-3,0,1,-2
1533864546537662,-3,-1,1,-7,-51,-1,1,-1
1533864546537662,-6,-8,-16,-59,-43,-16,-8,-6
1533864546552828,-9,-6,-17,-18,15,9,2,2
1533864546552828,1,3,11,27,9,2,-2,0
1533864546553621,0,1,-1,12,29,2,2,3
1533864546553621,-2,1,1,-1,-11,0,1,-1
1533864546574567,0,0,2,-2,7,-3,-2,-2
1533864546574567,0,1,2,-5,3,-4,-2,-2
1533864546576573,2,-2,-3,-1,2,0,0,-1
1533864546576573,1,0,5,18,15,3,1,0
1533864546588526,-1,-2,-4,-11,-19,-6,-2,-2
1533864546588526,-3,-2,-4,1,-9,-2,-1,-3
1533864546597522,-1,0,4,-1,3,-4,-2,-1
1533864546597522,2,-1,4,4,9,2,2,1
1533864546612479,-3,-4,-21,-17,-18,-5,-5,-4
1533864546612479,-2,0,8,13,-15,-4,-4,-2
1533864546613468,2,0,5,25,34,5,1,-1
1533864546613468,0,1,2,-31,-23,-2,1,-2
1533864546634407,-10,-10,-9,24,-4,-9,-6,-3
1533864546634407,1,-2,-1,-13,-3,0,0,0
1533864546636398,-2,-1,-7,2,1,-1,-2,-2
1533864546636398,1,0,4,14,21,4,-1,1
1533864546648381,2,0,5,-10,-14,2,0,-1
1533864546648381,-1,-2,-4,-1,2,-1,-1,-1
1533864546657342,1,1,0,-7,2,-2,-1,-1
1533864546657342,0,-1,-7,10,0,-4,0,-1
1533864546672301,-2,1,1,-10,-5,0,0,1
1533864546672301,0,0,0,3,2,1,-3,0
1533864546674296,-1,-2,-6,-11,-8,-2,-2,0
1533864546674296,-2,-2,-3,12,4,1,0,-3
1533864546695327,0,-1,-2,3,-7,-3,1,-2
1533864546695327,3,3,11,-6,4,1,3,-1
1533864546696239,0,0,-4,-8,-4,-2,1,0
1533864546696239,-3,-6,-4,4,3,2,-2,-1
1533864546708422,-2,-2,-5,-5,-11,-3,1,1
1533864546708422,-3,0,4,-1,-16,-4,-2,-1
1533864546717185,-3,-1,-21,6,-2,-3,-4,-4
1533864546717185,-2,-3,4,2,8,-2,-2,-2
1533864546731155,0,2,6,-7,14,5,1,0
1533864546731155,-3,-1,-4,-2,-8,-3,-2,-2
1533864546738137,0,3,-1,-15,-3,1,1,-1
1533864546738137,-1,0,3,6,3,-3,-2,-2
1533864546755080,-1,-5,-14,4,-12,-4,-4,-3
1533864546755080,-1,-2,-6,-6,18,-1,-1,-2
1533864546756078,2,0,11,8,11,7,-1,-2
1533864546756078,-5,-4,-10,-11,-22,-7,-3,-1
1533864546768241,0,1,6,-12,-10,1,-1,1
1533864546768241,0,-1,-4,1,10,3,0,0
1533864546777222,-4,-4,2,-3,-9,-4,-3,-1
1533864546777222,0,0,1,2,12,0,0,-1
1533864546791982,-1,1,-1,5,5,-3,-2,0
1533864546791982,-1,-4,-6,-6,-1,-1,-1,-1
1533864546798966,0,-1,2,-3,6,1,-1,-1
1533864546798966,1,1,3,6,-1,-2,0,2
1533864546814924,-4,-5,-16,-10,-16,-5,-4,-6
1533864546814924,0,1,1,-3,-6,0,1,-1
1533864546815917,-1,-4,-2,-4,-5,-4,-3,-2
1533864546815917,-2,-1,-4,14,13,6,-2,-3
1533864546828904,2,2,6,-1,6,-4,2,-2
1533864546828904,-2,-4,-4,-1,-7,-2,-3,-5
1533864546837868,-4,-5,-1,-4,-5,-4,-3,1
1533864546837868,1,1,1,-1,-25,-7,-1,-1
1533864546851825,1,-2,5,4,35,11,1,-1
1533864546851825,-6,-4,-5,-13,-21,-5,-4,-1
1533864546858803,2,2,5,-2,4,-2,0,0
1533864546858803,-2,-4,-8,5,3,-2,-2,-2
1533864546874763,0,-2,1,-1,-2,-3,-1,1
1533864546874763,-1,1,0,3,8,2,1,1
1533864546876756,-1,-2,1,-6,-7,-1,-3,-2
1533864546876756,0,-1,-1,-3,9,1,-1,-2
1533864546897699,-2,0,-1,-4,-23,-3,0,-1
1533864546897699,0,-1,2,8,4,-3,0,-2
1533864546898696,-2,1,-5,-3,-5,-5,2,-2
1533864546898696,0,1,-1,-5,1,3,1,1
1533864546911665,2,1,1,8,-4,0,-3,-2
1533864546911665,-4,-2,0,-5,-4,-5,-5,-2
1533864546925628,-3,-3,1,2,2,1,-1,-3
1533864546925628,-1,2,3,0,-1,-1,0,-1
1533864546934646,-4,-4,-8,-15,-1,2,0,-1
1533864546934646,2,2,5,13,12,5,1,1
1533864546936602,-1,-3,-7,-4,-11,-8,-3,-3
1533864546936602,-1,-3,-4,-8,-5,6,2,2
1533864546957594,0,1,2,-6,-5,0,-3,0
1533864546957594,-3,-3,-1,3,-2,0,1,-2
1533864546958734,-1,-5,-1,-1,11,0,-2,-3
1533864546958734,-1,2,4,4,5,-4,-3,-1
1533864546971501,0,0,2,-3,-11,-5,-1,0
1533864546971501,1,0,-3,-1,7,4,-3,1
1533864546978483,-4,-2,-1,5,-7,-5,0,-1
1533864546978483,-2,-4,-5,-1,13,0,-2,-1
1533864546995450,-3,0,1,1,-7,-3,-1,0
1533864546995450,0,-1,-3,-4,-17,-4,-1,-2
1533864546996471,1,1,3,5,13,3,3,-1
1533864546996471,-1,-2,-5,-9,-14,-3,1,-1
1533864547017408,-2,0,2,-8,4,-3,0,1
1533864547017408,-1,2,1,2,-1,4,2,2
1533864547019378,-2,-2,-3,-1,-11,0,-3,0
1533864547019378,-2,-4,-1,-1,1,-4,0,-5
1533864547031345,2,0,5,7,3,0,1,0
1533864547031345,-2,-6,-7,-4,-7,-7,-3,-4
1533864547040328,0,0,-1,-5,-5,-2,-2,-1
1533864547040328,-1,-3,-3,-2,4,-5,-4,-1
1533864547055282,1,-5,-4,-4,-6,-2,0,-3
1533864547055282,0,-4,-1,2,5,-4,-1,-2
1533864547056289,-1,0,-1,-4,-1,1,-2,-1
1533864547056289,-2,1,1,0,0,0,-2,-2
1533864547077222,-1,1,4,4,4,2,2,-1
1533864547077222,-3,-4,-8,-5,-1,-6,-2,-1
1533864547079214,-2,1,-1,-5,-16,-1,-1,0
1533864547079214,-2,-1,-3,0,-23,-3,-2,-2
1533864547091182,-3,-3,-3,6,8,0,-1,-3
1533864547091182,-2,-2,-2,-7,-14,-5,-3,-2
1533864547100157,-1,0,2,3,4,-2,2,-1
1533864547100157,2,-2,-2,-2,3,-1,1,0
1533864547115120,1,0,-1,-1,0,0,-3,-1
1533864547115120,0,-1,0,-2,3,-2,0,-4
1533864547116115,-2,-2,-1,-3,2,-2,-2,1
1533864547116115,-2,-1,-2,-3,0,-3,-2,-2
1533864547137059,-2,-2,-2,-1,7,1,0,-2
1533864547137059,0,1,-1,2,-4,1,0,-1
1533864547139054,-1,0,-3,-2,2,3,0,-1
1533864547139054,-1,-1,0,-1,2,4,0,0
1533864547151025,-1,-2,-6,-1,0,-5,-1,-1
1533864547151025,1,-1,2,-4,-6,-3,0,-1
1533864547159998,-1,-1,2,1,8,-3,-2,0
1533864547159998,-2,-4,-7,-7,-27,-9,-6,-3
1533864547174962,-2,-1,-1,-5,-13,1,-2,-1
1533864547174962,1,0,1,-1,0,1,1,0
1533864547175955,1,0,-1,2,24,3,0,-1
1533864547175955,1,-1,3,0,-12,-4,0,-1
1533864547197904,0,0,-1,-5,-10,-3,-1,0
1533864547197904,-5,-3,-4,-2,0,-3,-1,-1
1533864547198907,-1,0,2,0,-6,2,-1,0
1533864547198907,-2,-1,-2,3,15,2,-1,-2
1533864547210865,-1,-1,-5,0,-1,0,-4,-1
1533864547210865,-1,-1,1,2,1,0,1,1
1533864547219837,1,-2,-3,4,-3,-4,-1,-4
1533864547219837,0,-1,0,-7,5,0,0,0
1533864547234800,-3,-4,-8,-10,-18,-10,-2,-3
1533864547234800,0,0,0,2,8,5,-1,0
1533864547236792,-2,-3,-3,-4,-11,-2,-2,0
1533864547236792,-2,-1,0,0,5,0,-1,0
1533864547256742,1,-1,4,1,-1,3,1,-1
1533864547256742,1,0,0,0,2,-4,-1,-1
1533864547258734,-2,-2,-1,-6,-12,-1,0,-3
1533864547258734,-1,2,-2,-2,0,-2,-1,1
1533864547270704,-1,0,-8,6,10,-1,0,-1
1533864547270704,-1,-5,9,1,15,-3,-2,-1
1533864547279677,-2,1,2,-6,-32,-10,-2,0
1533864547279677,0,-5,34,0,1,0,0,2
1533864547294641,-2,1,34,2,2,0,0,1
1533864547294641,-1,-1,2,4,0,1,-2,-1
1533864547296633,-1,-2,9,1,1,0,-1,-1
1533864547296633,-1,0,-6,-4,-5,-3,0,-2
1533864547317579,-2,-1,-14,-3,6,2,1,-2
1533864547317579,-1,-2,-1,3,-4,0,-1,-1
1533864547319571,-1,-1,-8,-8,1,-6,-1,-2
1533864547319571,0,0,-15,3,0,2,1,-1
1533864547331542,-1,0,-1,3,6,-1,-3,-4
1533864547331542,-3,1,-7,0,-7,-2,1,1
1533864547339517,-1,-4,-12,-1,7,3,-1,0
1533864547339517,-2,-2,-9,0,-9,-4,-1,-1
1533864547354477,0,1,7,4,-11,-1,0,0
1533864547354477,-1,-4,-7,-7,2,-3,-5,-2
1533864547356473,-2,0,-2,-5,-10,-2,0,-1
1533864547356473,-1,1,3,5,25,0,0,-1
1533864547377434,-3,-3,-10,-5,-1,-1,-2,-1
1533864547377434,-1,1,-4,-2,-14,-5,-2,-3
1533864547379416,-1,-2,2,4,6,7,0,-1
1533864547379416,-1,1,-7,-1,0,1,0,0
1533864547391382,-1,-1,-11,-2,-9,-3,-1,-1
1533864547391382,-1,-3,-2,-9,-4,1,1,0
1533864547400354,-1,-2,-1,6,0,-4,-2,0
1533864547400354,-2,-2,0,-2,-11,-1,-2,-1
1533864547415343,1,-2,-1,-6,13,-3,0,0
1533864547415343,-2,-2,2,0,6,-1,-4,-4
1533864547416312,-1,0,-2,-3,-12,-6,-2,-1
1533864547416312,-2,0,-6,0,0,3,-1,0
1533864547437259,-2,0,-4,2,-4,-4,-6,-3
1533864547437259,-2,0,-5,0,1,3,-3,-1
1533864547439251,-1,1,-1,-1,2,-1,2,3
1533864547439251,-1,0,-2,-1,4,-1,0,1
1533864547451222,-1,-1,1,-1,-4,-8,-1,0
1533864547451222,0,1,0,-1,0,3,2,-4
1533864547460196,2,0,-1,-1,6,3,3,4
1533864547460196,-3,-1,0,3,-6,-3,-5,0
1533864547475363,0,1,2,-4,3,3,4,-1
1533864547475363,-3,-3,-6,0,-7,-6,-2,-2
1533864547476152,-2,-1,-3,0,0,-3,-5,-4
1533864547476152,0,-2,-3,-2,-3,-2,-4,-4
1533864547497306,0,1,1,-1,5,0,-1,-1
1533864547497306,0,1,-29,-3,-2,1,-3,-7
1533864547499092,0,-2,11,-5,-8,1,-2,-3
1533864547499092,-4,-3,-5,-8,-8,-4,-2,0
1533864547511058,0,-4,-5,-1,-3,1,5,9
1533864547511058,0,-1,-2,0,5,-1,1,8
1533864547520034,-2,-1,-5,6,12,2,6,8
1533864547520034,9,14,13,-2,1,-2,-10,-6
1533864547534994,-6,-11,7,1,-4,0,-5,-15
1533864547534994,-10,-7,0,0,-7,-3,-2,12
1533864547536993,-5,-4,-3,-2,-5,-1,0,-6
1533864547536993,3,7,-19,-8,0,-9,-16,-8
1533864547556964,-3,8,-69,-14,-8,-9,-6,-2
1533864547556964,9,17,39,4,-10,0,4,4
1533864547558931,2,-32,38,5,12,8,12,6
1533864547558931,-5,-7,52,2,3,14,6,-25
1533864547570902,7,2,-9,0,3,1,-4,19
1533864547570902,-10,-12,-78,-25,-5,-4,-17,-2
1533864547579875,19,-15,83,10,-9,-9,20,-12
1533864547579875,-15,-35,2,7,-1,12,15,39
1533864547594838,-39,-30,64,19,6,7,-10,-57
1533864547594838,-9,7,-26,4,4,-4,-9,-5
1533864547596833,16,26,-102,-21,-3,-10,-12,3
1533864547596833,-3,16,-115,-2,4,-8,-15,2
1533864547617776,-27,-10,-91,-23,-8,1,0,3
1533864547617776,18,-8,65,19,4,2,6,-6
1533864547618770,-16,0,74,15,3,3,1,21
1533864547618770,24,2,48,14,3,4,8,-10
1533864547630738,31,28,37,1,-3,-3,9,29
1533864547630738,-1,60,-82,-17,12,-1,-2,4
1533864547647693,46,26,-22,-8,-15,-1,0,8
1533864547647693,34,-23,-4,-14,12,0,-5,-6
1533864547654678,-48,-60,18,-4,-1,-7,-24,-62
1533864547654678,30,-71,-36,-22,-20,-5,-6,-11
1533864547668640,-20,-25,-28,3,6,3,-8,-11
1533864547668640,38,43,-75,-19,-4,-3,7,18
1533864547677616,-6,40,21,-4,8,4,8,26
1533864547677616,-25,-36,127,5,5,0,10,7
1533864547678619,2,28,66,-33,-5,-4,-12,-3
1533864547678619,-28,-13,-20,-23,-2,0,7,-9
1533864547690592,25,21,23,1,-6,-4,5,16
1533864547690592,-5,17,-30,11,2,6,4,1
1533864547699554,-7,-4,-37,9,-7,3,-2,-11
1533864547699554,-7,2,52,25,5,-3,-3,-2
1533864547714517,4,-6,-32,15,4,-8,-5,-3
1533864547714517,3,5,13,7,16,0,3,2
1533864547721499,-15,-11,-49,-4,-66,-31,-17,1
1533864547721499,-10,-8,-7,6,22,-4,-1,4
1533864547738471,18,3,10,13,-9,35,15,13
1533864547738471,-2,-1,-19,17,24,18,5,-8
1533864547739448,-4,5,-3,8,20,2,-1,-7
1533864547739448,-6,-1,6,6,-31,-14,-5,8
1533864547751419,13,-1,6,5,3,-14,-4,-13
1533864547751419,11,9,20,7,-13,-8,-17,-39
1533864547760392,-2,-4,-26,3,-2,-5,1,61
1533864547760392,-4,-6,15,5,0,0,12,14
1533864547774357,1,-2,-16,-13,6,1,15,14
1533864547774357,-13,3,-6,-9,-9,1,7,7
1533864547781336,-3,0,-3,-3,5,1,-12,-27
1533864547781336,-5,-7,-9,-2,0,-4,-11,-21
1533864547797293,5,1,6,4,-5,-4,-6,7
1533864547797293,-1,2,-10,1,-17,-7,-8,-2
1533864547799291,-3,-3,-8,7,16,3,-2,-16
1533864547799291,-6,-2,13,-3,1,3,-2,-6
1533864547820246,-8,-9,-41,-2,-10,-3,-5,-12
1533864547820246,3,5,64,1,-6,-6,5,14
1533864547821229,-6,-6,27,-1,12,4,0,-10
1533864547821229,-9,-2,1,-2,-6,2,2,-5
1533864547833201,7,3,11,-1,-1,-2,-1,7
1533864547833201,4,-11,-96,3,34,-5,-4,-3
1533864547842174,-8,1,5,-19,-43,-10,-2,-7
1533864547842174,-6,5,11,-9,-21,6,3,0
1533864547857136,-3,-5,-2,-17,-59,-18,-9,1
1533864547857136,-4,-2,-25,-5,31,5,-1,6
1533864547859128,-2,-1,-17,4,6,3,2,-11
1533864547859128,-3,-2,-2,12,-10,-5,-8,-4
1533864547880075,-2,-6,-25,-2,27,5,-2,-2
1533864547880075,0,1,15,-4,6,-7,1,0
1533864547881069,-1,-1,-13,-12,-21,-1,0,-2
1533864547881069,-1,4,25,8,6,3,-1,-1
1533864547894035,0,1,-83,-12,-10,-3,-4,-2
1533864547894035,-3,1,66,1,-5,3,0,1
1533864547901018,0,4,68,15,28,8,2,-2
1533864547901018,-3,-3,-10,2,-8,-5,0,-4
1533864547924954,0,3,6,27,14,-4,-2,-4
1533864547924954,3,-7,-71,17,-29,-4,0,-1
1533864547926961,-3,6,3,18,11,4,0,-3
1533864547926961,-2,4,89,4,-1,-2,-2,-4
1533864547940909,1,2,77,-9,14,0,2,11
1533864547940909,-6,1,3,-14,-4,5,0,-2
1533864547941907,1,-5,-14,-5,-5,2,0,-6
1533864547941907,5,-7,-30,-44,11,-2,-8,-3
1533864547953877,-2,-2,-42,16,7,10,5,4
1533864547953877,1,0,53,-28,-47,-13,-5,-10
1533864547960872,2,-3,-89,-15,22,-6,-5,-7
1533864547960872,3,-1,26,-10,18,5,5,2
1533864547977813,-2,0,37,-10,-3,-7,-4,-3
1533864547977813,-10,-8,-39,-13,-20,1,4,3
1533864547978825,-7,-2,36,12,-4,1,-1,0
1533864547978825,-4,-1,-20,-8,-7,-7,-3,-4
1533864547999885,3,2,6,3,-2,-2,-2,-2
1533864547999885,4,8,9,2,12,3,3,2
1533864548001747,10,4,-6,-12,5,3,-3,-8
1533864548001747,-26,-2,-63,5,-2,-3,5,14
1533864548013714,7,-14,-12,-4,3,6,4,-6
1533864548013714,-2,-7,17,6,-2,-5,-7,2
1533864548022693,0,-11,-24,-4,-12,-2,1,7
1533864548022693,8,5,-22,3,7,0,-3,-7
1533864548037650,1,8,33,-1,2,-6,-4,-2
1533864548037650,-2,4,36,4,12,3,0,1
1533864548039646,-5,-6,-68,-7,-39,-8,2,-4
1533864548039646,1,2,80,12,-8,5,0,2
1533864548059591,-1,-1,36,10,2,-1,2,0
1533864548059591,1,-4,-45,-2,5,2,-1,-4
1533864548061592,-5,2,36,4,19,1,-1,2
1533864548061592,1,-4,-28,-8,-20,-9,-2,-4
1533864548073554,-4,-7,-9,3,-8,0,-1,2
1533864548073554,3,10,-10,-1,22,1,-1,-3
1533864548082530,0,-2,8,-6,-6,-6,0,-2
1533864548082530,-3,-6,-68,-9,-30,-11,0,-2
1533864548097490,0,16,11,-16,8,0,-7,-6
1533864548097490,-4,-2,-3,9,-10,1,1,3
1533864548098500,-4,-2,7,-7,10,3,-4,-3
1533864548098500,10,3,41,2,25,8,2,-1
1533864548127619,0,-1,-48,2,0,-10,-3,-1
1533864548127619,-3,8,54,1,-24,5,-1,-3
1533864548129418,-2,-1,-74,-26,-22,-3,5,3
1533864548129418,-1,-26,-16,-2,-2,3,-4,-7
1533864548133555,-5,2,-65,3,-6,2,2,-2
1533864548133555,-7,-22,-4,12,10,-4,3,4
1533864548142405,-6,-10,-4,-7,14,1,-1,-4
1533864548142405,-2,-7,-46,23,-3,-7,-2,0
1533864548157346,7,-2,-13,-20,1,0,-4,-6
1533864548157346,-1,3,-34,3,-1,-3,0,-5
1533864548159325,0,4,-41,-32,7,3,-4,-5
1533864548159325,-10,-1,1,33,-1,-8,-6,5
1533864548179271,4,2,34,-17,-6,-24,-18,-17
1533864548179271,3,10,-12,5,-15,0,-3,7
1533864548181266,-5,-2,25,1,18,19,19,22
1533864548181266,-2,0,16,-5,12,16,16,14
1533864548193237,0,-2,16,19,16,28,10,9
1533864548193237,0,3,26,6,-9,-15,-7,-1
1533864548202213,-8,-11,-4,-28,-10,-18,-16,-17
1533864548202213,16,14,33,17,38,-8,-5,-1
1533864548217173,-12,-20,9,-54,-63,-2,2,-12
1533864548217173,0,-9,-15,-24,11,-6,3,-1
1533864548219165,-4,13,96,45,-15,4,-6,-5
1533864548219165,-8,-4,-16,-27,-50,-11,-4,-7
1533864548240109,-1,-4,-30,-5,15,-1,-5,-1
1533864548240109,4,7,-7,18,16,10,1,1
1533864548241112,-1,-3,-40,19,26,-6,-2,0
1533864548241112,-1,2,-48,-77,-32,-3,-3,-7
1533864548253077,0,5,17,12,13,-2,1,4
1533864548253077,-5,-10,-25,-47,-17,-6,-3,-2
1533864548262050,3,0,-1,39,12,4,-2,-6
1533864548262050,9,5,2,20,15,1,-14,-20
1533864548277013,-7,-1,9,0,-7,-1,10,21
1533864548277013,-5,0,14,8,4,2,11,22
1533864548279010,15,1,-3,9,9,-1,5,10
1533864548279010,0,13,28,0,5,1,4,11
1533864548299952,0,-4,100,31,29,-8,-9,-16
1533864548299952,-4,-2,-24,-10,-26,-1,-6,-13
1533864548301947,-3,-1,11,10,4,4,1,2
1533864548301947,-3,6,-69,0,-57,-5,-2,-13
1533864548313915,2,-1,-7,33,25,-2,-3,1
1533864548313915,-5,0,-8,20,-28,-9,-7,-6
1533864548321890,14,10,50,5,2,-11,-15,-22
1533864548321890,0,-16,53,3,31,15,21,46
1533864548335878,-3,-7,-97,-28,13,8,4,4
1533864548335878,5,0,109,5,35,5,3,9
1533864548344828,-4,5,-23,-41,-35,-8,-6,-4
1533864548344828,-2,-3,60,32,26,-5,-6,-13
1533864548359792,1,2,44,0,-12,-2,-1,0
1533864548359792,0,-12,-102,8,8,0,-3,-6
1533864548361784,12,13,29,11,11,5,6,8
1533864548361784,17,12,99,11,1,-1,1,2
1533864548373751,-53,-29,-4,-10,-15,-3,-3,-8
1533864548373751,15,-2,-34,-12,-8,-3,-8,-13
1533864548382727,-6,-11,-7,10,0,-2,-1,-2
1533864548382727,2,3,-49,-9,6,-1,-1,-4
1533864548397687,20,17,-9,7,-11,2,0,4
1533864548397687,-8,-8,3,-4,-4,-3,-4,-6
1533864548403671,-9,-2,-72,-30,-7,-8,-4,-1
1533864548403671,-3,-13,28,-5,7,-1,-4,-6
1533864548427610,12,22,56,41,45,10,8,6
1533864548427610,-2,-2,-91,-77,-59,-15,-8,-8
1533864548428604,-2,-30,-22,-30,8,6,-3,-2
1533864548428604,-31,-4,-32,-64,-28,-14,-11,-11
1533864548433591,1,8,103,20,-8,0,0,0
1533864548433591,1,10,31,5,16,10,8,6
1533864548442584,0,2,-38,50,11,1,-3,-16
1533864548442584,2,-8,-43,16,10,0,10,17
1533864548457725,12,-6,-119,-15,3,3,-4,5
1533864548457725,1,-3,40,26,17,-1,-2,-4
1533864548458525,-5,7,20,-14,-22,-11,-5,-4
1533864548458525,0,-2,-8,15,12,8,1,-7
1533864548480466,7,12,-23,-6,-16,6,6,15
1533864548480466,-12,-16,7,27,12,5,6,11
1533864548481469,-17,-1,-11,-73,-10,-7,-3,0
1533864548481469,1,-6,-105,58,-20,-10,-10,-10
1533864548493649,9,-18,-63,-53,-31,-7,-6,-5
1533864548493649,-10,9,70,34,-10,-3,-3,-4
1533864548502407,4,8,21,60,48,9,7,7
1533864548502407,3,-17,-127,-96,-35,-6,-7,-6
1533864548517370,-8,18,-1,61,14,-17,-8,-15
1533864548517370,0,-17,-74,13,1,7,-10,-7
1533864548519365,-16,-12,42,0,-33,-6,9,5
1533864548519365,-5,-14,-30,-13,-12,-26,-25,-8
1533864548540306,-8,-8,-20,-4,23,-2,6,12
1533864548540306,49,48,-16,2,21,30,43,47
1533864548541304,24,14,-9,32,50,60,22,-7
1533864548541304,-25,-33,7,8,12,8,11,4
1533864548553436,-14,-19,10,-25,-28,-17,-20,-38
1533864548553436,-15,5,10,9,0,-36,-34,-38
1533864548562248,2,4,-26,-31,-30,-13,-5,16
1533864548562248,-6,9,55,17,8,2,0,-5
1533864548577207,16,-8,82,10,-23,-13,-6,1
1533864548577207,12,-4,15,-36,24,3,4,-1
1533864548583195,-2,-10,-76,23,-24,-11,-8,-4
1533864548583195,8,11,86,0,-21,0,3,4
1533864548600149,-24,2,-15,-12,41,6,4,-3
1533864548600149,-9,2,12,19,-28,1,-1,2
1533864548601146,-4,-3,23,8,13,-8,-5,2
1533864548601146,7,10,-5,27,39,3,-1,-6
1533864548614108,25,10,-26,4,-25,7,6,11
1533864548614108,-28,-21,29,-30,-29,-3,5,-4
1533864548630082,6,-2,-39,0,5,-5,-14,5
1533864548630082,-10,-8,4,-12,-5,3,3,-5
1533864548637050,3,13,-13,10,0,3,2,9
1533864548637050,43,12,3,1,15,-1,-3,-1
1533864548644112,-55,-4,68,3,-11,-11,-3,-7
1533864548644112,19,-29,-86,-9,-2,1,-1,-1
1533864548659989,3,-13,68,-10,-2,3,3,4
1533864548659989,12,-6,-15,0,-4,-7,-4,-7
1533864548660983,25,6,-13,-2,2,3,2,0
1533864548660983,-18,-1,11,28,17,5,4,1
1533864548673961,11,-3,-3,96,29,7,3,-5
1533864548673961,3,5,52,-107,-54,-15,-8,-6
1533864548682924,17,-6,7,-16,-46,-32,-56,-50
1533864548682924,-31,-3,7,-15,-34,-11,29,37
1533864548696886,-1,0,-19,-17,9,27,16,15
1533864548696886,-26,12,-10,26,52,24,12,9
1533864548703875,5,-6,25,-1,41,12,15,23
1533864548703875,-8,16,30,15,-28,-20,-22,-21
1533864548719826,10,-3,-51,-44,-56,-21,-16,-24
1533864548719826,-19,2,-23,12,14,-1,-9,-14
1533864548721821,6,18,17,-11,9,3,3,-13
1533864548721821,13,-20,9,2,16,2,-8,-15
1533864548733788,-27,9,34,-14,-4,1,11,8
1533864548733788,-11,-17,57,7,0,-3,-8,-4
1533864548742765,29,13,-64,-1,-15,-4,6,6
1533864548742765,2,16,10,16,21,12,5,0
1533864548756731,-8,-2,-18,-46,-3,-1,-2,6
1533864548756731,12,9,-30,103,32,2,1,0
1533864548770692,-18,-26,-44,-91,-72,-16,-1,7
1533864548770692,38,16,9,22,15,7,3,6
1533864548779665,-15,-1,-23,15,-24,-10,-13,-16
1533864548779665,-4,-13,-21,6,42,1,3,-1
1533864548781661,-2,1,39,109,2,10,15,11
1533864548781661,27,17,-23,-57,-11,-5,-11,-10
1533864548809585,-59,-50,-8,-31,-20,-9,-2,-1
1533864548809585,6,3,-95,-16,-15,-1,-5,-16
1533864548811581,-8,4,115,24,17,7,4,1
1533864548811581,3,21,70,4,46,8,-3,7
1533864548816570,1,7,1,5,-15,-5,-1,-2
1533864548816570,-15,-4,11,-39,-28,-10,1,6
1533864548823566,-15,-7,-10,-18,21,4,3,-2
1533864548823566,-2,10,-28,56,-4,0,4,-6
1533864548839505,19,12,58,-61,4,1,8,10
1533864548839505,-7,-15,-6,-2,-15,-14,-20,-4
1533864548841501,8,-4,-12,-53,-13,-1,7,-10
1533864548841501,-13,-2,-2,13,4,12,12,12
1533864548869429,10,6,-38,1,12,-2,-11,-3
1533864548869429,17,6,5,-8,-10,2,4,11
1533864548871420,-17,-7,-6,13,-14,-5,-4,9
1533864548871420,-22,7,-13,-10,-5,-2,-7,-14
1533864548875410,21,-9,2,15,19,3,1,-5
1533864548875410,-46,-19,-61,45,-4,-5,-5,-17
1533864548885386,7,-21,92,-13,-17,-5,-2,1
1533864548885386,-9,8,17,12,0,0,3,-1
1533864548900348,8,9,-12,19,-8,-4,1,-2
1533864548900348,-2,3,16,-10,5,6,7,6
1533864548901340,-6,9,-44,32,20,3,-3,0
1533864548901340,-3,-12,6,-2,-15,-7,-17,0
1533864548922284,4,17,-74,15,18,-4,-15,-9
1533864548922284,1,7,72,-12,-6,0,1,2
1533864548924279,-1,1,-23,40,48,11,4,4
1533864548924279,4,-2,3,-98,-57,-13,-3,-4
1533864548936429,-5,-4,-26,12,0,-1,8,1
1533864548936429,-7,-14,-24,17,6,1,-9,-14
1533864548945224,18,12,-109,-7,-9,-2,-2,4
1533864548945224,-8,26,-18,14,46,3,-3,-4
1533864548960186,2,-33,-22,-13,-53,-2,2,-2
1533864548960186,5,-1,24,-49,-9,-9,-3,-2
1533864548961180,-29,-10,100,-15,9,0,2,1
1533864548961180,6,-16,49,18,9,2,0,-3
1533864548982124,-2,-1,-38,-4,-2,3,7,8
1533864548982124,-2,-12,-61,54,22,-1,5,-3
1533864548984119,3,7,-13,12,-8,-2,-2,0
1533864548984119,3,-13,-19,2,-2,2,2,2
1533864548996087,-10,-1,46,23,26,4,-4,-1
1533864548996087,5,4,24,16,-10,2,1,4
1533864549005063,-3,0,-33,20,11,-3,9,-5
1533864549005063,-3,0,-9,25,-10,-1,0,0
1533864549020066,6,4,13,2,2,-5,-8,-3
1533864549020066,5,4,-30,-2,-9,-3,-5,2
1533864549021021,3,9,8,-31,15,4,-1,-2
1533864549021021,-3,-8,-38,38,9,0,4,-3
1533864549041964,0,-1,9,38,-46,-11,-3,-4
1533864549041964,0,-13,-16,-9,-40,1,0,-1
1533864549043959,-15,9,44,-16,-3,2,9,5
1533864549043959,-8,-8,-57,-12,-1,0,-12,6
1533864549056927,5,29,-10,38,28,-1,-5,-8
1533864549056927,-4,11,-2,-7,-3,-3,-4,-2
1533864549063909,0,-10,-34,-12,-11,-8,-11,1
1533864549063909,-4,-5,5,4,0,0,3,6
1533864549079866,3,0,-20,-21,2,-3,-1,1
1533864549079866,-2,-6,10,-2,4,0,1,1
1533864549081857,6,5,1,5,-6,1,-2,-2
1533864549081857,4,3,7,-8,-8,-6,-5,-6
1533864549102801,-1,-6,11,-15,24,9,-2,0
1533864549102801,6,9,15,-16,-2,-4,3,-1
1533864549103799,2,2,-117,17,-6,-3,1,-7
1533864549103799,-2,6,41,-21,-22,-10,-6,-4
1533864549115971,-14,-10,-22,23,20,3,11,-26
1533864549115971,-6,-30,-70,-5,-3,12,-13,-10
1533864549124743,-6,-4,3,13,-1,2,-14,-33
1533864549124743,5,-3,3,1,-1,-4,17,46
1533864549147684,7,35,-52,-17,0,-7,-3,1
1533864549147684,-7,1,-67,-15,2,-6,5,3
1533864549148678,13,-3,-79,30,-1,-7,-8,-1
1533864549148678,-21,-5,-17,-24,10,16,2,-14
1533864549162855,-10,4,127,-30,3,3,7,18
1533864549162855,5,-7,-65,-14,-1,-5,1,6
1533864549163639,-3,-13,-58,-8,-1,-4,-3,-1
1533864549163639,14,-10,-40,-17,-5,-4,-4,-13
1533864549176604,0,-13,-48,-28,-22,-2,-3,4
1533864549176604,7,5,48,-23,12,4,4,-2
1533864549184586,7,-11,60,-10,-6,-3,7,11
1533864549184586,3,-5,2,-8,-7,-1,-2,-13
1533864549199546,10,-9,27,3,1,-3,-5,-1
1533864549199546,-1,6,31,4,-1,-8,-4,-4
1533864549201537,10,-4,1,18,-13,-1,-2,6
1533864549201537,-21,4,63,40,4,-2,-3,2
1533864549222481,-12,0,57,5,-13,0,-11,0
1533864549222481,-2,10,61,22,9,-2,1,-5
1533864549223479,0,18,68,6,11,1,1,8
1533864549223479,-2,3,37,-3,5,3,-4,-8
1533864549236464,5,-2,26,16,-9,-4,-2,-2
1533864549236464,-12,-9,-6,-4,3,-2,0,4
1533864549245434,-6,8,-3,38,12,4,4,1
1533864549245434,5,-5,-82,-54,-29,-7,-3,-8
1533864549260396,-5,-5,0,9,10,5,6,1
1533864549260396,3,9,-17,-53,-21,-4,-3,1
1533864549262374,-3,-7,-55,-1,9,2,0,-1
1533864549262374,1,-9,-25,-5,12,3,-1,-5
1533864549282325,-7,-12,-57,3,6,-14,-3,-3
1533864549282325,7,21,32,18,-21,-1,3,0
1533864549284319,5,15,21,-29,-4,1,1,2
1533864549284319,0,10,17,8,10,1,2,0
1533864549296490,-10,-16,49,-32,2,2,-2,-4
1533864549296490,10,-4,34,-4,-3,-2,1,0
1533864549305261,3,25,22,-5,-8,-6,2,3
1533864549305261,9,23,-11,32,21,8,2,2
1533864549320242,-6,-11,-79,12,-41,-17,-9,-11
1533864549320242,-12,-61,105,-9,52,3,-4,-6
1533864549321219,-13,-16,5,-4,-24,4,0,-2
1533864549321219,8,4,-9,1,-7,9,1,5
1533864549342166,7,26,-41,20,-42,-22,-2,-1
1533864549342166,-4,-3,-44,-33,-7,-14,-10,-29
1533864549344160,5,-33,-76,7,37,14,-19,-5
1533864549344160,17,24,-67,20,15,15,17,-2
1533864549365099,7,22,-64,2,13,10,14,20
1533864549365099,15,54,44,16,-21,6,13,24
1533864549366097,-16,-8,45,-23,-14,-21,-6,8
1533864549366097,-20,-20,-39,-5,-9,-18,-19,-19
1533864549380089,-7,6,127,-22,7,1,-8,-3
1533864549380089,-11,-35,-95,12,4,0,-2,-4
1533864549381062,-15,-14,-37,-23,5,2,0,-23
1533864549381062,-5,-6,30,-21,-16,-6,-2,6
1533864549402005,7,-4,-2,-46,7,1,2,-2
1533864549402005,-5,5,-45,3,-5,0,-3,-1
1533864549404002,-6,-9,18,2,-17,-8,6,7
1533864549404002,-16,-18,73,47,-14,-12,-4,-7
1533864549415963,-10,-6,-22,47,41,20,6,0
1533864549415963,0,19,12,27,-5,15,0,22
1533864549424940,-6,6,19,-16,-5,0,6,-13
1533864549424940,10,-5,-4,0,-7,-7,6,11
1533864549439900,10,-11,-38,-40,-9,-4,-5,-11
1533864549439900,8,8,24,-14,2,-5,-3,-1
1533864549440897,9,-3,5,-26,-12,-11,-9,-5
1533864549440897,5,-11,-119,-35,1,-1,-10,-9
1533864549461844,4,0,91,-37,0,9,1,2
1533864549461844,5,-4,-33,-25,-7,1,-1,-3
1533864549463836,6,2,-14,-110,-3,-6,-13,5
1533864549463836,7,5,-10,-86,7,-11,-16,-4
1533864549475982,8,-1,-34,-8,-9,-2,-2,2
1533864549475982,2,-18,-43,2,14,13,0,-6
1533864549484779,8,27,96,-14,-1,13,17,22
1533864549484779,2,7,88,17,5,8,19,6
1533864549499743,-5,-12,-23,19,4,-5,10,-8
1533864549499743,-7,-5,1,48,-7,-14,4,21
1533864549501734,-3,-10,-24,75,1,-3,3,-11
1533864549501734,-6,-15,-10,39,-3,-5,0,-2
1533864549522900,1,-3,-18,44,-7,5,-1,2
1533864549522900,-3,7,-2,45,-5,-13,-10,-4
1533864549523898,-6,3,19,31,9,-3,-4,-9
1533864549523898,-6,-6,-9,36,-3,10,3,-4
1533864549535883,-4,-3,-12,20,4,6,-4,-2
1533864549535883,-4,4,9,0,-2,3,3,0
1533864549544840,0,5,-13,27,-2,-5,1,3
1533864549544840,-6,-4,-6,14,-4,-10,-4,-6
1533864549558809,-4,-1,-6,-3,1,0,-2,-2
1533864549558809,-3,0,7,1,2,3,6,-7
1533864549565831,5,2,-4,18,4,-1,6,6
1533864549565831,-1,-2,-49,8,3,0,-4,-4
1533864549582738,-5,-18,-67,-16,-4,-2,-5,-1
1533864549582738,-1,0,18,-6,0,-3,-4,-3
1533864549583753,-5,-16,-13,-6,2,-4,-8,-5
1533864549583753,-8,0,26,-9,-22,-10,-11,3
1533864549595708,-2,-9,6,2,-6,-24,-15,-8
1533864549595708,-2,-2,-21,-9,3,12,0,-12
1533864549604681,10,8,-16,8,19,29,11,23
1533864549604681,2,-1,6,0,12,20,10,4
1533864549619641,-4,7,-16,-1,-2,-9,-2,3
1533864549619641,-6,1,12,-5,-12,-13,-5,-7
1533864549625625,-6,-7,-14,-4,-14,-19,-11,-11
1533864549625625,4,-2,10,4,4,-12,-8,-16
1533864549642610,4,-5,6,-11,-4,15,3,13
1533864549642610,4,2,15,9,10,2,8,10
1533864549643588,-1,11,81,36,-6,-1,4,0
1533864549643588,-4,-2,-2,114,-7,-11,-2,0
1533864549664521,-10,8,2,97,0,-5,2,-8
1533864549664521,-7,5,-11,33,6,-2,1,-5
1533864549666520,-9,-4,-42,-13,-6,-10,-4,-9
1533864549666520,-3,2,15,-38,5,4,-3,-2
1533864549678519,5,7,20,-20,11,9,4,2
1533864549678519,-1,-2,-3,-13,-4,-2,3,4
1533864549687459,-6,-10,-16,-10,-21,-17,-2,-12
1533864549687459,-8,-8,-15,50,0,-26,-15,-19
1533864549702446,-4,-4,-10,9,2,8,7,3
1533864549702446,2,10,-3,-35,15,31,22,19
1533864549704456,-4,2,26,10,13,35,15,12
1533864549704456,-3,-4,1,-60,0,-4,6,9
1533864549724363,-2,-26,31,97,1,-17,-2,-8
1533864549724363,-5,-22,2,37,-31,-28,-2,-16
1533864549726354,1,-12,-19,-56,-5,-10,5,-8
1533864549726354,6,-1,-5,-25,-5,5,22,0
1533864549738324,4,1,3,32,3,3,80,-6
1533864549738324,5,3,-2,120,6,1,87,7
1533864549747299,4,5,67,54,-1,-1,85,2
1533864549747299,1,8,-26,-89,-11,1,70,1
1533864549762464,1,-3,56,-128,-2,0,30,1
1533864549762464,2,-1,12,-96,5,3,6,-4
1533864549764256,4,-1,-44,-88,5,1,4,-2
1533864549764256,0,-4,-5,-100,-19,-1,-41,0
1533864549785197,3,8,-6,-85,9,2,-47,0
1533864549785197,0,0,-17,-100,-36,-6,-99,-4
1533864549787191,-1,-11,-10,-37,0,-1,-101,-3
1533864549787191,4,-3,1,-16,6,11,-73,4
1533864549798166,1,-2,2,-23,-5,-2,-81,-2
1533864549798166,6,-7,7,8,20,-4,-38,-6
1533864549807238,-2,-4,-20,26,-25,0,-24,0
1533864549807238,-2,0,53,56,12,7,-3,5
1533864549822156,0,9,-36,58,2,-1,17,4
1533864549822156,-4,8,60,70,0,-6,5,-3
1533864549824093,-9,5,-11,123,0,-3,1,-2
1533864549824093,-3,5,-9,127,10,-2,-7,-1
1533864549845063,-3,4,-7,34,-3,-2,-16,-2
1533864549845063,-5,1,-15,-38,-4,-3,-7,-3
1533864549846064,2,-4,-57,-92,1,1,6,1
1533864549846064,1,-5,16,-61,-4,-3,1,0
1533864549858028,1,4,-31,-70,7,3,-6,-4
1533864549858028,-3,-4,-26,-53,-14,-5,-10,-3
1533864549867004,-1,0,-1,-36,5,-5,-15,-4
1533864549867004,0,-4,-12,-33,-26,-15,-12,-5
1533864549881962,0,1,-1,17,-13,3,-6,2
1533864549881962,2,0,6,20,16,12,-12,-7
1533864549887944,-8,-9,6,48,-3,-5,-7,6
1533864549887944,-2,2,0,37,30,9,0,3
1533864549904900,-3,4,6,32,-24,5,3,7
1533864549904900,0,-2,-4,-19,-3,3,3,1
1533864549906893,-1,-7,-1,20,1,-9,-4,-5
1533864549906893,-5,-3,-9,28,-4,-6,-1,-10
1533864549918865,-6,-9,-14,7,6,-11,-7,-4
1533864549918865,-7,-17,-19,10,-24,-8,-3,0
1533864549927838,-10,-3,17,-33,2,-1,3,-2
1533864549927838,-4,3,-99,-45,-1,-4,4,-3
1533864549942799,-6,-11,85,-28,10,2,4,0
1533864549942799,-4,4,-13,-19,15,0,4,-1
1533864549943797,2,3,-1,-29,-9,-4,-5,-2
1533864549943797,7,6,-1,-33,-11,6,7,2
1533864549966740,10,5,-51,-55,30,10,4,-1
1533864549966740,4,15,-5,-38,-21,-7,3,0
1533864549967731,7,-2,-11,-9,-15,6,-4,-2
1533864549967731,0,-6,17,-7,-6,-11,-5,-4
1533864549978702,-1,-3,-5,-20,-15,9,0,-1
1533864549978702,6,-3,24,15,50,19,5,1
1533864549987679,2,5,23,12,39,16,14,3
1533864549987679,-11,-12,45,-51,-48,-14,-1,2
1533864550002863,-7,-8,-6,-15,-19,-15,-3,-5
1533864550002863,-3,-3,-8,-39,6,-6,-4,-1
1533864550004632,-4,-5,-31,-91,11,6,4,-4
1533864550004632,2,-10,-3,-92,32,10,4,2
1533864550024758,4,14,76,-108,-18,-14,-2,0
1533864550024758,0,-4,-10,-73,-19,-8,-2,-4
1533864550026575,1,12,0,-3,-39,-14,-1,-1
1533864550026575,2,16,26,35,26,10,3,1
1533864550038545,1,4,-39,31,-8,2,6,-1
1533864550038545,0,8,64,56,7,-3,0,0
1533864550054642,1,6,12,52,15,7,3,0
1533864550054642,-1,4,-4,60,-12,-2,10,2
1533864550061481,-3,-2,-40,68,18,-7,-2,-6
1533864550061481,-3,-1,-22,49,1,2,6,2
1533864550068623,1,-3,-21,44,16,7,-7,-2
1533864550068623,1,-12,23,36,-4,4,7,2
1533864550085417,-5,-3,-11,11,-7,-1,0,3
1533864550085417,-7,-4,-14,6,-18,-16,-14,-6
1533864550086414,-3,-5,7,26,-43,-6,6,-2
1533864550086414,-3,-4,-103,-10,10,13,4,-1
1533864550107362,1,-2,32,-15,32,5,0,1
1533864550107362,-7,-7,-8,-26,-24,-8,-3,-3
1533864550109353,-3,-1,11,-23,10,-8,-9,-2
1533864550109353,4,4,-5,3,30,0,1,-1
1533864550122333,1,7,49,-5,-43,-3,-2,2
1533864550122333,-2,5,35,6,9,4,9,0
1533864550124313,-5,-8,-18,12,-13,-9,-4,-6
1533864550124313,-3,-2,15,-2,-34,-16,-1,-4
1533864550145257,0,-6,-23,31,17,1,-6,-2
1533864550145257,-2,-2,-28,17,5,8,6,4
1533864550146254,-1,3,64,18,-16,-6,-5,-1
1533864550146254,1,4,-36,17,16,-3,-7,-4
1533864550158226,1,-6,62,22,28,15,7,1
1533864550158226,-1,-1,-9,12,-18,0,8,3
1533864550167203,-4,-5,-33,4,2,-4,-1,-3
1533864550167203,-1,0,-83,13,12,4,1,-2
1533864550182376,3,19,57,26,-25,0,6,5
1533864550182376,-4,-20,-34,-12,0,-4,-1,-5
1533864550184163,-7,-7,-6,2,11,8,-2,1
1533864550184163,-1,-6,18,-24,14,-6,-8,-2
1533864550205096,-3,-8,-66,-19,-39,-25,-17,-11
1533864550205096,6,7,9,-5,0,-4,7,0
1533864550206102,6,7,1,1,6,19,5,9
1533864550206102,-2,-1,46,7,4,14,5,1
1533864550219068,-6,-9,-46,-12,4,-7,1,-1
1533864550219068,-1,-1,-4,11,3,-3,-9,-3
1533864550227039,0,-8,-21,1,2,-17,1,-5
1533864550227039,1,3,34,8,-1,3,2,4
1533864550241998,0,-2,-22,1,-12,0,-4,-3
1533864550241998,1,4,-1,1,-3,-7,-6,-1
1533864550243993,4,8,67,-4,15,-2,2,-1
1533864550243993,-4,0,-52,-11,-34,-8,-3,-1
1533864550264938,-3,-13,24,-6,16,-1,0,-4
1533864550264938,1,0,42,11,-14,-5,-8,-4
1533864550266943,1,8,-25,-12,13,9,2,2
1533864550266943,-9,-24,22,21,26,0,-2,3
1533864550278899,-6,-3,-108,-43,11,7,9,1
1533864550278899,-5,11,2,1,-63,-1,9,3
1533864550287876,-7,-18,33,-7,-13,-11,-1,-3
1533864550287876,-4,1,-45,-12,-28,-20,-16,-11
1533864550309816,5,2,35,12,43,12,-4,4
1533864550309816,1,-8,-18,-2,29,6,-1,-2
1533864550311811,0,5,-39,-23,-20,-7,2,0
1533864550311811,2,7,25,-13,-5,4,2,0
1533864550324780,-3,-6,-26,3,-23,-13,-1,-11
1533864550324780,3,5,-23,-7,22,3,-4,2
1533864550326771,2,0,-5,2,-3,-2,-6,0
1533864550326771,0,2,-7,-3,0,-4,2,-1
1533864550338740,-2,2,-40,-2,-8,-1,-1,-2
1533864550338740,-2,4,-50,-17,-9,-5,-5,-9
1533864550347750,-6,-22,-23,13,21,-3,-2,-1
1533864550347750,-1,-6,14,8,-22,-12,-2,-7
1533864550362679,2,4,65,9,-4,2,7,4
1533864550362679,-1,3,-21,-1,-2,33,9,11
1533864550363673,-5,1,-34,-12,20,3,3,-4
1533864550363673,-1,3,34,-3,-27,-2,2,3
1533864550384619,-7,-9,-35,13,3,-13,-10,-8
1533864550384619,4,-2,12,-10,12,-10,-3,-1
1533864550386612,2,1,25,-15,-8,1,-3,1
1533864550386612,2,3,35,9,18,5,0,-1
1533864550398744,2,10,-36,-9,-10,-3,-1,0
1533864550398744,-3,-9,55,-2,1,-7,-7,-2
1533864550407555,2,12,-13,-4,-8,-5,-5,-1
1533864550407555,-1,-23,-55,-15,1,2,1,4
1533864550421540,0,-4,28,1,6,1,-1,-1
1533864550421540,1,-3,26,20,20,0,0,-5
1533864550430508,-1,-4,-62,-24,-24,-4,-4,-4
1533864550430508,2,16,88,18,0,1,5,6
1533864550444568,-1,-2,7,4,-4,11,7,2
1533864550444568,-5,-1,-46,-7,6,-7,-1,-1
1533864550446452,0,-5,71,24,-2,-2,2,1
1533864550446452,1,4,1,-7,12,0,-2,-5
1533864550458434,5,1,-6,-16,33,0,-3,-3
1533864550458434,-6,-3,-5,15,-38,-10,1,-1
1533864550475374,-4,7,-50,12,-17,-3,-5,-8
1533864550475374,-1,-5,15,-1,-4,8,6,4
1533864550481358,-6,-4,-16,-5,-4,-6,-5,-2
1533864550481358,5,3,0,4,14,-1,1,-1
1533864550488340,0,-3,-82,-21,1,6,0,2
1533864550488340,-7,4,7,3,0,-3,-7,-1
1533864550504298,-2,-5,-42,-5,-16,1,2,-2
1533864550504298,-1,-8,18,15,11,1,3,-1
1533864550512276,-3,2,8,1,-7,-10,-6,-8
1533864550512276,0,15,-32,1,-6,-5,-4,-2
1533864550518269,-1,-23,-43,-12,-5,11,4,9
1533864550518269,-3,8,67,6,8,6,2,2
1533864550535213,-2,-3,41,-4,0,-8,-1,-3
1533864550535213,4,-3,-40,-14,15,5,0,-2
1533864550542202,-5,16,-23,15,-22,-11,-9,-6
1533864550542202,-11,1,-113,-40,-7,-5,-7,-13
1533864550549175,-1,-26,15,13,7,7,12,6
1533864550549175,-4,-11,-63,-17,0,-3,-2,-2
1533864550565210,2,2,19,0,-2,-4,-1,2
1533864550565210,-2,1,-23,-6,11,1,-1,1
1533864550566180,-3,25,39,-7,-4,-4,-4,-4
1533864550566180,-3,-27,15,3,-3,1,0,2
1533864550578307,-4,-9,11,-7,2,-1,0,0
1533864550578307,1,-4,33,18,2,-9,-6,-3
1533864550587085,2,-5,1,-32,6,5,2,3
1533864550587085,3,6,30,-7,-2,-2,2,-2
1533864550602045,2,4,10,7,-9,-2,-3,-4
1533864550602045,-1,-9,8,0,-1,0,-2,6
1533864550608032,-1,11,-25,6,-4,-5,-4,-1
1533864550608032,1,-8,38,5,-6,3,-3,-2
1533864550624977,-1,0,21,-16,0,-5,1,-6
1533864550624977,-2,-1,-38,-5,-20,-8,-3,-8
1533864550625971,-1,-7,-7,11,7,4,-2,7
1533864550625971,-1,6,-6,-10,-4,-4,-3,0
1533864550638945,3,7,-6,0,8,0,0,-1
1533864550638945,0,-6,10,4,-1,-2,0,-3
1533864550653896,3,7,32,8,5,-3,2,2
1533864550653896,-6,2,-100,-1,2,-3,-14,-6
1533864550661878,4,-22,63,20,29,-4,0,4
1533864550661878,1,11,-21,-20,-26,7,2,2
1533864550668860,-1,-7,18,11,-10,2,5,-1
1533864550668860,-5,7,-31,7,11,3,1,-3
1533864550684818,-2,0,-21,-12,-3,-6,-3,-1
1533864550684818,0,0,-37,4,-1,-6,-4,-4
1533864550686808,7,-15,-1,19,14,1,3,2
1533864550686808,-3,-3,96,11,-8,3,6,3
1533864550707888,-13,-1,-87,-1,-7,0,-6,-15
1533864550707888,2,-3,47,-1,9,1,1,0
1533864550708750,-1,11,-13,-3,-4,-4,-4,-1
1533864550708750,1,2,-3,-2,-1,-6,-6,-7
1533864550721727,1,-2,6,6,1,3,1,11
1533864550721727,0,3,-11,-10,-5,1,-1,1
1533864550728909,-3,-4,-13,-6,-8,0,1,-5
1533864550728909,-2,-1,17,-2,5,-7,-3,-4
1533864550744654,-1,6,28,1,5,5,-5,3
1533864550744654,-2,-5,-7,11,20,-2,4,2
1533864550746658,-6,-3,-40,-10,-27,-2,1,1
1533864550746658,0,0,-2,4,0,-1,1,-1
1533864550767596,-6,0,-83,-2,-13,-8,-3,-9
1533864550767596,-1,-11,89,-7,15,4,0,0
1533864550768590,-2,-2,66,29,2,-4,-5,-5
1533864550768590,-3,-2,52,-9,-28,0,-1,-2
1533864550781555,-2,-3,-71,-15,-4,6,4,-2
1533864550781555,-3,-8,-106,-6,0,2,-5,-1
1533864550788536,3,7,58,3,18,-5,-3,-5
1533864550788536,0,-1,-19,-2,-9,3,0,2
1533864550812491,1,0,24,3,-1,-1,-2,3
1533864550812491,-3,7,-20,-6,-9,-4,-1,-2
1533864550813469,0,-2,-23,-8,-3,0,-1,-2
1533864550813469,1,-3,33,1,9,2,2,1
1533864550826438,0,6,127,3,-7,-2,-1,-2
1533864550826438,-2,-2,63,0,-2,0,1,4
1533864550835410,2,2,-11,-13,7,1,0,1
1533864550835410,-1,8,-46,-5,-1,3,2,-1
1533864550841395,-4,1,-39,-3,-6,-5,-1,-4
1533864550841395,3,-6,55,14,16,-4,-3,-3
1533864550850372,0,-2,40,1,-8,-1,-3,0
1533864550850372,-6,-8,-14,-10,-25,1,0,-1
1533864550865331,-4,17,71,-12,-10,-4,-4,-6
1533864550865331,4,-13,-4,-25,-15,-4,-4,-4
1533864550866328,-9,-7,-97,9,7,1,2,1
1533864550866328,-3,-4,-56,3,11,-1,2,0
1533864550887443,-1,-1,-21,-2,3,0,0,-1
1533864550887443,3,11,19,4,3,1,-2,-4
1533864550889268,-2,0,99,-18,-17,-12,-6,-5
1533864550889268,2,-3,81,-1,0,-1,0,-1
1533864550901320,-1,-3,80,3,-5,0,2,1
1533864550901320,1,5,61,-4,3,0,0,-2
1533864550917192,-1,-7,-60,-5,2,-4,-4,0
1533864550917192,1,5,-62,-11,19,10,-1,0
1533864550925377,2,-16,-33,17,-20,-3,5,7
1533864550925377,-4,-10,-31,9,-9,2,1,1
1533864550926170,-10,9,-81,-13,-7,-2,-3,-9
1533864550926170,3,-24,-5,22,18,0,1,3
1533864550947124,-1,-11,-61,-58,-14,-7,-7,-7
1533864550947124,-1,14,40,24,2,3,7,6
1533864550949107,-7,-7,-46,-5,-1,-5,-3,-1
1533864550949107,0,9,9,-6,-3,-9,-4,0
1533864550961080,-2,-2,-24,21,5,-2,-1,-3
1533864550961080,-2,-6,-69,-7,-4,-2,-1,-1
1533864550970051,3,3,2,-5,4,4,-1,-2
1533864550970051,0,8,1,1,0,-4,-1,-4
1533864550985014,2,11,6,4,6,-4,-6,-5
1533864550985014,-5,-10,-46,-13,-6,2,5,0
1533864550986008,0,5,-18,15,9,-3,0,-1
1533864550986008,-1,-12,6,-14,-8,13,4,3
1533864551006972,-9,0,-13,35,22,0,-4,-4
1533864551006972,0,11,-6,-25,-48,-15,-11,-10
1533864551008948,7,-5,-40,-15,10,4,3,3
1533864551008948,-9,4,30,15,-7,-10,-5,-5
1533864551021114,9,-14,-2,1,1,8,7,8
1533864551021114,-1,-2,-22,21,15,2,-2,-3
1533864551029890,4,-4,-1,-2,-10,4,1,1
1533864551029890,-2,5,-35,-8,-11,-8,-6,-6
1533864551044854,-1,1,-9,6,13,2,-3,1
1533864551044854,-3,-2,-15,-7,0,-6,-4,-2
1533864551046845,1,1,28,2,-4,6,1,0
1533864551046845,1,13,0,-1,10,2,2,1
1533864551066793,-5,-6,18,-3,-8,-1,1,0
1533864551066793,-3,0,-18,-5,4,-1,1,1
1533864551073773,-3,-1,9,6,20,2,0,-1
1533864551073773,-6,9,-48,-7,-6,-6,-5,-4
1533864551089834,-2,-13,43,1,-8,-2,1,2
1533864551089834,-7,5,-21,0,4,-9,-7,-5
1533864551091828,-8,-22,-89,1,-11,3,0,0
1533864551091828,-4,-4,-53,-14,0,-1,-3,-4
1533864551104802,2,-2,-5,-10,32,2,2,-1
1533864551104802,-12,-11,-4,4,-39,-6,1,2
1533864551106790,-2,4,-1,6,10,5,0,-1
1533864551106790,2,-5,42,9,-14,-3,0,0
1533864551127733,7,13,6,-5,-11,-8,-8,-7
1533864551127733,-1,-12,-54,7,9,10,7,2
1533864551128731,0,6,73,4,-4,2,4,6
1533864551128731,-9,5,-12,5,6,3,2,2
1533864551140698,-11,-8,-7,14,14,0,0,-2
1533864551140698,-1,5,-54,-25,-2,1,-4,-4
1533864551149830,2,12,-73,1,-5,-9,-2,-4
1533864551149830,1,-5,-113,19,9,-2,0,2
1533864551165632,-8,-5,-71,2,-5,0,5,2
1533864551165632,-3,-3,19,2,11,0,1,0
1533864551170622,-3,-1,95,-9,-3,0,-2,-4
1533864551170622,11,4,127,-9,-2,-2,-3,-3
1533864551187576,9,8,95,-5,-11,-1,0,-1
1533864551187576,14,4,121,-29,-6,-6,-2,0
1533864551188570,7,0,105,10,-14,-2,1,3
1533864551188570,1,-8,91,-3,3,2,-1,0
1533864551200541,-1,-1,47,-1,-3,-2,-3,-1
1533864551200541,2,-10,57,4,-19,-2,-2,-3
1533864551225474,8,10,45,-6,17,2,-2,-2
1533864551225474,4,-7,18,-10,-69,-7,-1,-1
1533864551226469,3,-1,16,-3,60,12,1,-1
1533864551226469,1,-15,30,33,12,1,1,2
1533864551227466,-6,-10,4,-15,3,-3,-4,-4
1533864551227466,-1,-3,20,7,9,-2,-1,-1
1533864551247413,2,5,12,-3,-24,-6,-2,-4
1533864551247413,1,11,25,2,10,0,-3,-1
1533864551249407,-1,-14,88,1,-5,0,3,3
1533864551249407,3,-2,15,-14,15,5,0,-1
1533864551261384,1,25,111,10,-16,-3,1,1
1533864551261384,3,15,72,-1,10,2,1,4
1533864551270359,-6,-12,10,2,-16,-7,-5,-3
1533864551270359,0,-1,-70,-16,15,2,-3,-5
1533864551284317,0,-6,57,0,-10,1,1,0
1533864551284317,-7,3,82,-5,6,1,4,2
1533864551291296,-8,1,18,-1,-19,-2,-2,-1
1533864551291296,-3,2,30,4,4,-5,0,0
1533864551307379,-2,-9,-78,-17,-1,-3,-5,-5
1533864551307379,-2,-4,-42,8,-5,-3,-3,-6
1533864551309248,-1,-7,-48,0,0,-2,-2,-1
1533864551309248,-2,-2,8,-10,-3,-8,-2,-1
1533864551321216,-8,0,-55,-13,-8,-2,-1,-2
1533864551321216,-6,-5,4,-8,7,1,-2,-2
1533864551330191,-3,4,-7,-5,1,-3,-2,-4
1533864551330191,-3,2,9,15,-10,1,9,5
1533864551345154,4,-18,34,11,19,5,-4,-3
1533864551345154,2,-2,-30,-22,-4,-6,-3,-1
1533864551346149,0,-5,-35,-7,-37,-9,-3,-1
1533864551346149,0,-2,2,17,22,3,-4,-3
1533864551367093,-1,12,-80,-24,-21,-1,-1,2
1533864551367093,11,-11,-35,-1,-8,-2,4,2
1533864551369087,-11,1,50,15,18,2,-5,-4
1533864551369087,-6,0,8,0,2,1,7,4
1533864551381267,-5,-8,-49,4,1,1,-5,1
1533864551381267,5,15,27,30,4,2,-4,0
1533864551390031,-1,-12,-108,-21,7,-1,7,-2
1533864551390031,-1,3,61,13,-1,-2,-9,-6
1533864551404991,-1,-1,-15,-6,-8,2,11,8
1533864551404991,-4,3,-28,-16,-3,-2,-5,-4
1533864551406986,5,15,-102,-5,-6,-5,-9,-8
1533864551406986,0,-5,77,21,16,1,6,8
1533864551428002,-1,4,-5,-14,-15,-6,-6,-8
1533864551428002,-5,-11,-30,7,-3,0,0,9
1533864551428928,1,8,15,-2,24,3,0,-5
1533864551428928,-2,-5,-61,-14,-39,-7,-5,-5
1533864551440899,11,9,66,7,11,-1,0,3
1533864551440899,1,40,47,-20,-11,0,1,-5
1533864551449871,-11,-15,22,8,-15,-5,4,6
1533864551449871,-1,0,-39,-9,35,6,1,-3
1533864551463837,1,-30,50,-5,-29,-6,-7,-6
1533864551463837,-11,4,45,-4,19,11,5,2
1533864551470819,6,16,50,-11,-1,-4,-1,6
1533864551470819,-4,-7,-9,-18,-11,-8,-2,-3
1533864551486776,-2,-8,-82,1,-2,-11,-10,1
1533864551486776,-4,-16,-69,15,-1,-3,-12,-17
1533864551488767,14,15,110,10,-2,9,5,12
1533864551488767,0,-27,13,-13,5,4,-2,0
1533864551500877,-6,16,-3,-7,-1,1,3,6
1533864551500877,-4,-11,-65,-12,-3,-2,3,2
1533864551509715,4,8,107,4,9,-1,-6,-4
1533864551509715,17,-6,-8,-24,-17,-5,-3,-1
1533864551523674,-13,-3,-20,18,6,0,2,-5
1533864551523674,3,-3,4,7,9,-9,-6,-5
1533864551538635,-8,-15,-128,-30,-31,-7,-1,-5
1533864551538635,-3,6,33,3,4,3,-2,0
1533864551547644,-2,7,31,7,-9,1,2,0
1533864551547644,0,-8,-66,8,8,1,-1,-4
1533864551548611,3,-8,-112,-1,11,-3,-7,-6
1533864551548611,5,17,-1,9,-2,1,1,-1
1533864551571546,1,3,-24,-1,-3,4,2,-2
1533864551571546,-2,-9,57,-1,-4,1,6,8
1533864551572545,-2,-4,28,5,14,4,2,2
1533864551572545,-8,-2,-26,-5,-12,-3,-3,-1
1533864551584514,0,-1,12,15,6,-2,0,-3
1533864551584514,1,-1,-34,-23,0,-1,-5,-4
1533864551591667,-3,-2,28,-10,-14,2,0,1
1533864551591667,-6,6,-65,25,11,-4,-4,-5
1533864551615432,1,-13,50,0,-10,-3,-2,-3
1533864551615432,4,3,-27,12,1,-1,1,2
1533864551617429,-6,-2,60,28,7,1,2,1
1533864551617429,9,-5,-24,-36,2,1,1,-1
1533864551620415,-5,26,77,-7,-6,-10,-7,-5
1533864551620415,-10,-8,-13,-13,-9,0,-4,-16
1533864551630388,5,6,-54,7,18,5,1,2
1533864551630388,-4,-14,-12,4,-1,4,1,1
1533864551644354,-5,-15,-60,-14,-10,-3,3,2
1533864551644354,4,-1,17,-12,2,-3,0,1
1533864551651337,-3,-19,-36,-3,-22,-9,-4,-7
1533864551651337,-5,0,4,4,7,3,2,0
1533864551667289,-2,-6,-36,-3,5,0,-2,-4
1533864551667289,2,-11,-77,6,-6,-4,-2,-2
1533864551669285,-4,8,-62,-19,6,-1,-5,-10
1533864551669285,-2,13,84,14,-2,-1,5,6
1533864551690249,3,9,71,-1,14,13,0,6
1533864551690249,-1,5,-31,-3,-10,-1,2,0
1533864551691225,0,17,74,-19,-1,-4,-1,2
1533864551691225,-5,5,9,-2,-10,-10,-7,-6
1533864551704191,-1,-7,-58,-19,-3,-5,-4,-3
1533864551704191,0,-1,48,-7,-2,-1,0,3
1533864551711194,6,0,101,2,2,-2,0,-1
1533864551711194,-6,-1,-26,7,-1,-3,-3,-4
1533864551727131,1,-5,-7,13,-4,0,0,-1
1533864551727131,-2,-5,-9,16,0,1,-1,2
1533864551729141,-2,-6,-17,14,1,-2,0,0
1533864551729141,-2,-6,-34,31,-5,-5,-6,-7
1533864551750069,2,-3,-21,-20,4,-2,-2,-1
1533864551750069,3,-8,-51,5,11,10,1,0
1533864551751065,-4,1,-32,-2,-3,2,2,0
1533864551751065,8,10,48,-5,-9,-1,1,6
1533864551764031,-8,-21,22,-8,7,-6,-1,-5
1533864551764031,-6,0,-1,-2,0,-3,-4,-3
1533864551771013,0,-6,-28,13,-1,4,2,13
1533864551771013,-6,-7,30,-6,1,2,-4,-15
1533864551787004,9,10,-87,10,-8,-2,1,0
1533864551787004,-1,-4,27,-2,4,1,1,4
1533864551788964,-2,-13,-90,-4,1,-3,1,-1
1533864551788964,2,17,47,-29,-15,-9,-6,-1
1533864551809922,-2,-6,-41,0,12,7,4,0
1533864551809922,6,14,95,-6,-1,2,1,4
1533864551815893,-6,-1,4,-3,-2,-2,-3,-4
1533864551815893,-3,-11,-57,-6,3,-1,1,2
1533864551823871,-4,3,24,9,-3,-2,-2,-4
1533864551823871,1,-2,-28,4,-17,-10,-2,0
1533864551832847,-5,-12,-6,4,-2,1,-4,-8
1533864551832847,8,14,-116,4,5,0,-2,-3
1533864551846843,-5,-15,62,-1,-4,-3,2,4
1533864551846843,-7,-4,-7,-12,-12,-6,-2,-1
1533864551848805,0,1,13,-10,12,-5,-3,-3
1533864551848805,-5,-7,-88,11,6,7,0,0
1533864551869774,0,13,-13,13,-1,5,-3,-1
1533864551869774,-1,5,8,15,4,2,-3,-3
1533864551871743,-5,1,68,21,-9,-6,-6,-5
1533864551871743,-3,-7,2,8,-21,-21,-9,-2
1533864551883710,-3,-3,-91,8,11,1,-1,-7
1533864551883710,2,25,114,9,15,18,6,13
1533864551892688,-6,-9,-106,13,13,10,6,3
1533864551892688,-2,-7,82,-6,-4,2,3,6
1533864551907647,-3,-8,-34,-4,-11,-12,-6,-6
1533864551907647,3,-3,14,-13,-5,-13,-7,-9
1533864551908645,6,5,-3,-5,-4,3,0,1
1533864551908645,-6,-3,-4,-23,-3,1,0,-1
1533864551937566,0,-5,23,-3,-6,-4,-3,-2
1533864551937566,-1,-6,-61,7,8,0,-1,-2
1533864551938574,4,2,31,-23,-1,1,0,-1
1533864551938574,1,-6,-1,-19,-8,-3,-1,-1
1533864551943550,4,9,23,-47,5,1,0,2
1533864551943550,-5,-2,-30,-33,-26,-5,0,0
1533864551952527,2,4,10,-20,-5,-3,-2,-3
1533864551952527,0,1,6,-9,4,2,3,2
1533864551967521,0,2,-5,13,-3,1,0,0
1533864551967521,0,-5,-26,25,10,-1,-1,-4
1533864551968483,-6,-4,83,14,4,-1,-4,4
1533864551968483,9,17,7,28,5,3,-1,-2
1533864551989429,-9,-1,56,-2,-13,2,2,5
1533864551989429,-11,-7,-17,3,3,-2,-3,-5
1533864551991422,-2,1,-75,19,-3,1,0,-4
1533864551991422,-7,-1,3,0,4,2,-1,-1
1533864552003417,1,0,-37,25,-2,-3,-2,-4
1533864552003417,1,-5,-6,3,-7,-3,2,-2
1533864552012367,0,-7,-52,-5,0,-7,-4,-6
1533864552012367,-3,-5,-2,16,12,4,0,0
1533864552027361,-1,0,0,6,3,-2,-3,-4
1533864552027361,-5,-8,-25,-27,-1,-1,-1,-2
1533864552029323,3,3,18,4,0,4,3,3
1533864552029323,-1,-4,-18,-9,-5,0,-1,0
1533864552049281,-4,-8,-7,-13,-8,-1,-1,2
1533864552049281,0,-11,-92,12,3,-10,-5,-7
1533864552050267,-7,-13,-39,3,-3,-6,-7,-11
1533864552050267,-2,4,118,-32,-5,6,5,8
1533864552071210,-3,4,-45,8,3,0,2,-1
1533864552071210,3,-14,90,-4,-8,-2,0,0
1533864552072207,-6,-5,4,0,-11,-3,-1,0
1533864552072207,-6,-14,-61,12,6,-6,-5,-7
1533864552087181,4,1,-14,8,10,5,1,0
1533864552087181,-2,7,0,12,-3,-6,-3,0
1533864552087181,0,2,7,6,-3,-4,-1,-2
1533864552087181,-1,-2,1,4,1,0,-2,0
1533864552109108,2,5,8,0,-6,0,1,-1
1533864552109108,1,1,-11,-3,23,6,3,2
1533864552110107,-2,-6,-54,-15,-16,-2,-5,-4
1533864552110107,1,18,47,3,3,3,5,5
1533864552132047,-6,2,30,0,-2,-3,-1,1
1533864552132047,-2,-4,-34,8,-6,1,-2,-1
1533864552132047,5,1,-67,8,6,-1,-7,-7
1533864552132047,-2,-14,-4,-3,-8,1,3,-1
1533864552147007,-3,14,48,-8,-8,1,1,2
1533864552147007,3,7,37,-3,-1,-1,-1,3
1533864552147007,-11,-12,8,5,5,5,10,9
1533864552147007,19,11,-38,9,5,-1,-6,-12
1533864552168948,7,-13,-13,25,-1,-3,-11,-5
1533864552168948,-10,-13,-60,-19,-14,-3,-4,2
1533864552169946,17,7,29,-7,3,1,1,-4
1533864552169946,-44,-22,-43,5,4,-8,-5,-8
1533864552199865,10,2,6,-10,-11,-2,3,7
1533864552199865,4,3,5,1,1,3,-1,0
1533864552200862,-3,2,29,-7,-4,-6,-3,0
1533864552200862,2,-4,6,6,2,2,3,5
1533864552206846,1,-1,-12,-2,4,-3,-3,-5
1533864552206846,-2,1,16,6,4,1,-1,-2
1533864552207844,-1,4,22,2,0,2,1,2
1533864552207844,4,-2,-27,4,-4,-2,-3,-2
1533864552228787,-8,-4,-13,3,1,-3,-2,-2
1533864552228787,6,7,0,1,-2,-1,-1,-5
1533864552229786,-7,-7,18,21,3,1,1,3
1533864552229786,1,-3,-17,9,-3,-2,-2,0
1533864552251726,-3,-3,-5,5,-1,-2,-1,-2
1533864552251726,-4,1,13,27,0,1,1,0
1533864552252723,1,3,8,16,6,-3,-5,-3
1533864552252723,2,-1,1,19,17,2,0,2
1533864552266720,-7,-9,-22,19,-49,-10,-2,-5
1533864552266720,-3,-5,-8,22,-3,-5,-3,-5
1533864552267684,-4,13,5,66,7,1,0,-1
1533864552267684,27,14,60,65,5,1,1,7
1533864552289625,-28,-19,10,-11,-1,0,0,-3
1533864552289625,16,1,1,-31,3,1,10,3
1533864552289625,-17,7,5,-62,-13,-3,-11,-7
1533864552289625,23,21,-5,-76,10,-1,5,21
1533864552311566,-24,4,-16,-47,12,-3,-17,-45
1533864552311566,13,-14,10,-36,6,3,-3,0
1533864552312599,18,-10,-4,-25,-4,-3,-2,-11
1533864552312599,-17,-33,-43,-37,-18,-6,-5,-10
1533864552326561,14,10,4,-25,17,4,5,14
1533864552326561,-1,1,-3,-13,1,7,2,7
1533864552327552,4,7,13,-8,8,2,4,2
1533864552327552,-3,-3,-7,-10,-6,-2,0,-2
1533864552349499,2,-4,0,7,-15,-7,5,16
1533864552349499,-27,-17,-1,1,-16,-6,-8,-19
1533864552349499,-1,-1,0,-5,2,0,7,29
1533864552349499,-16,14,6,-5,-6,1,4,3
1533864552371407,20,5,20,41,40,9,-6,-25
1533864552371407,-10,-6,-13,93,4,-16,-7,-8
1533864552372410,9,-2,-1,-27,-22,-15,-11,-10
1533864552372410,8,1,-15,-59,-1,6,13,5
1533864552386366,-74,-4,-8,23,-24,12,5,6
1533864552386366,7,-4,-31,-92,-54,-21,-12,3
1533864552387371,0,-5,-14,-47,-40,5,3,-10
1533864552387371,11,24,14,22,16,-2,0,10
1533864552409304,7,-8,2,-6,11,3,7,0
1533864552409304,5,8,15,17,27,4,6,-4
1533864552410303,-8,-3,11,1,6,-7,4,4
1533864552410303,8,-7,-10,3,2,0,-1,-12
1533864552431280,15,14,-5,0,-6,0,6,14
1533864552431280,-13,4,-1,4,-8,4,6,1
1533864552432243,-1,-13,-3,10,3,-6,0,-7
1533864552432243,-17,-5,-4,14,-2,-20,-25,-11
1533864552446252,17,-4,1,9,12,2,3,-8
1533864552446252,7,11,28,28,100,32,3,-11
1533864552447205,-21,-11,-29,-79,-98,-30,-7,15
1533864552447205,0,-5,-2,14,38,9,-10,-3
1533864552477172,13,10,31,72,56,9,-7,0
1533864552477172,7,9,22,-3,9,11,14,13
1533864552478123,-33,-16,-32,127,26,2,-17,-16
1533864552478123,-46,-39,-79,-115,-128,-62,-21,-10
1533864552493100,-16,-45,-70,34,-5,-37,-28,-6
1533864552493100,-7,9,24,59,66,21,10,3
1533864552494079,11,4,37,67,82,13,6,-10
1533864552494079,14,3,23,53,25,-1,-37,-32
1533864552515023,24,16,27,64,33,22,57,84
1533864552515023,-10,3,-22,24,-80,-10,-2,23
1533864552516020,2,20,13,41,-1,19,21,33
1533864552516020,10,10,12,78,21,16,7,7
1533864552528986,6,8,-6,-110,-36,-13,-23,-27
1533864552528986,2,-8,-4,114,36,-5,-18,-16
1533864552529983,33,20,53,-5,58,13,0,9
1533864552529983,11,16,7,1,58,28,10,-3
1533864552551923,-49,-49,-34,-71,-92,-71,-43,-37
1533864552551923,12,15,28,30,81,38,21,23
1533864552552921,23,-9,41,-74,-58,-23,-18,-23
1533864552552921,-14,-29,-47,-31,-47,-23,-12,-10
1533864552566883,31,11,19,-53,51,25,10,7
1533864552566883,-6,-6,-14,-60,-16,-16,-16,-10
1533864552567900,21,19,27,41,70,24,12,4
1533864552567900,7,7,24,38,-7,14,10,9
1533864552588827,11,8,6,-12,16,10,-24,2
1533864552588827,8,-1,5,-74,-24,-10,-44,-9
1533864552589822,-24,-21,-55,-101,-80,-23,-53,-13
1533864552589822,-12,-10,-15,-75,-15,-10,-7,3
1533864552611764,-8,8,-17,-102,-9,9,18,-14
1533864552611764,1,13,9,-12,-5,3,45,10
1533864552612762,-9,1,-14,-40,0,5,43,-2
1533864552612762,-11,-5,1,6,8,0,28,-2
1533864552626767,13,14,26,29,24,9,21,0
1533864552626767,-3,-7,-15,-43,-40,-12,6,-7
1533864552627721,-13,-13,-23,-6,-3,-10,0,-5
1533864552627721,6,5,14,15,19,8,7,3
1533864552648713,9,1,7,22,12,9,2,4
1533864552648713,-9,-13,-22,-66,-30,-17,-10,-8
1533864552649708,-8,-7,-13,-20,15,0,-3,-4
1533864552649708,5,-4,17,-3,22,9,3,0
1533864552671605,-2,-5,-3,5,-15,-3,-4,0
1533864552671605,-13,-16,-19,-28,-23,-13,-14,-6
1533864552672601,0,0,7,11,19,6,2,1
1533864552672601,0,-1,4,10,2,1,1,-1
1533864552686563,-3,-2,-6,11,-14,-6,-6,-2
1533864552686563,-2,2,-3,14,-6,-4,-3,-1
1533864552687561,-1,1,-2,16,17,2,2,-2
1533864552687561,-6,-4,-1,10,-4,-2,-2,-2
1533864552709700,0,2,-2,22,1,1,0,-2
1533864552709700,1,1,0,16,1,-3,-5,-4
1533864552709700,-2,0,-3,13,-5,-3,-6,-3
1533864552709700,-2,-7,-2,10,-9,-4,-2,0
1533864552731443,-2,0,5,21,12,4,6,8
1533864552731443,-1,-1,0,-8,-8,1,5,-3
1533864552732441,-6,1,-6,2,1,2,1,0
1533864552732441,1,8,5,-2,-3,1,-5,1
1533864552754383,1,9,1,0,-2,-3,-6,-10
1533864552754383,-2,0,-4,-4,8,1,-1,3
1533864552755380,0,4,-4,27,8,-6,-1,-4
1533864552755380,-6,1,-1,17,-9,-4,1,-1
1533864552769342,-4,-5,-8,-28,-14,-5,-5,-2
1533864552769342,-4,-5,-4,28,-9,-7,-4,-4
1533864552770339,1,-1,2,-6,0,3,0,-3
1533864552770339,2,2,3,28,23,6,-1,2
1533864552791284,0,-1,2,12,2,3,-5,-10
1533864552791284,1,-1,1,-11,-7,1,2,2
1533864552792281,0,0,1,18,14,4,2,5
1533864552792281,-1,-2,-2,-25,-11,-7,-2,-4
1533864552806245,1,-2,-4,2,-7,-5,-9,-4
1533864552806245,-2,1,-1,-9,2,-2,6,1
1533864552807241,-4,-1,0,3,3,4,7,1
1533864552807241,-3,1,0,1,4,5,4,3
1533864552829407,0,2,1,-1,0,0,-4,1
1533864552829407,-5,-3,-5,4,-8,-8,-11,-10
1533864552830180,-2,-5,-5,-3,-4,-14,-9,2
1533864552830180,1,-2,2,-6,1,6,3,-19
1533864552852235,-4,0,2,7,-4,9,5,1
1533864552852235,-4,-1,-4,15,2,-1,2,4
1533864552852235,-6,-3,-3,-11,-13,-3,-2,-2
1533864552852235,1,1,5,20,25,-3,-1,1
1533864552867081,4,-1,2,-10,-29,-15,-5,-7
1533864552867081,-1,-2,-6,-13,-4,0,-10,-17
1533864552867081,-3,0,-5,-17,10,6,5,7
1533864552867081,2,-1,0,18,-5,4,-1,8
1533864552889022,2,-8,1,19,16,4,6,5
1533864552889022,1,16,0,3,1,-5,-4,1
1533864552890037,2,-3,-2,-7,-3,-4,-4,0
1533864552890037,-14,-6,-4,-11,-4,-2,-1,-1
1533864552911964,8,4,-34,7,3,-1,-1,-1
1533864552911964,-11,-8,25,-5,-5,-2,-1,0
1533864552912958,9,-1,1,-1,-3,1,5,3
1533864552912958,-4,-2,-4,-3,-4,-3,-8,8
1533864552926924,-4,-4,-5,6,-2,-5,-6,-10
1533864552926924,6,5,-8,-9,5,2,7,29
1533864552926924,-8,3,-5,-5,-8,-2,-13,-31
1533864552926924,5,-5,9,27,2,0,4,7
1533864552949069,-4,8,-11,-7,-5,-1,0,1
1533864552949069,-1,-17,-10,18,0,2,-2,-7
1533864552949859,5,0,9,-23,18,4,7,14
1533864552949859,-3,-5,-10,-10,-16,-7,-7,-7
1533864552971800,-3,0,-41,-29,-12,-1,-4,-3
1533864552971800,1,-4,-17,1,-4,-1,1,-4
1533864552972798,-11,22,57,28,7,1,-1,2
1533864552972798,-9,-34,-37,-6,5,5,8,-1
1533864552996937,0,0,32,-20,-1,-1,2,3
1533864552996937,-18,-17,-4,0,-3,-1,-1,-2
1533864552998732,-2,-25,-20,7,-4,-1,-7,-6
1533864552998732,5,16,-3,1,8,-2,8,18
1533864553001724,11,4,22,7,5,1,1,-16
1533864553001724,-6,1,-8,-31,-8,-3,-6,-4
1533864553010705,-5,-7,-5,16,-5,0,-4,-13
1533864553010705,1,10,17,22,-3,1,-4,-19
1533864553024661,5,-9,-12,-31,2,-5,0,7
1533864553024661,6,9,15,-4,-1,1,-1,-1
1533864553024661,2,-2,-18,1,-3,-3,-1,2
1533864553024661,2,1,6,-18,-3,-3,-1,4
1533864553039619,-5,2,10,19,4,2,6,20
1533864553039619,-4,-12,-9,2,-2,-1,-2,-15
1533864553046604,6,9,-1,-5,-5,-5,-7,-10
1533864553046604,23,-1,0,-13,-3,-4,1,5
1533864553060781,-30,-9,10,13,0,-3,-3,17
1533864553060781,3,3,3,9,1,-3,-11,-31
1533864553068745,1,-6,-13,-3,-3,-2,0,1
1533864553068745,-4,3,3,-12,-4,-2,-8,-20
1533864553084722,1,-4,-2,13,3,-2,4,14
1533864553084722,1,-1,-1,-1,-5,-2,2,12
1533864553084722,-7,2,-6,-7,-3,-1,-4,-2
1533864553084722,-5,-1,-2,1,0,1,-2,-1
1533864553101455,-1,-3,3,7,-2,-1,0,-3
1533864553101455,-3,-1,-4,-2,-1,-2,-2,1
1533864553106440,5,3,2,1,-4,-5,-9,-7
1533864553106440,3,6,-73,-14,-4,-5,7,17
1533864553121402,-11,-17,38,15,2,6,-10,-23
1533864553121402,-3,1,5,5,0,-1,-5,-9
1533864553128385,-6,-7,0,6,-2,2,11,20
1533864553128385,7,4,5,1,-3,1,13,35
1533864553144541,45,32,-8,-3,-4,-3,8,35
1533864553144541,-82,-35,-18,-4,-5,-3,-33,-88
1533864553145338,12,-20,-14,1,4,-1,-11,-8
1533864553145338,-11,-9,4,-3,0,-3,-7,-15
1533864553160297,13,-4,-3,-3,2,2,11,16
1533864553160297,10,15,17,-2,-1,1,8,38
1533864553166280,-8,-8,-8,-12,-5,-2,2,-6
1533864553166280,1,9,15,-7,0,2,-3,-3
1533864553181244,0,1,-2,0,0,-2,-2,-6
1533864553181244,19,4,-6,-5,-2,-4,5,14
1533864553188223,-12,-5,0,-3,-1,0,0,-3
1533864553188223,5,-1,14,-2,-1,-1,-3,-2
1533864553204179,-16,-3,-9,0,-3,-3,-6,-18
1533864553204179,6,-1,-5,-2,2,2,3,7
1533864553205176,4,5,3,-3,-2,0,2,8
1533864553205176,-6,0,14,4,-4,-2,-4,-13
1533864553220136,-11,-5,-6,-2,0,-1,-9,-19
1533864553220136,14,1,2,5,0,-1,6,13
1533864553226124,3,3,0,0,-1,0,1,3
1533864553226124,-8,-6,2,0,-1,-2,-4,-10
1533864553249068,-11,-4,-3,-1,-1,-1,-7,-13
1533864553249068,15,6,0,-2,0,-2,10,19
1533864553250072,-3,0,-4,-2,-3,-2,-8,-9
1533864553250072,-11,5,3,1,0,0,-3,0
1533864553264023,-18,-19,1,0,0,-1,-1,-8
1533864553264023,5,9,-1,-3,-2,0,-1,-7
1533864553265016,5,3,-1,-1,-1,0,1,3
1533864553265016,4,-4,-1,1,0,0,-3,-3
1533864553279976,1,1,0,-2,-1,-1,-1,-3
1533864553279976,5,1,-2,0,-2,-1,1,7
1533864553285964,-3,-3,-2,3,0,-2,4,0
1533864553285964,-4,-3,0,-2,-3,-2,-3,-10
1533864553300923,7,9,-2,-2,-1,-2,-3,1
1533864553300923,2,-3,-8,-1,0,0,0,-1
1533864553308903,1,1,-25,-5,-1,-1,10,23
1533864553308903,2,-1,4,0,0,-2,-16,-30
1533864553323859,5,2,4,-2,-1,-3,-5,0
1533864553323859,-8,-4,3,-3,0,-3,9,31
1533864553324856,-13,3,0,5,3,0,-11,-31
1533864553324856,-10,-4,-2,-3,-3,-3,-1,4
1533864553339817,-2,2,-11,-1,1,-1,-1,-1
1533864553339817,39,8,-8,-3,-3,-1,0,1
1533864553345800,-23,-5,4,-2,-2,-2,-8,-4
1533864553345800,5,-3,2,-1,-1,-3,2,5
1533864553360764,12,5,3,1,-2,2,6,6
1533864553360764,-4,7,4,-1,1,1,-2,-9
1533864553368943,-2,-2,11,-1,-2,1,6,8
1533864553368943,7,1,4,2,1,1,-2,-5
1533864553385697,-5,-1,-2,0,0,-1,1,5
1533864553385697,-5,-1,3,-1,-1,0,-2,-1
1533864553386691,3,-2,-2,1,1,0,-1,-2
1533864553386691,-7,-2,-2,-2,1,2,3,7
1533864553399656,0,0,-1,-1,0,-3,-5,-8
1533864553399656,-8,-5,2,0,2,-3,-4,-4
1533864553405664,11,4,3,-2,0,-1,0,-1
1533864553405664,1,2,-1,-2,-1,-1,3,5
1533864553420600,-5,-4,1,1,0,-3,4,3
1533864553420600,-3,-6,0,-1,-2,-1,-9,-6
1533864553437601,3,5,1,-2,-2,-2,1,10
1533864553437601,-6,-1,-3,-2,-2,-4,-7,-17
1533864553443700,-3,-6,-4,-2,0,-3,-3,1
1533864553443700,-6,-3,-2,1,-1,-1,-4,-21
1533864553450655,13,-9,0,-1,-4,-1,8,21
1533864553450655,-3,2,-4,-2,-2,-2,-9,-16
1533864553460560,-3,-7,-1,-1,-2,-2,-2,-7
1533864553460560,0,0,-2,-1,-1,-2,-1,3
1533864553466651,1,-5,-2,-1,-2,-2,-2,-1
1533864553466651,0,-3,-2,2,-1,-1,8,8
1533864553481485,-6,3,-1,-1,-1,-3,-9,-16
1533864553481485,-2,-3,1,-2,1,-2,3,5
1533864553488478,-8,1,1,-2,0,-1,-3,-9
1533864553488478,16,2,-1,-2,0,-2,2,9
1533864553504421,-8,-1,-4,-3,-2,-3,0,-5
1533864553504421,-5,-4,0,-1,-1,0,-3,-1
1533864553505428,4,3,-2,0,-1,-4,-4,1
1533864553505428,-11,-1,-1,1,0,0,-3,-8
1533864553520378,-1,-16,-1,-1,-2,1,2,11
1533864553520378,2,0,0,0,-2,-2,5,16
1533864553526574,-12,-3,-3,-2,-3,0,-6,-18
1533864553526574,0,11,-1,-3,-2,-2,-7,-19
1533864553541322,1,6,-1,0,0,0,0,-5
1533864553541322,-7,-9,-1,0,0,1,2,-1
1533864553548305,3,-2,-2,0,-1,-2,0,-2
1533864553548305,-4,-2,2,-1,-1,-1,5,19
1533864553563464,4,4,-1,-1,0,-1,2,0
1533864553563464,-2,4,0,0,-1,0,-5,-8
1533864553571523,2,3,-1,-3,-2,-2,0,6
1533864553571523,0,-8,-1,-2,-1,-2,0,-2
1533864553588465,-2,2,-1,-2,-3,1,2,1
1533864553588465,1,-1,-2,-2,-1,0,-1,7
1533864553588465,-4,-5,0,-2,-4,-1,-4,-14
1533864553588465,-4,-3,-1,0,-3,-3,1,2
1533864553601431,-1,-4,-2,-1,-1,0,-2,-5
1533864553601431,3,1,-2,0,-1,-4,-1,-1
1533864553608416,4,2,-1,0,-1,-3,7,8
1533864553608416,-4,1,-2,0,0,-1,-10,-15
1533864553623375,0,1,-1,-1,0,-3,-2,1
1533864553623375,2,-1,-1,1,-1,0,2,10
1533864553631351,-3,0,0,-1,-2,0,-3,-4
1533864553631351,0,-6,-2,-1,-1,0,3,6
1533864553638333,-1,-4,-2,-1,-3,-1,-2,-1
1533864553638333,-1,3,-3,-2,-1,-1,-2,-3
1533864553646311,-1,-2,-2,-1,-3,-1,0,8
1533864553646311,-5,-3,-2,-2,-1,0,-1,-2
1533864553661274,1,3,0,-1,-2,1,0,13
1533864553661274,-4,-3,0,-2,-1,-3,-3,-19
1533864553668255,0,8,1,0,-1,-2,-4,2
1533864553668255,2,-3,-3,0,-1,-2,9,0
1533864553683212,0,-2,-2,0,0,-2,-16,-19
1533864553683212,-1,-1,-2,-3,0,-1,-1,-1
1533864553691191,-3,-5,-1,-2,0,-2,-1,-5
1533864553691191,1,-1,0,-1,-1,-1,1,5
1533864553700168,-1,1,0,-2,-1,-2,3,2
1533864553700168,-3,-2,-1,-2,-2,-3,-1,-3
1533864553706151,-1,-2,0,-1,0,-1,-4,-8
1533864553706151,1,-2,-2,1,-2,-4,0,9
1533864553721304,-2,-4,-2,-1,-3,-2,1,-1
1533864553721304,-1,-1,-1,-2,-4,0,-3,-3
1533864553728409,-3,-4,-2,-3,-2,-2,1,2
1533864553728409,-2,-2,-1,-1,-1,-1,-3,-1
1533864553743459,-4,-4,-2,0,-1,-3,1,-5
1533864553743459,0,2,1,-1,1,-3,-1,0
1533864553751240,-1,-3,-1,0,-1,1,-2,-4
1533864553751240,-7,-4,-1,-1,-2,1,5,20
1533864553767182,16,3,-1,-1,-3,-1,-9,-23
1533864553767182,-9,-4,-3,-2,-4,0,-1,-1
1533864553767182,-1,0,-1,0,0,0,-1,-3
1533864553767182,-2,-1,-1,1,0,-1,-5,0
1533864553781143,-4,0,0,-1,-2,0,3,8
1533864553781143,0,1,-2,3,0,-4,-1,0
1533864553788151,-1,0,1,0,0,-1,1,-1
1533864553788151,-1,-3,-1,1,1,-2,-2,-6
1533864553804082,-5,0,-3,3,1,-1,1,4
1533864553804082,0,-3,-3,-2,-4,-1,-2,-6
1533864553811068,-2,-4,-2,-1,-2,1,-1,0
1533864553811068,0,-1,-1,0,-2,-1,-3,-2
1533864553827024,-1,-1,0,-7,-1,2,2,5
1533864553827024,-3,-2,0,3,0,-1,-5,1
1533864553827024,3,5,1,1,0,0,16,19
1533864553827024,-6,-2,-1,-14,-4,-5,-30,-45
1533864553840987,-2,0,-2,8,0,-2,5,10
1533864553840987,1,-3,-1,2,1,-1,-2,-11
1533864553847968,-2,-3,-3,3,0,0,-5,-9
1533864553847968,0,0,5,5,3,3,10,15
1533864553864920,-5,-3,-4,-5,0,-2,-2,3
1533864553864920,-2,-2,-4,10,-5,-2,-6,-5
1533864553879100,-2,-1,-3,-7,-5,-2,-2,6
1533864553879100,2,0,-2,-4,-1,0,4,3
1533864553894844,-4,-3,-1,-7,1,0,-2,-7
1533864553894844,3,1,1,-11,4,1,5,6
1533864553895879,-4,-4,-5,-3,-10,-6,-4,-10
1533864553895879,0,-5,-32,9,3,0,5,9
1533864553909808,-3,3,28,-5,0,0,-10,-17
1533864553909808,0,-3,-1,1,-2,-1,0,2
1533864553909808,0,4,-3,-1,0,0,-3,-3
1533864553909808,-1,-1,-3,-5,-7,-2,-2,-6
1533864553931941,-1,-2,-9,4,0,-1,3,8
1533864553931941,1,-1,0,0,4,-1,-1,-1
1533864553932738,0,-3,6,-3,0,0,-8,-7
1533864553932738,1,1,7,0,-1,-3,3,7
1533864553954913,-2,-2,-6,-1,-2,-1,-2,-12
1533864553954913,1,0,5,-5,-3,0,4,3
1533864553955912,-1,-3,-5,-1,0,-1,0,9
1533864553955912,-2,-1,4,-3,1,-1,-3,-12
1533864553969053,-3,-2,-5,5,-2,-2,-2,-7
1533864553969053,-2,-1,-8,1,0,1,-2,-9
1533864553969872,-5,-3,-2,-14,-1,0,1,4
1533864553969872,6,5,10,12,5,3,0,2
1533864553991813,5,8,-5,-32,-5,-3,-2,3
1533864553991813,3,-11,-11,29,-11,-5,-3,3
1533864553992811,-3,-1,-1,-2,5,-2,-3,-8
1533864553992811,3,-1,2,3,-7,-4,-2,1
1533864554014751,-16,-4,-5,6,-2,0,2,-1
1533864554014751,2,3,5,-12,6,1,-1,2
1533864554015749,2,-1,0,4,2,1,-1,-3
1533864554015749,-3,5,0,3,-2,-2,0,-1
1533864554029716,-5,-21,-3,-1,1,-1,1,4
1533864554029716,-11,-1,0,-8,-1,0,1,1
1533864554029716,10,-1,-1,7,-4,-4,-3,-5
1533864554029716,-6,4,-1,-5,3,-2,0,2
1533864554051665,1,4,1,7,-1,-3,0,0
1533864554051665,-3,0,0,-10,2,-1,-1,1
1533864554052682,-1,1,1,-3,-2,-1,-1,-2
1533864554052682,-1,-4,3,5,1,1,2,4
1533864554074595,0,1,1,8,3,-3,-8,-10
1533864554074595,2,-6,-9,-28,-12,-2,-2,-1
1533864554075589,0,1,1,4,3,1,-1,1
1533864554075589,-1,-6,2,-4,-6,0,2,0
1533864554089551,-1,1,-2,25,6,-2,1,4
1533864554089551,-2,5,-1,-22,-2,-1,-1,-2
1533864554089551,-3,-2,-2,1,-6,-2,-2,-3
1533864554089551,-12,-6,-1,-16,-2,0,-1,1
1533864554111658,-2,3,-1,4,-3,1,0,-1
1533864554111658,8,1,2,9,2,-3,-1,0
1533864554112490,36,3,-2,-8,0,-3,-2,1
1533864554112490,-11,-17,-2,0,-2,2,-2,-4
1533864554134434,5,6,-4,-6,-3,0,1,3
1533864554134434,-3,1,-1,2,-1,-3,0,-2
1533864554135433,-14,-3,1,-4,3,-2,-1,-2
1533864554135433,1,-3,-1,4,-4,-4,-4,-2
1533864554148614,1,2,-1,-13,6,2,-1,1
1533864554148614,-3,-5,0,19,-11,-2,-2,0
1533864554156373,-3,0,3,19,9,1,0,1
1533864554156373,-1,2,-6,-16,-7,-5,-3,-2
1533864554171333,-3,-7,-4,-9,-6,-1,1,1
1533864554171333,2,4,1,5,4,2,3,6
1533864554172330,-10,-5,-3,3,-2,0,-1,-6
1533864554172330,4,4,0,1,-1,-1,0,0
1533864554195268,1,-1,1,-3,0,-1,-2,1
1533864554195268,-6,-6,-3,10,5,-4,1,1
1533864554195268,-5,-2,-1,4,-3,-1,1,-2
1533864554195268,-1,0,-2,0,1,0,0,-1
1533864554209248,4,-1,-1,-5,-4,-1,0,0
1533864554209248,-1,3,1,-4,0,-1,-1,-9
1533864554217213,-7,0,-2,-14,-3,-3,-1,6
1533864554217213,1,0,0,0,2,1,10,11
1533864554232174,-5,3,-2,-1,-3,-1,-12,-18
1533864554232174,1,-1,-1,-3,0,1,-2,-7
1533864554232174,-5,-3,-1,0,2,-3,-4,-4
1533864554232174,0,-3,-3,0,0,-3,0,0
1533864554255109,5,-4,0,-1,1,-1,4,8
1533864554255109,-3,-2,-1,-5,-3,0,-1,0
1533864554256107,-4,-1,-4,-3,-2,1,-3,-4
1533864554256107,1,3,-1,2,0,1,-4,-1
1533864554269131,-5,-3,-1,-1,-1,-2,0,-1
1533864554269131,-2,1,0,-3,2,-1,-2,-3
1533864554277150,-3,-4,-1,-2,-2,1,2,2
1533864554277150,1,0,-2,-2,-1,0,-5,-5
1533864554292014,-2,-4,1,1,-1,-1,0,1
1533864554292014,-3,-3,-2,-1,2,-2,2,1
1533864554292014,1,-3,-2,-2,-4,-3,-1,0
1533864554292014,0,-2,0,-2,0,-3,-3,-2
1533864554314952,1,-1,-1,-1,-3,-2,1,1
1533864554314952,-2,2,-2,-3,0,-1,-6,-4
1533864554315946,-5,0,-2,-2,-3,1,-1,-1
1533864554315946,-1,-1,-2,-2,-1,-1,-1,-2
1533864554328915,-1,-5,0,-3,-1,-1,0,2
1533864554328915,0,-1,-1,1,-1,1,2,4
1533864554336890,-2,12,-4,-2,-1,-2,-2,-1
1533864554336890,-13,-5,1,-2,0,2,-2,-5
1533864554352017,21,4,-2,0,-3,0,2,3
1533864554352017,-8,-3,-2,-2,0,-2,-1,-1
1533864554352851,2,-3,-1,-1,0,-1,0,-3
1533864554352851,-3,1,-2,-3,1,-2,-2,0
1533864554374793,-8,-1,0,-1,-2,-2,0,-3
1533864554374793,2,0,2,-1,-3,0,0,-1
1533864554375807,-3,-1,1,-1,-3,0,-1,-2
1533864554375807,1,0,-2,-1,-1,0,-1,-2
1533864554388752,1,2,-2,0,-1,-1,-2,-1
1533864554388752,-1,-4,-1,-4,-2,-1,0,-2
1533864554396731,0,-3,-1,-2,-1,-2,-1,2
1533864554396731,2,-2,0,0,-3,-1,-2,-2
1533864554419672,-4,-2,-2,-1,-1,0,0,-1
1533864554419672,0,4,1,-1,-1,-2,0,0
1533864554420666,-4,-4,0,-2,-2,-2,-1,-3
1533864554420666,1,-3,1,-2,-3,-2,-2,-1
1533864554434628,-5,-1,-1,-1,-1,-1,-1,0
1533864554434628,-2,-2,-2,-1,-2,-1,-1,0
1533864554435626,0,-2,-2,-3,0,-1,0,-2
1533864554435626,2,2,-1,-1,-2,-2,-1,-3
1533864554448778,-5,-3,1,-2,0,1,0,0
1533864554448778,0,-3,-1,-1,1,0,-2,0
1533864554456571,0,-4,-1,-1,-2,0,-1,-1
1533864554456571,2,0,-2,-1,-1,1,-2,0
1533864554471531,-4,-1,-2,-2,-1,-1,0,0
1533864554471531,0,2,1,0,-2,-1,-2,1
1533864554472528,-2,0,0,0,-2,-2,-2,0
1533864554472528,-3,-3,-1,-1,0,-3,-1,0
1533864554494686,-1,-3,-1,-1,0,-2,-1,-1
1533864554494686,1,-1,-4,-1,0,-3,-1,-2
1533864554495467,-2,-2,0,0,-1,0,-3,-3
1533864554495467,0,0,0,0,2,-2,0,0
1533864554517410,-4,-2,-1,0,0,1,-2,2
1533864554517410,-4,0,-1,-2,-10,-4,1,1
1533864554518404,-1,1,-2,-2,0,0,0,0
1533864554518404,-1,0,-3,-3,-3,-1,1,-1
1533864554531374,-2,-1,-3,2,-4,0,0,-4
1533864554531374,-1,-1,0,-1,0,0,-3,-3
1533864554532387,-1,-1,-2,-3,-1,0,-2,-5
1533864554532387,-1,-2,-1,0,-1,-1,-2,-4
1533864554555306,-2,-3,1,-1,0,0,1,-1
1533864554555306,0,-2,-1,-1,0,1,-3,-1
1533864554555306,-1,-2,-1,-1,-2,0,0,-1
1533864554555306,-2,0,-1,-1,-2,-1,-2,-1
1533864554577250,1,2,-1,-1,0,-3,-2,-1
1533864554577250,-1,0,-1,-1,-1,-1,1,-2
1533864554578244,-1,-1,-1,1,-1,-3,-2,1
1533864554578244,-1,-2,0,0,-1,-1,0,0
1533864554592351,-2,-1,0,-4,-4,-2,-4,0
1533864554592351,-1,-2,-1,-2,-1,-3,-2,-2
1533864554592351,-1,-1,-2,0,0,0,-2,-3
1533864554592351,-1,-1,0,-1,-1,0,0,-3
1533864554615312,-1,-1,-1,1,-1,1,-1,-2
1533864554615312,-1,-1,0,-1,1,-3,1,-2
1533864554616144,-2,-2,-1,-3,-1,-1,0,1
1533864554616144,0,-1,-3,-3,-2,-1,-1,1
1533864554637090,-2,-1,-3,1,-2,-1,1,-2
1533864554637090,1,-1,0,-3,-2,-2,-2,-2
1533864554638085,-2,-2,-2,-1,-3,-1,-1,0
1533864554638085,0,-1,-2,-4,-2,2,-1,0
1533864554652050,0,-1,-2,-2,0,-3,-3,0
1533864554652050,-1,0,-2,1,1,1,-1,0
1533864554652050,0,0,0,0,-2,-3,0,-1
1533864554652050,1,0,0,0,1,-2,-2,-2
1533864554674989,-2,-1,-2,0,1,-1,0,-1
1533864554674989,-1,-2,-2,-1,0,-1,-1,-1
1533864554675983,0,0,-2,-1,1,0,-1,0
1533864554675983,-3,-2,0,2,-3,-3,0,-2
1533864554697924,1,0,-1,-11,-4,-3,1,-1
1533864554697924,-1,-1,-3,3,1,0,-2,-2
1533864554698935,0,-1,1,6,1,3,-1,0
1533864554698935,0,0,0,-2,-5,-2,-3,-2
1533864554710893,-2,-1,1,-3,-1,-4,-2,0
1533864554710893,-1,-1,-1,-4,-2,-2,-2,-1
1533864554719866,0,0,-1,-4,-2,0,-2,0
1533864554719866,-4,-2,0,5,2,0,0,-2
1533864554734826,-2,0,0,1,0,2,-2,-3
1533864554734826,-1,-1,-4,1,-1,-2,0,0
1533864554736820,-1,-4,-2,1,-1,0,-1,-2
1533864554736820,0,0,-2,-3,0,-3,-3,-1
1533864554757764,0,-1,-1,10,-2,-2,-3,-2
1533864554757764,-1,0,-1,-15,1,-1,-2,-2
1533864554758761,-3,-4,-2,3,-6,-4,-2,-2
1533864554758761,1,4,-2,10,-1,-1,2,7
1533864554770746,-3,-3,-4,-38,-3,0,-4,-8
1533864554770746,1,0,1,19,7,4,2,0
1533864554779884,-1,-4,-2,-3,3,-4,-3,-3
1533864554779884,-3,-2,-4,-24,-16,-4,-2,1
1533864554794669,-3,-2,-3,20,-5,-5,0,-1
1533864554794669,2,0,0,-4,2,-1,1,1
1533864554796661,1,1,-3,-5,4,2,3,2
1533864554796661,1,-2,0,4,9,1,2,10
1533864554817607,-1,-4,0,2,3,2,7,-5
1533864554817607,-2,9,1,-6,-5,-1,-20,-8
1533864554818602,-3,-2,2,4,0,-2,0,-8
1533864554818602,1,-1,1,0,-2,0,2,8
1533864554830602,-2,-3,-1,-1,-4,-1,0,-1
1533864554830602,2,-4,-1,5,-1,-1,10,11
1533864554839545,11,4,-2,-4,-2,-2,-2,5
1533864554839545,-16,-12,-5,-3,-2,-4,-16,-24
1533864554854505,-10,-6,-2,3,1,0,6,9
1533864554854505,-5,-10,-2,-4,-3,-2,-1,-9
1533864554856500,1,2,1,-2,-4,0,-3,-2
1533864554856500,0,1,-1,-4,1,-1,3,0
1533864554877443,3,1,1,4,1,-2,-5,-2
1533864554877443,-4,-1,-2,-3,-6,-3,-1,-5
1533864554879439,-6,-3,-2,-6,-1,0,1,1
1533864554879439,2,1,1,7,1,0,2,1
1533864554891407,-3,-1,0,3,-2,-1,-4,-7
1533864554891407,1,3,-1,-14,-2,4,1,1
1533864554900400,-3,-1,-2,-4,-5,-1,-2,6
1533864554900400,-1,-1,1,-4,0,1,-1,-18
1533864554915354,3,1,-1,1,-1,-3,-1,8
1533864554915354,-3,-3,-2,2,-2,-5,0,-2
1533864554916341,-5,-5,-2,-4,0,2,-5,-9
1533864554916341,2,1,-1,0,0,3,1,0
1533864554937288,-2,0,-2,0,0,1,0,1
1533864554937288,3,-1,1,0,4,2,3,3
1533864554939288,-4,0,-1,-2,-10,-8,-1,-2
1533864554939288,0,0,-2,1,-1,-5,-2,-1
1533864554951247,1,0,-1,-4,9,1,-1,-3
1533864554951247,-3,-3,-1,1,-2,-2,-4,-6
1533864554960245,2,-1,1,6,-3,-1,1,-2
1533864554960245,-2,-1,-3,0,-3,3,0,-1
1533864554975186,-1,0,0,-4,-4,-4,-2,3
1533864554975186,1,-1,-3,0,-8,-8,-10,-13
1533864554977178,0,-2,1,-3,0,3,2,14
1533864554977178,-2,-1,0,0,11,5,8,-6
1533864554997146,-1,1,2,1,3,11,0,-17
1533864554997146,-2,1,1,1,0,-1,6,8
1533864554999119,-1,-3,0,0,-7,-7,-7,-17
1533864554999119,-1,-2,-5,-13,-10,-11,-9,-18
1533864555011096,-1,-3,-5,-6,-6,-6,-8,-4
1533864555011096,-1,0,-3,2,-2,-3,8,-1
1533864555020098,-2,-3,5,7,7,9,1,-13
1533864555020098,1,1,-1,-18,6,8,5,8
1533864555035074,-3,-1,-1,14,-1,-9,-5,-2
1533864555035074,4,-3,-2,-8,-4,-2,-1,7
1533864555037031,-2,0,-5,-3,-2,-7,-2,4
1533864555037031,3,-1,2,7,0,1,-1,4
1533864555057159,1,0,0,-5,1,-2,2,5
1533864555057159,-2,-3,1,0,-12,-1,-2,-1
1533864555058960,-1,0,5,27,32,1,-1,-8
1533864555058960,-3,0,1,-22,-4,2,3,16
1533864555070926,1,-4,-11,5,-22,-2,-7,-3
1533864555070926,-3,-1,-4,-2,4,-1,-6,-5
1533864555079903,-2,2,-3,-22,-12,0,1,0
1533864555079903,-1,-2,1,10,4,-5,-1,3
1533864555093970,0,-1,4,2,7,2,1,-6
1533864555093970,-2,-1,-3,0,-2,0,-3,8
1533864555102842,0,0,-1,3,-2,0,0,3
1533864555102842,3,-1,-1,1,4,-1,-4,2
1533864555117806,-1,0,-3,-5,-5,-1,1,5
1533864555117806,-3,-1,0,9,1,-1,0,2
1533864555118805,-1,-2,-1,-3,-2,-2,-1,-4
1533864555118805,-5,-3,-2,13,-6,-3,-3,1
1533864555130770,-1,-1,2,-17,1,3,3,-3
1533864555130770,-1,0,2,14,11,1,-7,-18
1533864555139742,-4,-6,-7,-6,-18,-8,4,16
1533864555139742,1,0,-1,-5,-6,-3,-2,-1
1533864555153705,-3,-3,-3,-23,-3,0,-1,-2
1533864555153705,1,-7,2,0,1,2,6,13
1533864555160690,3,18,-2,-11,-1,1,-8,-11
1533864555160690,-8,-7,-2,5,-2,-3,-5,-9
1533864555177644,1,0,0,5,-1,-2,-3,3
1533864555177644,-3,-4,-3,-5,1,-1,1,1
1533864555178639,-1,-3,-1,4,1,-1,1,3
1533864555178639,-4,-3,-6,-6,-7,-3,-2,-18
1533864555191652,-2,1,1,2,3,-2,-1,-4
1533864555191652,-3,-1,-1,1,-2,0,0,-6
1533864555200584,0,-2,2,16,1,0,-3,2
1533864555200584,-1,4,1,-12,2,2,-1,-3
1533864555214546,-1,-3,-1,14,3,1,2,-1
1533864555214546,-1,-1,-4,6,-4,-3,-5,-8
1533864555220526,-4,-6,-2,-13,-4,-3,-4,-10
1533864555220526,3,-1,-2,1,-4,-1,8,21
1533864555237481,-1,-1,-2,-4,0,-4,-4,6
1533864555237481,0,2,0,-6,0,1,-1,17
1533864555239476,-1,-1,0,4,3,2,-3,-16
1533864555239476,0,-4,4,8,-1,-1,8,11
1533864555251447,1,9,-1,3,-2,-5,-13,-7
1533864555251447,0,-3,-2,-4,-1,-1,6,4
1533864555260433,-1,-6,-3,-9,-2,-3,-3,1
1533864555260433,-1,-1,-4,-1,-3,0,-5,-14
1533864555274382,0,-2,-1,-5,1,2,12,29
1533864555274382,-3,1,-1,-6,-2,-1,-3,-5
1533864555281587,-1,-1,-2,0,-2,-1,-3,-1
1533864555281587,-1,0,1,4,1,-3,-4,2
1533864555297324,-1,-3,-1,0,-1,-1,-1,-10
1533864555297324,-2,0,-1,-2,-1,0,-3,-9
1533864555299316,-1,-4,-2,-3,-4,0,2,1
1533864555299316,0,-1,-2,3,-4,0,-1,2
1533864555311287,0,-2,0,-2,0,-1,-1,-5
1533864555311287,-2,0,-2,-5,1,1,0,-5
1533864555320275,1,-1,0,1,-3,-2,0,12
1533864555320275,-3,2,-1,2,-1,-4,-8,-30
1533864555334225,4,0,-1,-4,-1,-1,-2,-10
1533864555334225,0,-3,0,-4,-1,-2,6,15
1533864555341421,-2,-3,-1,-2,2,0,1,4
1533864555341421,2,0,1,10,3,0,-4,3
1533864555357161,-3,0,1,-5,-1,-1,-2,0
1533864555357161,-1,-4,-6,-3,-9,-6,-4,-1
1533864555359157,-5,-4,-1,-3,-4,-1,-3,4
1533864555359157,-1,-1,-2,-4,-5,-2,-2,-8
1533864555371134,-4,-3,0,2,4,1,3,6
1533864555371134,1,0,-1,-2,1,1,-3,-2
1533864555380100,0,0,0,-2,-1,0,2,-2
1533864555380100,-1,-1,-3,-1,0,-2,-4,3
1533864555394083,0,0,0,-2,-4,-2,3,12
1533864555394083,-2,-1,0,-1,-1,-1,-7,-19
1533864555401054,2,1,0,2,2,2,0,-2
1533864555401054,-3,-1,0,-4,-1,-2,1,3
1533864555417004,-3,-3,-6,1,-5,-3,-4,-10
1533864555417004,-1,0,2,7,4,4,4,11
1533864555418996,-3,-3,-8,-8,-11,-8,-2,8
1533864555418996,-2,-2,-2,-4,-1,-4,-3,7
1533864555439943,2,1,-3,-8,-1,-1,-10,-28
1533864555439943,1,1,3,-3,2,4,13,26
1533864555441935,-4,-1,0,3,0,-3,-1,-2
1533864555441935,0,-3,-5,-4,-3,-4,0,2
1533864555454909,0,-4,-2,7,-2,0,-1,2
1533864555454909,-2,2,-2,-7,-5,-2,-7,-13
1533864555460887,-2,2,5,4,3,0,0,-2
1533864555460887,0,-1,-1,-6,1,-3,0,-1
1533864555477838,-2,0,-1,13,-3,-2,-1,-3
1533864555477838,0,-1,-1,4,-3,-4,-2,-6
1533864555478835,-1,-2,-1,-1,-1,1,1,-3
1533864555478835,0,-2,1,1,0,0,-2,-4
1533864555499924,-1,-1,1,-8,0,0,1,5
1533864555499924,-2,-1,-1,-2,-3,-1,-2,-4
1533864555501776,-1,-1,-2,-1,-1,-1,-4,-6
1533864555501776,-2,-1,-1,1,0,-1,0,2
1533864555513746,0,1,-1,2,0,0,0,-2
1533864555513746,-2,-2,-2,-2,2,-2,-3,4
1533864555529703,-1,-2,-2,-2,2,3,3,1
1533864555529703,-1,-2,-2,4,-3,-1,0,-4
1533864555537712,-2,-3,-3,2,1,-2,1,4
1533864555537712,-1,-1,-1,-1,-1,-1,-4,-8
1533864555538681,-1,1,0,-6,-2,-2,-2,-5
1533864555538681,1,2,2,1,5,2,1,6
1533864555559619,-1,-3,-3,-10,0,-3,-3,-1
1533864555559619,-4,-5,-8,-6,-9,-5,-5,-7
1533864555561615,-1,0,1,9,1,1,3,3
1533864555561615,0,1,3,3,-2,1,5,8
1533864555573582,-1,-4,-7,-20,-3,-2,-5,-18
1533864555573582,-4,0,-1,0,0,-1,-4,-4
1533864555582558,-2,-1,-5,-9,-5,-3,-6,-6
1533864555582558,-2,-1,0,3,2,1,-2,-3
1533864555597523,-2,-3,4,9,1,0,0,10
1533864555597523,-1,1,1,0,-2,-2,-3,-24
1533864555599521,0,-2,-2,-5,-1,-2,-1,6
1533864555599521,0,2,-1,2,-5,-2,5,-4
1533864555619665,-1,-1,-1,3,1,1,-2,-11
1533864555619665,0,0,-2,-1,1,0,3,8
1533864555621456,0,2,1,2,2,1,-2,1
1533864555621456,-4,-2,-1,-7,0,-2,-2,-5
1533864555633435,-2,1,0,-2,-2,-2,-1,6
1533864555633435,0,1,0,0,1,-2,-1,-1
1533864555642399,0,-3,0,-3,-3,-2,-2,-5
1533864555642399,0,-4,-4,-7,-3,-2,-3,2
1533864555657363,0,-1,-1,2,0,0,1,2
1533864555657363,0,-1,-1,-1,0,1,-2,3
1533864555659353,2,-2,-1,-5,-1,0,1,0
1533864555659353,-1,-3,-3,-2,-4,-2,-4,-4
1533864555680300,-1,0,1,0,-2,-1,2,2
1533864555680300,-1,-3,-1,-1,0,-1,-1,-2
1533864555681294,1,0,0,-1,0,0,0,0
1533864555681294,-1,-3,-1,-2,-1,-1,-2,-3
1533864555693271,-1,1,-2,4,0,-2,2,1
1533864555693271,-1,1,0,-5,0,-1,1,4
1533864555702252,-3,-2,-3,-1,-2,-1,-2,-4
1533864555702252,-1,-1,0,1,0,0,-2,0
1533864555717202,-2,-2,1,-3,-2,-2,-1,3
1533864555717202,-1,-3,0,2,0,-2,-2,-2
1533864555719193,0,-1,-2,3,0,-1,-2,4
1533864555719193,-3,-1,-1,-5,0,0,-1,1
1533864555740139,0,1,0,0,3,-1,1,0
1533864555740139,-4,-1,0,-1,-3,-2,-1,1
1533864555741136,-2,1,-2,-1,-1,-2,0,-2
1533864555741136,1,0,-4,-1,-3,-2,-1,5
1533864555753106,-3,-2,-1,0,-4,-2,-1,-6
1533864555753106,-1,-2,0,-1,-1,-2,-2,-2
1533864555762081,-1,0,-2,-3,1,-1,-2,-5
1533864555762081,0,-1,-1,1,-1,1,0,1
1533864555777252,-2,-2,-2,-1,-2,-2,1,-3
1533864555777252,-1,-5,0,-3,-3,-3,-1,6
1533864555779033,0,-1,-1,-1,-2,-1,-1,6
1533864555779033,-2,0,-1,1,-1,-1,-4,-14
1533864555800037,-1,-1,-1,0,-1,2,-3,3
1533864555800037,-2,-3,-2,-2,-5,-1,-1,-2
1533864555801972,-1,-1,-1,-2,-2,-1,-2,-3
1533864555801972,-1,0,-2,-1,0,0,-1,2
1533864555814065,-1,0,1,-4,-3,0,-1,0
1533864555814065,0,2,-2,-1,1,-1,1,-2
1533864555822915,-3,-2,-1,-3,0,-2,-1,-2
1533864555822915,-1,-2,1,-1,0,-1,-2,-2
1533864555837876,-2,-2,-1,0,0,-3,-1,2
1533864555837876,-1,-1,0,-2,-2,-1,0,-3
1533864555838872,-1,0,-1,-1,-1,-2,-1,-1
1533864555838872,0,-2,-3,3,0,-2,-1,0
1533864555859820,0,0,-1,-2,-1,-1,-1,2
1533864555859820,0,0,-2,0,-1,3,-1,-2
1533864555861812,-2,-2,0,-2,-3,-1,-2,-3
1533864555861812,-2,-1,0,-2,-2,0,0,1
1533864555873783,-2,-2,-2,-2,-2,-1,1,1
1533864555873783,0,-3,-2,-1,0,-2,0,4
1533864555882755,0,-1,-1,0,0,-1,-2,-3
1533864555882755,-2,-1,0,-1,-2,-2,-2,-2
1533864555897918,-2,-2,-1,-1,0,-1,-1,-3
1533864555897918,-3,-1,0,-2,1,-2,-1,-1
1533864555898730,-1,-3,-2,0,-3,-2,1,4
1533864555898730,-4,2,-2,-2,-2,-1,-1,0
1533864555919659,1,0,-2,0,-1,-2,2,-2
1533864555919659,-4,-3,-2,-2,-1,-1,-1,13
1533864555921653,0,1,0,-2,-1,-2,-6,-25
1533864555921653,-3,-3,-1,-1,-1,0,-1,-6
1533864555933622,-1,0,-2,-1,0,-2,-2,-1
1533864555933622,-1,-1,-2,-1,-1,-1,1,-2
1533864555942597,-3,-2,-1,-1,1,-3,0,3
1533864555942597,0,0,-1,-2,-2,-1,-2,-2
1533864555957555,-1,-1,-1,0,-1,0,-3,-4
1533864555957555,0,-1,-1,-2,-3,1,2,2
1533864555958552,-4,-1,-2,-2,-1,0,-2,-4
1533864555958552,1,-2,-3,1,-1,-1,1,-3
1533864555979497,-2,-3,-2,-1,-2,-1,3,14
1533864555979497,-3,1,-1,-1,-1,2,-10,-38
1533864555981492,2,-2,0,-1,0,1,3,7
1533864555981492,-3,-1,-1,-2,2,-2,0,9
1533864555993462,-1,-1,0,-1,0,0,-3,-5
1533864555993462,3,-2,-2,-1,-1,0,9,24
1533864556002435,-1,-1,-2,-1,-3,-1,0,-8
1533864556002435,-7,-5,-2,-2,-1,-3,-16,-32
1533864556017396,1,-1,1,1,-2,-2,-1,2
1533864556017396,-1,-2,-1,-2,0,-3,-2,-1
1533864556019393,0,0,-3,0,3,0,1,2
1533864556019393,3,0,0,0,-1,0,6,14
1533864556040342,-3,0,-1,-4,-1,0,-2,-9
1533864556040342,0,0,-2,2,-4,-3,-6,-5
1533864556041336,2,-1,-1,1,-3,-1,6,39
1533864556041336,-3,-2,-2,-4,-2,-2,-9,-45
1533864556053505,0,-4,-2,-1,-1,2,-3,1
1533864556053505,1,1,0,-2,1,0,2,2
1533864556062289,-3,-2,-2,-2,-1,-1,-4,-4
1533864556062289,1,0,-1,-1,-1,-3,4,10
1533864556085217,-1,0,-1,-1,-2,1,2,0
1533864556085217,-1,-4,-2,0,0,-1,-2,-3
1533864556086212,-3,0,-1,0,-1,0,-3,-8
1533864556086212,2,-1,0,-1,2,-1,2,10
1533864556100391,-1,0,-2,0,-3,-2,-4,-5
1533864556100391,-1,-2,-2,0,-2,-3,2,11
1533864556101184,-2,-3,-2,-2,-1,-1,-5,-14
1533864556101184,-1,-1,-3,-1,-2,-1,1,7
1533864556113142,-2,0,-1,-1,-1,-2,-2,-1
1533864556113142,0,1,1,0,0,-3,-2,-2
1533864556122115,-2,-2,1,1,-2,-2,-2,-2
1533864556122115,-1,0,-1,-1,-2,-1,0,3
1533864556137078,-1,-3,1,0,0,-2,-1,-9
1533864556137078,-2,-1,0,-2,-2,0,-1,3
1533864556143060,0,0,2,-1,-1,1,-5,-3
1533864556143060,1,-1,-2,-1,-1,2,0,5
1533864556160014,-1,-2,-3,1,0,-1,-1,4
1533864556160014,1,-2,-1,0,0,-1,-1,-6
1533864556162009,0,0,-2,-1,-1,0,0,-3
1533864556162009,-1,-1,-1,1,-1,-1,1,23
1533864556173981,-1,-1,-2,-3,-2,-1,2,-3
1533864556173981,-4,-1,-3,-1,-1,0,-4,-9
1533864556182952,-2,-2,-2,-4,-1,-4,-1,-4
1533864556182952,-2,-2,0,-2,-1,-2,-4,0
1533864556196935,0,-1,-2,0,0,-2,0,1
1533864556196935,-3,-1,-2,-1,-2,-3,-2,-1
1533864556203924,-1,-2,0,1,0,0,0,1
1533864556203924,-2,0,0,-3,-3,-1,0,-5
1533864556219857,-1,-3,-1,-2,0,-3,-3,1
1533864556219857,0,-2,0,-2,-2,0,-2,-3
1533864556221876,0,-2,0,-2,-2,-1,-1,-1
1533864556221876,0,0,0,0,0,1,-1,-3
1533864556233819,-1,-2,-1,-2,-1,1,-3,-2
1533864556233819,0,-1,-1,1,-2,-2,1,10
1533864556242793,-3,-2,-2,-1,0,-3,2,-9
1533864556242793,-4,-3,-3,0,-1,-2,-5,-13
1533864556256758,0,-2,-2,-1,-1,-5,-5,2
1533864556256758,1,0,-2,-1,-1,-1,1,0
1533864556263745,-2,-1,-1,-5,-1,-2,0,9
1533864556263745,1,0,0,-1,-2,0,1,-7
1533864556279694,-2,-1,-2,-1,-1,0,-2,-8
1533864556279694,-2,-1,-3,-4,-1,-3,-5,-6
1533864556281688,0,0,-3,-1,-2,0,0,5
1533864556281688,-2,-2,-2,-1,-2,-2,4,8
1533864556293660,1,-1,0,-1,-2,0,-4,-8
1533864556293660,-1,-1,1,1,0,3,-1,-7
1533864556302632,0,1,-1,0,-1,1,-1,1
1533864556302632,0,-2,-1,1,0,1,2,8
1533864556316598,-4,1,-1,-2,-2,-2,1,4
1533864556316598,0,-1,-2,-2,-1,-1,1,-2
1533864556323576,-1,-2,0,-2,-1,-1,-2,-2
1533864556323576,-2,-1,1,0,-1,1,-2,-1
1533864556339537,-1,0,0,-2,-1,-1,1,0
1533864556339537,-3,0,-2,-6,0,-2,-3,-4
1533864556341529,0,-1,-2,-1,-2,-1,1,2
1533864556341529,-4,-1,-1,-1,0,0,1,-3
1533864556362476,-2,-2,-1,1,0,2,-4,-14
1533864556362476,-1,0,-1,-2,-2,0,0,2
1533864556364474,-1,-2,0,8,0,-2,-1,-3
1533864556364474,2,0,0,-8,-1,0,0,-2
1533864556377431,-4,-2,-2,2,-3,-2,-3,9
1533864556377431,2,-2,0,1,-1,0,-1,5
1533864556383419,0,-2,-1,-3,-1,-3,-3,-10
1533864556383419,1,0,1,-1,0,-1,0,12
1533864556400371,-8,-1,0,-3,0,-3,-3,-40
1533864556400371,1,0,0,1,1,-2,0,12
1533864556401368,-5,-1,-3,-2,-2,2,-5,-11
1533864556401368,2,0,-3,-1,-2,-3,-5,-5
1533864556422312,1,-1,0,-2,0,0,2,10
1533864556422312,-3,-3,-2,0,-2,-2,-1,-2
1533864556424307,-2,0,-2,-1,-2,-1,-1,0
1533864556424307,-1,-2,0,-2,0,-1,-1,-1
1533864556436298,1,-1,0,-1,1,2,6,20
1533864556436298,-3,-2,0,-1,1,-1,-6,-26
1533864556443454,2,-1,-1,-2,-2,0,4,13
1533864556443454,-7,-6,-1,-2,-4,0,-5,-15
1533864556460212,1,5,-1,0,-1,-2,1,8
1533864556460212,0,0,-1,-1,0,0,0,5
1533864556461208,-3,-2,-3,-4,0,-4,-5,-7
1533864556461208,-1,-1,-3,0,-2,-3,-1,-2
1533864556482152,1,-1,1,-1,-1,-1,-2,-1
1533864556482152,-3,1,-2,1,-3,0,-2,-1
1533864556484147,0,0,-1,-1,0,0,-2,-1
1533864556484147,-1,0,-1,0,-2,-2,-2,-5
1533864556496115,-1,-2,-2,0,-3,-2,6,25
1533864556496115,-4,-1,-2,0,-2,0,-5,-28
1533864556505104,0,-2,0,2,1,0,-1,4
1533864556505104,-1,0,-1,-1,2,1,-2,0
1533864556527035,2,-1,-1,-3,-1,-1,0,-2
1533864556527035,-2,-3,-1,-1,-2,-1,3,4
1533864556529027,-2,-1,0,-1,-2,-2,-1,-2
1533864556529027,-2,0,-2,0,-1,-2,0,1
1533864556550135,-2,-2,-1,-1,-1,-2,-3,-7
1533864556550135,0,-1,1,-1,-2,-1,0,5
1533864556551966,-1,0,-1,-3,-2,0,-2,-5
1533864556551966,3,-1,-2,-2,1,0,-1,3
1533864556555956,0,-3,-1,0,-1,0,-1,-1
1533864556555956,-2,-1,-2,-2,0,-2,-1,3
1533864556564932,-2,-1,-1,-1,0,-1,-1,1
1533864556564932,0,0,0,1,-4,-3,1,0
1533864556579985,-1,0,-2,0,-2,0,-1,-2
1533864556579985,1,-2,0,-1,-2,-2,-3,0
1533864556581886,-6,2,-1,-1,0,-2,-1,-9
1533864556581886,2,-3,-3,1,-2,-1,-1,6
1533864556602834,-4,-2,-1,-4,-4,-4,-3,-13
1533864556602834,2,-3,-2,-4,-2,1,1,6
1533864556603828,0,-1,-1,-2,-1,-2,1,4
1533864556603828,-4,-2,-1,-2,-1,-1,-3,-8
1533864556615841,0,0,-1,0,0,1,0,8
1533864556615841,-2,-1,-3,0,2,0,-2,3
1533864556624772,-1,-2,-2,-3,-2,-1,0,-7
1533864556624772,0,0,-1,-1,1,0,-1,6
1533864556639731,0,0,0,-1,-1,-1,-1,11
1533864556639731,-1,-2,-2,-1,0,-5,-4,-24
1533864556641725,-3,-2,0,0,-1,0,-2,-2
1533864556641725,-3,-2,-3,-1,-1,-1,0,-5
1533864556662669,1,-1,-4,-1,-1,0,2,11
1533864556662669,-3,1,-1,1,-1,1,-5,-9
1533864556664667,1,-1,-1,0,-2,-2,-1,4
1533864556664667,-1,0,1,0,-3,0,2,-2
1533864556676637,-2,-2,0,-1,0,0,-6,-11
1533864556676637,2,-3,-1,-1,-2,1,3,8
1533864556685612,-2,0,0,-3,-1,-1,-3,1
1533864556685612,-1,-1,-3,0,-1,0,-3,-3
1533864556699574,-1,0,-3,-3,-1,-2,-3,-5
1533864556699574,-2,-1,1,-2,0,-1,0,1
1533864556701565,0,0,-2,-2,-1,0,5,12
1533864556701565,-3,-1,0,-1,0,-1,-6,-21
1533864556729490,2,-2,-1,0,-2,-2,1,3
1533864556729490,-5,-1,-1,0,-3,-2,-1,6
1533864556731505,0,0,-2,0,-1,0,-1,-13
1533864556731505,-1,-1,-1,-2,1,-2,0,5
1533864556736475,1,-2,-1,0,1,-1,-3,-3
1533864556736475,-1,-1,-2,-2,-2,-4,0,3
1533864556752430,1,-3,-1,-1,-1,-2,-2,2
1533864556752430,3,-1,0,-1,0,-3,-1,6
1533864556759629,-12,-1,-2,-3,0,0,-3,-15
1533864556759629,0,0,-3,1,-2,-1,0,6
1533864556766412,3,0,0,0,-1,1,1,5
1533864556766412,-12,-2,-1,-2,-3,-3,-11,-18
1533864556782353,-2,-2,-2,-2,-2,-1,2,-3
1533864556782353,1,1,0,2,-2,-1,0,0
1533864556784344,-2,-1,-2,-2,-1,-1,0,2
1533864556784344,2,-1,-1,1,-1,0,1,3
1533864556796315,-1,-2,-1,0,-2,-1,0,3
1533864556796315,-3,-1,-1,-2,-3,-2,-2,-6
1533864556805306,0,-2,1,-2,-2,0,-2,-2
1533864556805306,-2,0,1,-1,-1,-2,-1,4
1533864556820342,3,-1,-1,-2,-2,-1,-2,-5
1533864556820342,1,-1,-1,-1,0,-2,2,4
1533864556821246,0,-1,-1,0,-1,-3,-1,-4
1533864556821246,2,-3,-2,0,-1,2,2,3
1533864556842193,2,1,1,0,1,-1,2,8
1533864556842193,-6,-2,-1,-2,0,-1,-6,-2
1533864556844184,-3,1,-1,-1,-1,-2,-1,-12
1533864556844184,4,-1,-2,0,-2,-1,-2,0
1533864556856152,2,-3,1,-1,0,0,-2,-3
1533864556856152,1,0,-1,-3,1,1,1,6
1533864556865129,-1,-2,-2,-1,-1,-1,-2,-1
1533864556865129,1,-2,-1,-2,-2,1,1,5
1533864556880088,-1,0,-1,-1,-4,0,0,6
1533864556880088,3,-2,-1,-2,-1,-1,-6,-13
1533864556881085,-1,-3,-3,0,-2,-1,-1,-2
1533864556881085,-5,-1,0,-1,1,0,0,-3
1533864556902232,-1,-2,-1,-1,0,-3,-1,-2
1533864556902232,-1,-1,-1,-2,-3,-1,0,-1
1533864556904058,1,0,-2,-3,-2,-2,-2,-2
1533864556904058,-1,0,-3,-2,-2,0,-3,1
1533864556915992,1,-2,-1,1,-1,1,0,0
1533864556915992,-3,-2,-1,-1,-1,-2,1,6
1533864556924967,-7,-2,0,-2,0,-1,-2,-7
1533864556924967,0,1,-1,-3,1,0,4,13
1533864556940139,-2,-1,-1,-1,-3,-3,-2,-15
1533864556940139,-3,-3,-1,1,0,-2,-2,-2
1533864556941923,3,0,-1,1,-2,-1,-4,0
1533864556941923,0,-3,0,-3,0,0,3,1
1533864556962872,0,0,-1,-1,-2,1,-2,0
1533864556962872,0,0,-1,-1,0,0,-1,1
1533864556963880,-1,-1,-1,1,0,-1,-2,0
1533864556963880,0,0,-3,-1,-3,-3,0,-1
1533864556975835,-3,-1,-4,-4,-1,-3,-6,-8
1533864556975835,-2,1,-1,-2,-1,1,0,0
1533864556984811,-3,-2,-2,-4,-2,-1,-1,3
1533864556984811,-1,-2,0,-2,0,0,-3,-6
1533864556999771,0,1,-1,-2,1,0,2,3
1533864556999771,-3,-2,-1,-2,-1,-1,-3,-1
1533864557001762,0,0,-1,-1,1,0,0,-1
1533864557001762,0,0,-2,-1,-2,-2,-1,3
1533864557022912,-1,-1,1,-1,0,-4,-2,-3
1533864557022912,2,-2,-3,-2,-1,-2,2,15
1533864557023704,-2,-2,-1,-2,-1,-2,-3,-19
1533864557023704,-2,-1,-2,-1,-2,-2,0,2
1533864557035675,-1,-1,-3,-2,-1,-3,0,-2
1533864557035675,-6,0,1,0,-2,-1,1,-4
1533864557044648,2,-1,-2,-2,-1,-2,-2,-12
1533864557044648,1,1,0,0,-1,-1,0,-1
1533864557059611,-2,-2,-1,-1,-1,0,-2,-2
1533864557059611,2,-2,-2,-3,-1,1,-1,-4
1533864557061603,0,-1,-1,-2,0,1,2,9
1533864557061603,-3,-2,0,0,0,-2,-2,2
1533864557082547,2,1,0,-1,-1,-1,0,-3
1533864557082547,-1,0,2,0,-3,-3,-2,-4
1533864557084609,-2,-3,-2,-1,-2,-2,-1,5
1533864557084609,0,-3,-1,-1,0,-1,0,0
1533864557096509,-4,-4,-1,-1,-1,-3,-4,-2
1533864557096509,2,0,-1,-3,0,-1,6,5
1533864557105507,-2,1,-2,-2,0,0,-5,-10
1533864557105507,1,-2,1,-2,2,0,-2,7
1533864557120453,3,0,-1,0,1,1,-1,1
1533864557120453,-9,-1,-1,0,-3,1,-3,-10
1533864557121444,3,-1,-1,-1,-2,0,1,-1
1533864557121444,-3,-2,-2,-1,1,-2,-1,3
1533864557142630,-2,-1,-2,0,-1,-3,-1,-5
1533864557142630,3,-2,-2,-1,0,-1,-2,5
1533864557143624,-1,-2,0,0,-2,-3,1,-1
1533864557143624,-1,1,1,0,-3,2,-2,9
1533864557155611,-4,-3,-2,0,-1,0,1,-2
1533864557155611,1,-1,-3,-1,-1,-2,-6,-9
1533864557165565,0,-1,-1,0,0,-1,0,14
1533864557165565,-3,0,-1,0,-1,-1,1,-16
1533864557179633,-2,-2,-1,0,0,-1,-2,-4
1533864557179633,2,-1,0,1,2,-1,0,8
1533864557181523,-5,-3,-1,-1,-2,-3,-2,-2
1533864557181523,-2,-1,-2,-2,-1,-1,-2,-13
1533864557202478,0,1,-1,-1,-3,-1,0,9
1533864557202478,-2,-1,-4,-1,-1,-2,-3,-6
1533864557203464,0,-3,-2,0,0,0,-2,2
1533864557203464,-3,0,0,-2,-2,-2,-2,-9
1533864557216624,3,-1,0,-1,0,1,-1,3
1533864557216624,1,-1,-1,-1,0,1,0,-4
1533864557225406,-1,1,-2,0,0,1,-1,-4
1533864557225406,3,-2,-2,-1,-1,-2,-1,2
1533864557240365,-6,-3,-3,-3,1,-2,-1,-6
1533864557240365,-2,-1,-2,-1,-2,-1,-2,-2
1533864557241362,-1,0,1,-2,-2,0,3,12
1533864557241362,-3,-2,0,-1,-3,-1,-4,-17
1533864557262324,-2,-1,-2,-1,0,-2,-2,0
1533864557262324,-1,0,-1,-2,-1,-2,0,1
1533864557264301,-1,-1,-4,-1,-2,-2,2,-3
1533864557264301,-1,-1,-2,0,-1,-1,1,-3
1533864557276269,-1,-1,0,-2,-1,1,-1,2
1533864557276269,-2,-2,-2,0,0,-2,-1,-3
1533864557285246,-2,-2,1,-1,-1,-1,-2,0
1533864557285246,-1,0,-1,0,-1,-2,0,2
1533864557300208,3,-1,1,-1,-3,0,-2,1
1533864557300208,2,-1,-2,-1,-1,1,1,2
1533864557301202,-3,0,-1,-1,-2,0,-2,-4
1533864557301202,4,-1,-2,-1,-1,-1,-2,11
1533864557322276,-9,-1,-4,-4,-2,-1,1,-2
1533864557322276,-7,-2,1,-2,-2,0,-5,-22
1533864557324173,1,-3,-3,0,1,-2,-2,3
1533864557324173,-5,-1,-2,1,-2,-3,-4,-13
1533864557345085,2,0,-1,1,-1,-3,0,-3
1533864557345085,-3,-1,0,-1,0,-3,3,22
1533864557346082,-2,-2,0,0,-2,-3,-1,-20
1533864557346082,0,-2,0,-1,1,2,0,2
1533864557360048,1,0,0,-1,-2,-2,-3,0
1533864557360048,-1,-1,-2,-2,-3,-1,-1,-4
1533864557361042,2,0,0,-1,-1,-2,-1,3
1533864557361042,-2,-1,-2,-2,-1,-1,0,3
1533864557381990,-2,0,0,-3,-1,0,-1,-8
1533864557381990,-3,-2,1,-1,0,0,-1,-8
1533864557383981,0,0,0,0,-1,0,-2,4
1533864557383981,0,-1,-1,-3,-2,1,1,0
1533864557411906,-4,-1,-3,2,-2,0,-2,-2
1533864557411906,0,-1,-2,-1,0,-1,0,-2
1533864557413901,1,-2,-3,-3,0,0,3,18
1533864557413901,-1,-1,-3,-1,2,-1,-4,-5
1533864557419889,6,0,-1,-3,-1,-2,-2,-7
1533864557419889,-1,-1,1,1,-1,0,-2,-4
1533864557421880,-4,-1,-1,1,-3,-2,-1,3
1533864557421880,1,-2,0,-3,0,-2,0,4
1533864557442824,-3,-1,-2,-1,0,-3,-2,-2
1533864557442824,1,-1,0,-1,-2,-2,-1,-3
1533864557443837,1,0,-1,-1,0,1,-1,2
1533864557443837,1,-2,-2,-2,-3,1,0,1
1533864557464768,-4,0,-3,-1,-1,-1,-3,0
1533864557464768,1,-2,-2,0,-1,-2,0,2
1533864557466760,-4,-2,-1,-1,-1,0,0,-12
1533864557466760,2,-2,-3,0,-2,0,-1,0
1533864557478740,-7,-1,-1,-2,-1,0,-2,0
1533864557478740,2,0,-2,-1,-1,-2,-1,1
1533864557486712,-2,-3,0,-1,1,-2,-2,-3
1533864557486712,-4,-1,0,-1,0,-2,0,-2
1533864557502785,1,-2,-3,-1,-2,0,1,0
1533864557502785,-1,-1,-1,-3,-2,-1,0,-1
1533864557503661,-3,-1,-2,-2,-1,-2,-4,-5
1533864557503661,-1,0,1,-2,-2,-4,-1,-2
1533864557524826,2,0,1,-1,0,-2,5,14
1533864557524826,-9,-2,0,-1,-2,1,-6,-20
1533864557526614,1,-1,-2,-2,-2,0,0,4
1533864557526614,-2,-3,-4,1,0,0,-2,-3
1533864557539568,1,0,-2,0,-3,-1,-1,-1
1533864557539568,-1,0,-2,-1,-1,-1,1,2
1533864557546545,-2,0,0,-1,-1,-2,-1,1
1533864557546545,0,-1,-1,-3,-1,-1,-1,2
1533864557562504,-4,-3,0,-2,-1,-2,-2,-14
1533864557562504,4,-1,-1,-1,-3,-1,1,8
1533864557564498,-1,0,-2,0,-2,-1,-5,-8
1533864557564498,3,0,-2,0,-4,-1,-2,5
1533864557585466,-10,-3,-1,-2,-1,-2,-2,-10
1533864557585466,0,1,-1,-1,-1,-2,-1,3
1533864557586440,-4,-3,-1,-1,0,1,2,-2
1533864557586440,0,-1,-1,-1,0,-3,-2,-1
1533864557599611,-6,-3,1,1,1,-1,1,8
1533864557599611,0,2,-2,0,-3,-1,-4,-12
1533864557606386,-1,-1,-3,-2,-3,-3,-1,1
1533864557606386,-3,-3,0,-1,-1,-3,-2,-2
1533864557622344,3,-3,-2,0,-1,-1,-2,4
1533864557622344,-1,-1,-1,-1,0,-1,0,2
1533864557624355,1,0,-3,-1,-1,1,-2,2
1533864557624355,-4,1,-3,-2,-3,2,0,-4
1533864557645282,1,-1,0,-1,0,-1,-1,-7
1533864557645282,1,-3,0,-1,1,-2,-1,1
1533864557646280,1,0,0,-1,-2,-1,-3,0
1533864557646280,-4,-2,-1,-1,1,1,0,1
1533864557659248,2,0,0,-1,1,0,-1,3
1533864557659248,-5,-2,-2,-1,-3,0,-1,-3
1533864557666236,0,-2,-2,-3,-1,-2,-1,0
1533864557666236,-1,0,-3,0,-2,-2,-1,-2
1533864557682246,-1,1,-1,-1,-5,-2,-1,-2
1533864557682246,1,-4,0,0,-1,-1,0,3
1533864557684178,-2,0,-1,0,-1,-3,-1,-1
1533864557684178,-2,-1,-1,-2,-1,-1,-1,0
1533864557705123,3,0,-1,-2,0,0,-3,-2
1533864557705123,-2,-2,-2,0,-3,1,-1,3
1533864557706122,-3,0,-1,-2,-3,-1,-2,-3
1533864557706122,-2,0,-1,-2,0,-1,-2,-2
1533864557719088,0,-2,-2,-4,1,-1,-1,1
1533864557719088,0,-1,0,-2,0,-2,0,-2
1533864557726066,1,-2,0,-2,-1,0,-3,-3
1533864557726066,-1,0,0,-3,-1,-1,-1,-3
1533864557750112,-1,-1,-3,-1,-2,-2,-1,-5
1533864557750112,4,0,-3,0,0,-1,0,4
1533864557751998,-4,-1,-2,-2,-1,-2,-1,1
1533864557751998,-4,-2,0,0,0,-1,0,-11
1533864557764966,5,0,-2,-2,-4,-2,-1,5
1533864557764966,3,-4,-1,-3,-1,0,1,1
1533864557766957,3,-1,0,-2,-2,0,-2,1
1533864557766957,-1,-1,-2,-1,-2,-2,-2,1
1533864557779921,-2,-1,-2,0,0,0,-1,0
1533864557779921,-1,0,-1,-1,0,0,-1,3
1533864557786046,-9,0,1,1,-1,-1,2,-3
1533864557786046,0,-2,-1,-2,-2,0,-2,-3
1533864557802862,-2,-2,-2,-1,-1,-1,-2,-4
1533864557802862,-3,-1,-2,0,-1,-2,-2,1
1533864557803857,-1,-1,-1,-2,0,-1,-2,-2
1533864557803857,0,0,-3,-2,-2,-2,-1,0
1533864557824811,0,-1,0,-1,-1,-2,-1,6
1533864557824811,-4,0,1,-1,0,0,-2,-7
1533864557826811,3,-1,-3,-1,-1,-1,-1,-3
1533864557826811,-1,-3,-2,-2,-1,0,-2,-3
1533864557838773,-1,-1,-2,-2,1,1,0,1
1533864557838773,-2,1,0,-1,-1,-2,0,1
1533864557847754,0,0,-2,-1,-1,-1,-2,1
1533864557847754,-1,-2,-1,-2,-2,0,-1,2
1533864557862701,1,-2,-2,1,-2,2,0,-1
1533864557862701,-9,-3,-2,-3,0,0,-3,-6
1533864557863698,0,-1,-1,-1,-1,1,1,-2
1533864557863698,-4,-2,0,-1,-1,-4,0,1
1533864557884659,2,-1,0,-3,1,-2,-2,-4
1533864557884659,-2,-2,-1,-1,0,-1,-1,-2
1533864557886637,0,-1,-2,-3,-1,-1,0,3
1533864557886637,-2,0,-2,-1,1,3,-4,-3
1533864557898604,-5,1,-2,0,-1,-1,0,0
1533864557898604,-1,-3,-2,-2,-2,-1,-2,0
1533864557907580,0,-1,-1,-1,-1,-1,-2,-5
1533864557907580,3,1,-1,0,-2,-2,1,3
1533864557922541,-1,1,-2,1,-2,-2,-1,-5
1533864557922541,1,-3,-2,-1,0,-2,-1,-2
1533864557924537,1,-1,-3,0,0,0,-2,-1
1533864557924537,1,-2,-1,-1,-1,0,-1,0
1533864557945480,0,-2,-2,-1,-1,0,-2,0
1533864557945480,0,1,-1,0,0,-1,-1,-4
1533864557946494,-1,-3,0,-1,-2,-2,-1,1
1533864557946494,-1,-2,0,-1,-1,-4,-1,1
1533864557958563,-5,-2,-2,-3,-1,-2,-4,-9
1533864557958563,1,-2,-3,-1,-1,-1,0,3
1533864557967439,0,1,-1,1,-1,-1,-1,2
1533864557967439,-6,-3,-1,-2,-1,1,0,-7
1533864557982390,0,-2,0,-1,-3,-2,-1,1
1533864557982390,-5,-2,-1,0,-1,0,-1,-6
1533864557984375,1,0,1,-2,-3,-2,-1,-1
1533864557984375,-2,0,0,0,-1,0,-2,2
1533864558005320,-1,-1,-3,-1,-1,-1,-1,2
1533864558005320,1,-1,1,-1,-1,1,-1,0
1533864558006316,0,-2,-2,-1,0,-2,0,0
1533864558006316,2,0,-2,-1,-1,-3,-1,-1
1533864558027261,-2,-2,0,1,0,0,1,-1
1533864558027261,1,-1,-3,0,-3,-2,-1,2
1533864558029255,-5,-1,-1,0,0,1,-2,-15
1533864558029255,5,-1,-4,-1,0,0,0,7
1533864558042224,1,1,-1,-1,0,-2,1,1
1533864558042224,-3,-1,-2,-1,-5,-1,-3,-3
1533864558044215,-2,-1,-3,-2,-1,-4,-3,-1
1533864558044215,-2,-1,-1,0,0,-1,0,-3
1533864558065165,0,-2,-1,-1,-2,-1,0,0
1533864558065165,1,0,1,-1,0,-2,0,0
1533864558066160,-2,-3,1,-3,-2,-2,-2,1
1533864558066160,0,1,1,-1,-1,-3,1,-1
1533864558078124,5,-1,1,-2,-2,-2,-7,-6
1533864558078124,-8,-1,-3,-1,1,-2,0,-8
1533864558088100,1,-1,-1,-1,-1,0,0,5
1533864558088100,-2,-1,1,-3,-1,-2,0,1
1533864558102060,-2,-2,0,-2,-1,-1,1,-2
1533864558102060,0,-1,-1,-1,-2,-2,-2,3
1533864558104054,-1,-1,-1,-2,0,0,0,-3
1533864558104054,-1,-1,-3,-2,-2,0,-2,2
1533864558125148,-4,-1,-4,0,-2,-1,-1,-1
1533864558125148,0,-2,-2,0,-1,1,0,-1
1533864558126996,-2,-2,-2,1,-1,0,0,0
1533864558126996,-4,-2,0,0,-1,-1,-1,-7
1533864558138962,0,-3,0,1,-1,-1,-1,5
1533864558138962,-3,0,-1,0,1,-1,-1,-2
1533864558147937,3,-1,-2,-1,-2,-2,-1,6
1533864558147937,-7,-4,-2,2,-2,-2,-3,-10
1533864558161902,-3,-1,-3,-2,-1,-1,-2,-3
1533864558161902,2,-1,0,-2,0,-1,0,4
1533864558163906,-1,-1,0,-1,2,-3,-2,1
1533864558163906,-1,-2,0,-2,-2,0,-1,2
1533864558184839,-2,0,-2,-1,0,-1,0,-3
1533864558184839,1,-3,-2,-4,-2,-2,-2,2
1533864558190824,-3,0,-1,-2,-3,2,-1,-2
1533864558190824,-3,0,-2,-1,-1,1,-1,-2
1533864558198803,-1,-2,-2,-2,0,-2,1,-1
1533864558198803,1,0,0,0,1,-2,0,-3
1533864558207777,-1,-1,1,1,-3,-3,-1,-3
1533864558207777,3,0,1,-1,0,-2,-1,2
1533864558222745,0,0,0,-1,-2,-2,-1,3
1533864558222745,-7,-2,-3,-2,-2,-2,-2,-9
1533864558223740,-1,-3,-3,-1,-1,-2,0,-4
1533864558223740,2,-1,-3,-1,0,0,1,1
1533864558244894,-5,0,1,1,2,0,0,-1
1533864558244894,2,0,-2,0,1,-2,-1,4
1533864558246690,-4,1,0,-2,-1,-2,3,11
1533864558246690,-2,-1,-3,-3,-3,-1,-5,-19
1533864558258650,0,-2,1,-1,-3,0,-1,-3
1533864558258650,0,-4,-1,-1,-2,-1,-3,-1
1533864558267621,-2,-2,-2,-1,0,-1,0,2
1533864558267621,1,-2,-1,-2,1,-2,1,6
1533864558289570,-1,-1,-4,-2,-1,-2,-1,-2
1533864558289570,0,-1,1,-1,-1,0,1,2
1533864558291554,-3,-2,1,-1,-1,0,-1,-5
1533864558291554,-1,-2,-2,-1,-3,-3,0,0
1533864558305516,-4,0,0,-1,-1,-3,0,-3
1533864558305516,0,-1,-2,-2,-1,0,0,-1
1533864558306513,0,1,-3,0,0,0,-2,-3
1533864558306513,-1,-1,-1,-3,-1,-1,-1,-8
1533864558327461,2,-2,-1,0,-2,-2,-1,11
1533864558327461,-2,-1,-2,-1,-1,-2,-3,-4
1533864558329453,-1,-2,0,-1,-1,-2,-1,-3
1533864558329453,-1,-1,-1,-1,-2,-4,1,4
1533864558342421,-3,-2,0,-2,-1,0,-1,-4
1533864558342421,-2,-1,-1,0,0,0,-1,-2
1533864558344412,0,-1,0,0,-2,-1,-5,-2
1533864558344412,1,0,1,-1,-1,0,0,3
1533864558365355,-2,0,-3,0,-1,-2,-1,-2
1533864558365355,1,0,-2,1,-3,-1,1,1
1533864558366374,-3,0,-2,-1,0,0,-1,-6
1533864558366374,-1,0,-3,0,-2,-3,0,9
1533864558387349,-3,-1,-1,-2,-2,-1,-2,-15
1533864558387349,0,-2,-2,-1,-2,0,0,0
1533864558395302,-1,-1,0,-1,-2,-2,-1,0
1533864558395302,2,-1,0,-1,1,-2,0,0
1533864558402492,-2,-2,-1,0,-2,-1,0,4
1533864558402492,-3,-1,-2,-3,-2,0,-1,-1
1533864558404453,0,-2,-2,-2,1,-2,-2,-1
1533864558404453,5,-1,-2,-1,-1,-1,-2,4
1533864558425399,0,-1,-3,-2,0,1,0,0
1533864558425399,-1,0,1,-1,0,-2,-1,-2
1533864558426393,-2,-1,-2,-1,-2,-2,-3,-1
1533864558426393,-7,-1,-1,-1,-2,-3,-2,-9
1533864558447371,2,-2,-2,-1,0,-1,-1,-1
1533864558447371,-2,-3,-3,1,-2,0,-1,-1
1533864558449366,-1,-2,-1,-2,-1,0,0,-1
1533864558449366,-3,-1,0,0,-1,1,-1,-2
1533864558461337,0,1,-1,-1,-2,-2,-3,-1
1533864558461337,-1,1,-1,0,-1,-1,-2,-3
1533864558468318,-1,-1,-2,-1,-1,0,-2,6
1533864558468318,-4,-2,-1,-1,-3,1,-3,-12
1533864558485273,0,0,-2,-1,-3,-2,-2,1
1533864558485273,1,1,0,-1,-3,-3,-2,0
1533864558486267,-2,-2,-2,-3,-1,-2,0,-2
1533864558486267,0,-2,-1,-2,0,-1,-2,3
1533864558507326,0,0,0,0,0,0,-1,-2
1533864558507326,-3,-1,0,-2,-2,-2,-1,-1
1533864558509208,-1,-1,0,1,-1,-2,-1,-2
1533864558509208,-5,-1,-3,-1,1,-2,0,-3
1533864558522171,0,0,-1,-1,-1,-2,-2,3
1533864558522171,0,-2,-1,-2,-1,-4,1,-1
1533864558529160,-1,0,0,-1,1,0,1,-2
1533864558529160,3,1,0,-1,-1,1,0,1
1533864558545113,1,-2,-2,0,-2,0,-2,-2
1533864558545113,0,-1,0,-2,-1,1,0,-2
1533864558546107,-1,-1,-2,-1,-3,0,-1,4
1533864558546107,-2,-1,-2,-1,-3,-2,-1,-5
1533864558567054,-3,-1,-2,-1,-1,-2,0,0
1533864558567054,-1,0,0,1,-2,-2,0,4
1533864558569046,-4,-2,-1,0,1,-1,-2,-11
1533864558569046,-2,-2,-1,-2,-1,0,0,-1
1533864558582014,-1,-2,0,-2,0,-2,-1,-2
1533864558582014,-3,-2,-3,-1,0,-1,-3,0
1533864558587995,-1,-3,-1,1,-2,-3,-1,-2
1533864558587995,-1,-3,-2,0,-3,-3,0,3
1533864558604950,-3,-4,-1,-3,1,0,1,-7
1533864558604950,-2,-1,-1,0,0,-1,-2,-3
1533864558606945,2,-1,-2,-2,-3,0,-2,6
1533864558606945,0,-3,-2,-2,0,0,-2,-1
1533864558627902,-1,0,0,0,-2,-1,1,6
1533864558627902,-1,0,-2,1,0,-2,-1,-6
1533864558628903,-1,-1,0,0,0,-1,-2,-3
1533864558628903,0,1,-1,2,-1,-1,-2,0
1533864558641854,-1,-2,-1,-3,-3,1,-1,3
1533864558641854,-3,-1,-2,0,-1,-1,0,-1
1533864558648836,-2,-1,-1,-2,-2,-2,-1,-2
1533864558648836,1,1,-1,1,0,1,-1,0
1533864558664793,-2,1,0,1,0,0,-1,-4
1533864558664793,-1,-2,0,-1,2,0,-1,-2
1533864558666802,0,-1,-3,-3,-1,-1,0,-3
1533864558666802,0,0,-3,-2,0,0,-1,3
1533864558687749,-4,-3,-1,-1,0,-2,-2,-1
1533864558687749,-5,-2,-3,-1,-2,-1,-1,-6
1533864558688727,0,-2,-2,-2,0,-1,-2,-4
1533864558688727,-2,0,0,-1,-2,0,-2,-1
1533864558701694,-2,0,-2,0,0,-1,-1,-3
1533864558701694,-1,-3,-1,-2,-3,-3,1,2
1533864558708685,-2,-2,-3,0,0,-1,0,-1
1533864558708685,-2,-1,-3,-1,-2,0,0,-2
1533864558724633,1,1,-2,0,-2,1,0,-1
1533864558724633,1,1,0,0,-2,0,-2,1
1533864558726628,0,-1,-1,-2,-2,-2,-1,-2
1533864558726628,-1,-2,1,1,-1,0,0,1
1533864558747575,-4,-3,-3,0,0,-3,-1,-4
1533864558747575,0,0,-2,-1,-1,-2,-2,4
1533864558748571,-3,-1,-1,-1,-3,-1,-1,-1
1533864558748571,2,0,-2,-1,0,-3,0,3
1533864558761535,0,0,1,-1,-2,-1,-2,-2
1533864558761535,-1,0,-1,0,-2,3,-2,-8
1533864558768512,0,0,-1,-2,-3,0,-2,1
1533864558768512,-2,-2,-1,-3,-1,-3,0,0
1533864558785470,-1,-1,0,-2,-3,-2,-2,-2
1533864558785470,0,-4,-2,0,-2,-2,-1,2
1533864558786464,0,1,-1,1,0,-1,-1,-1
1533864558786464,-2,-2,0,-1,0,-2,-2,-3
1533864558807411,-1,-2,-3,-1,-3,0,0,1
1533864558807411,-1,1,0,-1,-1,-1,1,7
1533864558809405,-3,-2,-1,-3,-1,-2,-1,-12
1533864558809405,-1,-1,1,0,-2,-1,-1,-2
1533864558821371,-1,-1,0,0,2,1,-1,-2
1533864558821371,-1,2,0,-2,-2,-1,-2,-1
1533864558830347,0,0,-1,-1,-1,-2,0,1
1533864558830347,-2,0,-2,-1,-2,1,-2,0
1533864558845313,-2,-2,0,-1,-1,-3,-2,0
1533864558845313,0,-3,-1,-1,-1,-1,0,-3
1533864558846304,-1,-2,-1,0,0,-2,0,1
1533864558846304,-1,-2,-2,-2,-1,-2,0,-4
1533864558867264,-1,-2,-3,-1,-3,-2,-2,0
1533864558867264,-2,-2,-2,0,1,-1,-2,0
1533864558869242,-1,-1,-1,-1,-1,-1,0,1
1533864558869242,-1,0,-1,-1,-1,1,0,0
1533864558881405,-1,0,-1,1,1,2,-1,-3
1533864558881405,-1,-3,-1,1,-1,-2,-1,-2
1533864558890187,-1,0,0,-1,-3,0,-1,-1
1533864558890187,-1,-2,-1,-2,0,0,0,-1
1533864558905148,-1,-1,-2,-1,2,-3,0,0
1533864558905148,-1,-1,-2,-1,-1,-2,-2,-2
1533864558906145,1,-1,-2,-1,-1,-1,-2,1
1533864558906145,-2,-1,-2,-1,-3,-5,-3,-3
1533864558927130,0,0,-1,-1,-2,-2,-1,-1
1533864558927130,-2,0,0,0,-2,-2,0,-1
1533864558929084,-3,-2,0,-2,-1,1,-2,0
1533864558929084,-2,-1,-2,-2,0,0,-2,0
1533864558941089,-1,-2,-1,-2,-3,-2,-1,-2
1533864558941089,0,0,-1,-3,-1,-2,-1,-1
1533864558950027,-1,-1,0,-1,0,-1,0,-1
1533864558950027,-1,0,0,-1,-2,1,0,-2
1533864558964990,1,-2,1,-1,0,0,-3,-2
1533864558964990,-1,-2,-1,0,-2,-1,-2,-2
1533864558966988,-2,-2,-1,-1,0,-2,-1,0
1533864558966988,-3,-1,-2,-1,-1,-4,0,2
1533864558987926,-1,0,-4,-3,-1,-3,-2,-1
1533864558987926,0,-2,-1,0,0,-1,-1,-1
1533864558988929,2,-3,0,-1,-1,-1,-2,1
1533864558988929,-5,-2,-1,-1,-1,0,-2,-7
1533864559000894,-1,-2,-1,-1,-2,-1,-1,-2
1533864559000894,-1,-2,-1,-2,-2,-3,-2,-1
1533864559009873,-1,-1,-1,-2,-2,-1,0,1
1533864559009873,-1,-2,0,0,-1,-1,-2,-1
1533864559025013,-4,-1,-1,-2,-2,1,-1,-4
1533864559025013,-1,-2,-1,-1,-1,-1,0,4
1533864559026822,-4,-3,-3,-1,1,2,0,-5
1533864559026822,0,-1,0,-1,1,0,0,0
1533864559047783,-1,-1,-3,-1,-2,-2,0,-1
1533864559047783,-2,-1,-1,-1,0,0,0,-2
1533864559048763,-1,1,-1,-1,0,-2,-2,-1
1533864559048763,1,-1,0,-2,0,0,0,-1
1533864559060734,0,-2,0,0,0,-2,-2,1
1533864559060734,-2,0,-2,-2,-1,1,-1,-1
1533864559069707,1,-1,-2,-1,-3,-1,-1,-2
1533864559069707,-2,-2,-1,-1,0,-2,-1,-3
1533864559084670,-2,-3,0,-1,0,-1,-2,0
1533864559084670,-1,-2,-2,-1,-1,1,0,0
1533864559086662,-2,0,-1,1,0,-2,0,-1
1533864559086662,0,2,-2,-2,-1,-1,-1,1
1533864559107608,-1,-2,-1,-1,-3,-3,-1,0
1533864559107608,-2,-1,1,-2,-2,-1,-1,-2
1533864559108609,0,-2,2,-2,-3,-1,0,-1
1533864559108609,0,-1,-1,-1,-4,-3,-1,2
1533864559121568,-1,-1,-1,-2,-1,0,2,-1
1533864559121568,-2,1,-2,-3,-2,-3,-1,-2
1533864559137541,-1,-1,-2,-1,-1,-3,0,1
1533864559137541,0,-6,-38,-4,-2,-3,-2,-2
1533864559144507,-1,-1,3,-1,0,-1,0,-1
1533864559144507,0,-2,1,-1,1,-1,-1,0
1533864559146507,-1,-1,7,-1,0,0,-2,-3
1533864559146507,-1,0,1,-1,0,0,-2,0
1533864559167449,-2,0,-2,-2,0,-2,-2,-1
1533864559167449,-2,-2,-2,-2,-2,-2,-1,-1
1533864559169444,-2,-1,-11,0,-2,-2,-1,0
1533864559169444,0,0,8,0,-2,0,-1,-1
1533864559181408,0,0,-1,-2,-4,0,-2,-2
1533864559181408,1,2,5,-1,-1,-1,-3,-1
1533864559190385,0,-1,-2,-2,-1,0,-2,0
1533864559190385,-2,-1,5,0,-2,-1,-3,-1
1533864559205344,-3,-1,2,-1,-1,0,1,-2
1533864559205344,0,0,-4,-2,-1,-2,-1,-1
1533864559206363,-2,0,0,-1,1,1,1,-2
1533864559206363,-1,0,4,-1,0,-1,0,0
1533864559227289,1,-1,-7,-1,-1,-1,0,0
1533864559227289,-2,-1,-2,-1,-1,-2,1,-1
1533864559229280,-1,-1,0,-1,-1,-2,-1,-1
1533864559229280,-3,0,5,0,0,-2,-2,-2
1533864559250227,1,-1,-2,0,-1,-2,-2,1
1533864559250227,0,-2,0,0,0,-2,-2,-2
1533864559251221,-1,-1,1,-1,0,-1,-1,0
1533864559251221,0,-1,0,0,-1,0,0,-1
1533864559265187,-1,-1,1,-2,-1,0,-2,-2
1533864559265187,0,-1,-1,0,-1,0,0,-3
1533864559266181,-2,-1,-4,-1,-1,0,-1,1
1533864559266181,-1,1,0,-2,-1,-1,0,-2
1533864559287126,-1,0,-3,-2,0,0,-2,0
1533864559287126,-2,-2,0,0,-1,0,-1,-2
1533864559289121,0,-1,-3,-1,-2,-1,-1,-2
1533864559289121,-1,-3,1,-1,-1,-1,0,-1
1533864559310078,-1,-3,-2,-1,0,-1,1,0
1533864559310078,-1,-2,-3,-3,0,-1,1,-1
1533864559312059,0,-3,-1,-2,-2,-3,-2,-1
1533864559312059,0,1,-1,0,-2,-1,-2,-2
1533864559323030,-1,-1,-2,-2,-1,0,-2,-4
1533864559323030,-1,-1,0,0,-4,-2,-1,0
1533864559333004,-1,-1,0,-1,-1,0,-2,1
1533864559333004,1,-2,1,-1,-2,-1,-1,0
1533864559346984,0,-2,-3,0,1,-2,1,2
1533864559346984,0,0,-3,-1,-2,-1,0,0
1533864559348966,-1,0,0,-1,-2,0,-1,-3
1533864559348966,0,-2,1,1,-2,1,0,-1
1533864559369907,-1,0,-1,-1,-1,0,0,0
1533864559369907,0,0,-1,-2,-1,0,0,-1
1533864559371899,-4,-3,-4,0,-2,-1,0,0
1533864559371899,-2,1,-1,-1,1,-2,-1,1
1533864559383870,-3,-1,1,-2,-1,1,-1,-2
1533864559383870,1,0,-2,0,-1,-2,-1,0
1533864559392844,-1,0,-1,-1,-1,-3,-1,-2
1533864559392844,0,-2,-3,-1,0,-1,0,-3
1533864559406808,-2,-2,-2,1,-2,-3,0,-2
1533864559406808,-3,-2,-1,-2,1,-1,-2,1
1533864559414784,-1,-2,-1,0,-1,-2,-1,0
1533864559414784,-3,-2,1,-3,-2,0,-3,-2
1533864559429907,-1,0,0,-2,0,-1,-1,-1
1533864559429907,-2,-1,-3,-1,1,-1,-1,-3
1533864559431742,-1,-3,-1,-1,-1,0,-2,0
1533864559431742,0,-1,-1,-3,0,-2,0,0
1533864559443707,1,-1,-1,1,-1,0,-3,0
1533864559443707,-3,-2,-1,-2,-3,2,-3,-3
1533864559452683,-1,-1,-1,-2,-2,-2,-1,0
1533864559452683,0,-1,-3,-1,-2,0,0,-1
1533864559467646,-2,-1,-1,-3,-2,-1,-2,-2
1533864559467646,0,-1,-1,-2,-1,-1,-1,-3
1533864559468640,-2,0,0,0,-2,0,0,-2
1533864559468640,-2,-2,0,0,-1,-1,-3,-1
1533864559490581,0,-2,-1,0,-2,-3,0,0
1533864559490581,-1,-3,-2,-2,-2,-2,-1,1
1533864559491580,1,0,-2,-3,-3,-2,-1,-2
1533864559491580,-3,0,-2,1,3,0,0,-1
1533864559503546,-4,-2,-3,0,-6,-2,-1,-3
1533864559503546,-1,-1,0,0,3,-2,-1,-1
1533864559512532,-2,-2,-1,-2,-3,0,-2,0
1533864559512532,0,0,0,-3,-1,-2,-1,-2
1533864559527482,-1,1,-1,0,0,-2,-3,-1
1533864559527482,0,0,-3,-2,-6,-2,0,0
1533864559529477,0,0,0,-2,4,-2,0,1
1533864559529477,-2,-2,0,-2,1,0,-1,-1
1533864559550426,0,-2,-2,0,2,-2,0,-1
1533864559550426,-1,0,0,2,-1,0,0,-1
1533864559551419,-2,-1,-2,-3,-4,1,-2,-1
1533864559551419,-2,-3,-1,0,-6,-1,-1,-2
1533864559563386,-2,-1,-1,1,-1,0,-1,0
1533864559563386,-1,-2,-1,-1,3,-2,-2,0
1533864559572363,-1,-1,-1,1,0,1,-1,-2
1533864559572363,-1,-3,-1,-8,-2,-7,-2,0
1533864559587323,-3,-2,-3,-3,-15,-5,-1,0
1533864559587323,2,0,-1,0,9,8,0,-1
1533864559589322,-1,0,0,1,-5,-1,-3,-2
1533864559589322,0,-1,-2,4,-5,0,1,-2
1533864559610261,-2,-2,0,-3,0,0,0,-1
1533864559610261,-1,-2,-2,-2,-3,-5,-1,-2
1533864559611259,1,-1,1,0,1,-1,1,1
1533864559611259,1,-1,1,-1,1,-1,-1,0
1533864559623261,-1,1,0,-1,3,-2,-1,-1
1533864559623261,-4,-1,0,0,-2,-3,0,-2
1533864559632248,-2,-1,-1,-7,0,1,-1,-3
1533864559632248,-2,-1,-2,-1,-3,-1,-1,0
1533864559647162,0,-1,-2,-2,1,1,0,0
1533864559647162,-2,-1,0,-3,-3,-1,-3,-1
1533864559649157,-2,-2,-4,-2,-1,-4,-1,-2
1533864559649157,-1,-1,-2,-1,-4,-1,1,-1
1533864559670135,-2,0,-1,-3,-3,-2,-1,-4
1533864559670135,0,3,1,-2,3,-6,-7,1
1533864559671100,0,0,-1,8,12,12,5,-1
1533864559671100,1,2,1,0,7,9,5,3
1533864559692044,-1,0,-2,0,-13,2,2,-2
1533864559692044,-1,-2,-4,-6,3,-13,-12,-15
1533864559694039,0,-4,-3,-4,13,5,1,3
1533864559694039,-2,-1,2,7,3,3,1,-6
1533864559707003,-5,-5,-1,2,-6,2,3,10
1533864559707003,0,-2,-3,-15,-15,-4,-5,-2
1533864559708999,0,1,0,0,-12,-9,-4,-3
1533864559708999,-1,-1,-4,-2,0,1,3,11
1533864559729962,0,0,1,-1,7,-1,1,1
1533864559729962,-4,-2,-2,5,-4,-3,-3,-3
1533864559731954,0,-3,-2,-5,1,-9,-6,2
1533864559731954,1,0,0,-2,8,4,3,-11
1533864559743914,-2,1,-1,1,1,-4,-8,-5
1533864559743914,2,0,1,4,0,2,-8,-8
1533864559752885,-7,-5,-4,-6,-26,-6,5,21
1533864559752885,0,-1,-4,1,-5,-11,-12,-15
1533864559767843,-1,-2,-4,-8,-7,3,-9,-7
1533864559767843,5,0,-1,3,25,12,17,24
1533864559768837,1,3,2,13,8,6,4,-1
1533864559768837,-6,-3,0,-7,-28,-16,-3,13
1533864559789784,1,-1,0,-2,9,8,6,-5
1533864559789784,-3,-1,0,9,-15,7,1,-6
1533864559791785,-4,-2,-2,-12,-2,0,-1,-7
1533864559791785,-3,-4,-4,2,-3,-8,-2,-2
1533864559803744,2,1,3,5,37,-1,-4,-3
1533864559803744,-4,-2,-4,-9,-28,-11,-1,0
1533864559812720,2,0,-2,-2,-1,1,-9,-2
1533864559812720,2,1,2,-4,-5,1,-5,-12
1533864559827682,2,-1,0,2,20,7,3,11
1533864559827682,-3,0,-1,-4,-20,-3,2,1
1533864559828677,-4,-2,-4,8,21,1,-1,-16
1533864559828677,1,-1,0,-9,-14,-2,-2,0
1533864559849624,-5,-5,-5,-4,-27,-9,1,-3
1533864559849624,-4,-3,-3,4,11,-7,-4,-4
1533864559851616,0,-3,-2,-26,-13,-9,-5,-6
1533864559851616,0,0,-1,21,16,4,0,5
1533864559863587,1,0,1,1,-3,-1,0,1
1533864559863587,4,0,3,-1,0,3,-1,0
1533864559872577,2,-2,-2,2,-11,-4,0,-2
1533864559872577,0,-1,1,0,14,2,6,12
1533864559886538,-1,-7,-4,-8,-6,-6,-6,-15
1533864559886538,1,-5,-2,10,0,-1,0,2
1533864559893504,4,1,3,7,6,0,-5,6
1533864559893504,-1,0,-1,-3,-4,1,2,-2
1533864559910546,14,1,-3,-8,-4,-5,-5,0
1533864559910546,-19,-8,-4,-7,-1,1,2,-1
1533864559911456,7,0,-3,-1,-2,0,2,2
1533864559911456,2,4,2,-3,-3,0,-8,-6
1533864559923427,-26,2,-3,-4,-6,-1,0,1
1533864559923427,-10,5,0,2,9,-1,1,0
1533864559932399,0,2,4,8,5,-2,4,4
1533864559932399,0,-13,-9,-19,-14,-4,-1,7
1533864559946365,6,3,-2,7,-6,-3,-4,-10
1533864559946365,-1,-2,0,-23,3,2,-6,-11
1533864559955354,-8,2,3,18,1,2,3,2
1533864559955354,-6,0,-3,-4,7,0,-7,-9
1533864559970319,-8,-8,-1,-3,-2,0,0,7
1533864559970319,3,-1,-1,2,-4,-4,-5,-11
1533864559971296,9,2,0,-5,2,-2,4,15
1533864559971296,-3,-1,2,2,7,4,4,2
1533864559983267,-1,-2,0,3,-5,-2,2,5
1533864559983267,5,9,3,6,2,-3,-7,4
1533864559992240,-5,-6,-7,-8,-5,-2,-5,-10
1533864559992240,1,2,1,3,1,1,4,1
1533864560007200,0,1,-1,-1,-3,-1,-1,-7
1533864560007200,4,-2,1,-1,3,3,7,12
1533864560013184,-7,-6,-1,-4,-5,-3,-4,-6
1533864560013184,-2,0,-2,0,-2,-3,-7,-13
1533864560030341,5,-3,1,1,1,0,2,8
1533864560030341,0,-3,-1,0,1,1,1,-2
1533864560032133,-5,1,-2,-2,-5,-3,-4,-10
1533864560032133,2,-1,-1,1,-1,-1,2,2
1533864560044104,4,-1,2,1,0,-3,-2,0
1533864560044104,-9,-7,-6,1,8,0,-3,-5
1533864560052083,-2,2,7,-2,-8,-2,-4,-8
1533864560052083,0,3,-30,-4,2,-1,0,4
1533864560067043,5,12,11,2,-3,-2,1,-1
1533864560067043,-11,0,1,1,-3,-1,-1,-6
1533864560074021,-1,-18,-4,5,16,3,-1,0
1533864560074021,-6,-16,-3,-4,-1,-5,-4,-6
1533864560089981,9,14,6,-7,-16,0,3,4
1533864560089981,13,30,-3,-5,-8,3,5,7
1533864560091973,-13,8,-3,-2,-6,6,0,-2
1533864560091973,-8,-14,6,3,12,6,-3,-5
1533864560103941,-4,-33,-17,-4,2,-6,-2,-8
1533864560103941,-9,-7,14,-3,2,-7,-5,-4
1533864560112946,11,-18,-25,-7,4,-5,-3,-1
1533864560112946,9,12,4,4,-2,-2,0,-4
1533864560126882,0,55,9,3,-10,-1,-1,5
1533864560126882,13,-20,-10,-4,-4,0,2,4
1533864560133864,-28,-12,-2,-8,-7,-10,-8,-14
1533864560133864,9,27,19,-7,-2,-7,-5,-1
1533864560149821,6,10,6,7,9,6,9,10
1533864560149821,18,10,4,2,-4,-4,2,7
1533864560151813,-1,-3,5,3,5,11,7,2
1533864560151813,-10,28,24,9,3,9,2,-2
1533864560172760,-12,58,0,-3,5,-5,-7,-7
1533864560172760,6,28,20,18,1,3,-3,0
1533864560173754,-16,-66,-30,-18,-1,-7,1,0
1533864560173754,-36,-125,-106,-19,-21,-18,-20,-20
1533864560186719,-7,42,-33,-21,-12,-9,-11,-11
1533864560186719,18,93,18,8,7,0,7,7
1533864560193704,32,127,81,76,25,13,12,17
1533864560193704,6,-25,29,-11,0,-1,3,8
1533864560209661,-20,-54,-37,-83,-39,-17,-12,-11
1533864560209661,-9,-33,-11,-7,-19,-5,-4,-7
1533864560211653,4,29,9,-12,-8,0,2,-1
1533864560211653,8,34,24,31,13,9,8,5
1533864560232600,2,-54,7,60,24,7,2,3
1533864560232600,-5,17,10,17,20,8,1,-2
1533864560234595,-9,-41,-20,-36,-21,-8,-5,-4
1533864560234595,-3,-24,3,-18,-16,-13,-7,-4
1533864560247560,2,-25,-1,-7,-3,-1,-2,-1
1533864560247560,-4,17,29,11,1,-4,-5,-4
1533864560253541,3,-41,-30,15,7,6,0,2
1533864560253541,3,3,-35,-15,-5,-4,5,8
1533864560269502,2,13,4,-10,6,7,1,-8
1533864560269502,-9,-30,-10,4,-10,-6,-4,-2
1533864560271494,5,19,4,-13,-1,-5,-4,-1
1533864560271494,3,47,17,-7,-2,1,1,3
1533864560292876,-5,-55,7,21,1,3,1,3
1533864560292876,-6,-24,-24,-6,8,-3,-4,-4
1533864560294491,-1,-10,-2,-24,9,-4,-7,-8
1533864560294491,3,31,8,12,-15,4,6,3
1533864560306463,0,11,6,18,40,28,11,7
1533864560306463,-9,-22,6,-24,-28,-6,-5,-3
1533864560315435,-1,-3,-27,4,-19,-8,-2,-1
1533864560315435,3,-3,3,0,11,0,-2,-5
1533864560330398,3,11,14,10,0,-4,0,3
1533864560330398,-5,-15,-18,-14,1,-4,-3,-1
1533864560331393,-2,2,0,3,1,0,-1,-2
1533864560331393,4,16,6,0,2,-4,-3,-2
1533864560352336,0,-2,-4,-5,-3,-3,-2,0
1533864560352336,-2,-1,-2,3,10,0,-1,0
1533864560354332,-1,5,-1,3,-6,-1,0,-1
1533864560354332,-5,-4,-2,-3,-12,-5,-1,-3
1533864560366302,-3,1,2,-1,-6,-8,-9,-4
1533864560366302,0,-10,-8,4,4,5,3,0
1533864560375276,3,8,10,11,5,2,2,2
1533864560375276,0,-10,1,-15,9,2,-3,-1
1533864560390238,2,3,9,4,-4,-9,-7,-5
1533864560390238,1,-4,-26,-33,-1,-2,2,0
1533864560391233,-9,15,1,2,-20,-6,-1,-2
1533864560391233,0,-18,25,20,31,9,5,2
1533864560412176,-2,-3,-27,0,-15,-6,2,1
1533864560412176,0,-4,-6,5,-26,0,-5,-1
1533864560412176,-3,-15,-29,-68,-33,-10,-2,-3
1533864560412176,-1,22,-4,21,-15,-6,-6,-3
1533864560434121,-2,-2,13,-5,-10,1,-1,-3
1533864560434121,2,10,5,-17,14,4,2,0
1533864560435116,-3,-14,2,-3,7,-2,-5,-5
1533864560435116,2,3,-1,-11,4,0,0,-1
1533864560449081,-1,-4,-8,1,9,-1,-1,0
1533864560449081,-2,1,13,14,5,0,3,0
1533864560450076,0,7,4,21,11,1,-2,-1
1533864560450076,-5,-3,-5,-9,-5,-2,0,1
1533864560472016,1,1,1,-17,-1,2,2,1
1533864560472016,-9,-17,-11,4,-6,-4,-5,-2
1533864560473013,3,-9,-7,-4,1,-2,2,6
1533864560473013,-1,-12,-12,8,-1,0,-3,-7
1533864560493960,1,26,18,-6,-5,-2,2,1
1533864560493960,-4,-14,-13,4,-5,-4,-3,-3
1533864560494955,-1,-11,-1,3,5,0,-1,2
1533864560494955,-5,-2,7,-7,-10,-4,-4,-2
1533864560508920,5,-2,-10,6,5,-2,-4,-2
1533864560508920,-1,-1,-4,-2,0,2,1,0
1533864560509921,0,11,15,15,1,2,-3,-5
1533864560509921,0,8,-4,4,-1,-2,4,1
1533864560531859,-3,-4,0,-5,-1,0,-2,-2
1533864560531859,-5,5,-13,2,1,1,1,-2
1533864560532854,-2,-15,9,-13,1,1,-3,0
1533864560532854,-1,12,26,8,-4,-1,-2,1
1533864560553798,0,3,-12,10,-6,-1,-3,0
1533864560553798,-1,-10,-11,0,3,-1,-1,-2
1533864560554795,-4,-26,-9,-3,-2,-1,-3,-7
1533864560554795,3,3,-7,2,1,-4,-3,-2
1533864560569938,2,-4,6,49,24,5,1,6
1533864560569938,3,20,12,-45,-4,-1,2,1
1533864560569938,-6,3,9,16,-10,-7,-5,-4
1533864560569938,-3,-9,-9,-47,-17,-5,-2,-2
1533864560591878,-2,0,-17,-4,-5,-3,-2,-5
1533864560591878,4,-4,16,29,13,2,-1,1
1533864560592850,-2,13,-15,8,5,2,2,2
1533864560592850,-3,9,41,-2,-2,-1,1,3
1533864560614791,-18,-2,-18,-1,3,1,-5,-8
1533864560614791,-3,-30,48,2,-5,-4,-6,-5
1533864560614791,9,-8,-43,-12,-1,0,0,-2
1533864560614791,-6,-6,30,17,0,-2,-2,-1
1533864560629751,5,-3,-32,-23,-4,-4,3,4
1533864560629751,-5,-8,-4,-3,-4,-1,-2,-1
1533864560629751,0,16,6,4,-2,-1,-1,-1
1533864560629751,7,10,-20,3,9,5,2,4
1533864560651692,-1,1,22,-6,-5,-3,0,-4
1533864560651692,0,9,3,-1,-2,-3,0,-3
1533864560652686,-1,-8,-2,-2,3,-1,-2,-1
1533864560652686,2,4,-20,0,0,1,0,-2
1533864560674631,0,-8,10,-9,-7,-3,-1,-2
1533864560674631,-2,1,-16,5,1,3,1,-2
1533864560674631,0,19,20,3,3,-3,-1,0
1533864560674631,-4,-12,-9,-5,-5,-3,-4,-5
1533864560690585,-2,-19,0,-20,-8,-3,-2,-1
1533864560690585,-3,4,-10,16,-1,-1,-2,3
1533864560691583,3,11,16,-4,1,0,-1,-1
1533864560691583,-4,-13,-24,-5,-1,0,2,4
1533864560711529,0,16,18,13,-1,-3,4,11
1533864560711529,-3,-17,0,-16,-1,-2,-9,-7
1533864560712526,5,-8,-42,-6,-1,1,1,0
1533864560712526,1,16,-8,9,10,4,-2,-5
1533864560734471,-6,-6,42,17,3,3,0,11
1533864560734471,-5,13,-65,-23,-7,-4,2,-4
1533864560735468,-8,-22,25,-2,-3,-6,-5,-6
1533864560735468,8,-11,-40,-9,-5,-2,0,4
1533864560749610,2,1,-9,-5,-1,-3,-1,-2
1533864560749610,2,8,11,12,7,2,3,-2
1533864560750442,-5,9,10,0,4,3,1,-3
1533864560750442,1,1,1,1,1,-1,2,4
1533864560772380,-3,3,5,14,-9,-8,-13,-19
1533864560772380,0,2,-6,-7,-5,-3,0,6
1533864560772380,1,3,15,-1,-2,-1,0,-1
1533864560772380,-3,9,11,14,4,3,1,0
1533864560802289,2,-9,-28,-49,-6,-5,-1,-4
1533864560802289,-2,18,34,-6,-4,-1,-1,3
1533864560803283,1,-21,3,2,-5,-1,-5,-7
1533864560803283,-9,-18,-28,-17,-6,-4,-6,-6
1533864560809267,4,-2,-8,25,2,4,2,-1
1533864560809267,-1,7,-16,-6,-4,-1,-2,-6
1533864560810265,-2,14,22,5,4,2,4,4
1533864560810265,-2,-6,16,7,1,0,-3,-3
1533864560832206,-2,-3,-12,-7,8,1,-3,-2
1533864560832206,0,-6,15,9,4,-5,-2,0
1533864560832206,-3,6,-2,12,-8,-4,0,-2
1533864560832206,0,2,2,-14,-16,-9,-4,-8
1533864560854156,1,0,2,4,23,18,14,4
1533864560854156,0,-5,0,14,2,3,-3,1
1533864560855145,0,-1,-15,-27,-20,-9,-3,2
1533864560855145,-3,0,4,3,-5,-2,1,0
1533864560869111,3,24,26,19,-2,-2,-4,0
1533864560869111,1,14,0,15,6,2,5,3
1533864560870106,-11,-85,8,-68,-3,-5,-6,-8
1533864560870106,6,-2,-28,-44,-14,-8,-5,-6
1533864560892050,-2,-22,-17,-10,-10,-2,-2,-4
1533864560892050,1,4,-9,1,1,3,2,2
1533864560892050,-1,31,2,23,6,0,-3,-1
1533864560892050,-3,8,27,18,7,4,2,0
1533864560913988,-3,3,7,0,-3,-6,-5,-3
1533864560913988,-2,-11,-11,-13,-2,-6,-5,-7
1533864560914988,3,14,3,18,6,-1,-2,2
1533864560914988,-2,-2,2,4,19,8,2,-1
1533864560928954,-3,4,-14,-17,-27,-4,7,3
1533864560928954,-5,-15,-1,-5,-20,-1,0,-1
1533864560929945,-1,7,-5,11,-9,5,5,-1
1533864560929945,1,4,2,-5,1,-1,-5,1
1533864560951906,-3,-7,1,2,9,-4,-6,-3
1533864560951906,0,-9,3,-3,5,-4,-3,-5
1533864560952891,2,3,-5,-2,6,-2,-2,0
1533864560952891,-2,5,-3,4,-4,-1,-3,-2
1533864560974865,0,-15,-4,-22,-2,-2,0,-2
1533864560974865,2,5,6,13,0,-1,-1,-1
1533864560974865,1,16,-7,12,7,4,1,1
1533864560974865,-4,-19,6,-31,-3,-4,-2,-4
1533864560988788,-1,3,-18,-17,-13,-4,-5,-3
1533864560988788,-3,-20,-13,5,11,6,2,-1
1533864560989785,0,8,5,10,-2,-3,0,-1
1533864560989785,1,7,3,18,6,2,2,2
1533864561011736,-2,1,10,-13,-14,-4,-5,0
1533864561011736,0,3,2,-3,-9,-5,-1,2
1533864561012722,-2,13,-7,8,13,4,-1,2
1533864561012722,-2,-2,2,19,5,-1,-2,-2
1533864561034672,0,-15,1,-1,6,0,-2,-3
1533864561034672,0,-9,-4,-4,-3,0,0,0
1533864561035682,0,-2,-9,15,2,0,-1,-2
1533864561035682,-1,10,0,6,-8,-1,1,2
1533864561049628,-3,4,-4,-15,3,-3,-2,-3
1533864561049628,-2,-11,4,6,-3,-1,-2,-4
1533864561049628,0,1,-9,-15,1,-2,0,0
1533864561049628,-4,-2,25,14,1,0,1,1
1533864561080545,0,-11,-8,9,-1,-1,-1,-3
1533864561080545,1,-1,-11,-6,-2,-6,-5,-4
1533864561080545,1,16,-4,-4,-5,-2,-1,-2
1533864561080545,-5,6,15,3,1,3,3,3
1533864561094522,-2,-15,-36,-1,1,-1,-1,0
1533864561094522,-1,27,0,-4,1,-1,2,0
1533864561095512,-5,-44,31,4,-4,1,-2,-4
1533864561095512,5,-12,-58,-9,3,-4,-4,-4
1533864561109468,-2,5,7,-10,-22,-8,-1,-2
1533864561109468,1,-3,1,-23,0,4,-2,1
1533864561110462,-2,11,-15,2,-12,1,2,3
1533864561110462,-2,5,14,23,1,0,0,1
1533864561131406,-2,-10,18,21,8,0,-1,-5
1533864561131406,0,2,-14,-25,-7,-5,-4,-5
1533864561132404,-1,9,6,-6,-2,-2,-3,0
1533864561132404,-1,-5,4,-4,0,0,-3,-3
1533864561154355,-2,19,-3,11,10,0,-2,1
1533864561154355,-5,-28,-6,6,-3,-1,1,0
1533864561155436,-3,-16,16,-4,5,-5,-4,-3
1533864561155436,3,-6,-31,-5,0,1,-2,-3
1533864561169307,1,17,10,2,6,2,2,1
1533864561169307,-5,-16,1,-1,-16,-2,2,0
1533864561170303,0,1,-9,-4,-2,0,0,-1
1533864561170303,-1,10,0,0,-6,-3,1,-3
1533864561192247,0,-6,6,-1,6,2,-1,-2
1533864561192247,0,6,-6,0,6,0,-2,-2
1533864561192247,0,-4,-3,5,0,-3,-2,-1
1533864561192247,0,8,6,-3,-4,-1,-1,-1
1533864561214188,-1,4,8,-5,4,2,4,3
1533864561214188,-3,-1,-15,-18,4,-4,-5,-2
1533864561215184,-1,18,37,7,-2,3,2,0
1533864561215184,1,-3,-33,-1,-7,-3,-4,-2
1533864561229144,-5,-21,0,-12,12,0,-4,-4
1533864561229144,-4,-22,-5,2,-21,-5,-1,-3
1533864561230142,2,-2,-13,-3,6,2,1,0
1533864561230142,-3,13,14,-3,-5,-1,0,0
1533864561252086,-2,-18,-6,10,2,0,-5,-5
1533864561252086,0,16,26,8,13,-1,-1,-1
1533864561252086,-2,-18,-38,-14,-10,-7,-4,-4
1533864561252086,0,0,20,1,-2,-1,1,3
1533864561274033,-1,13,-1,6,-5,0,1,1
1533864561274033,-2,-6,-1,-2,4,1,-1,-2
1533864561275022,-1,2,-5,3,-5,-3,0,-2
1533864561275022,1,-3,16,-11,2,1,-3,0
1533864561289002,-2,3,-11,0,-5,-3,-1,1
1533864561289002,1,-1,2,10,2,1,0,0
1533864561289994,1,7,-1,-1,3,-2,1,1
1533864561289994,-3,-8,0,-14,-8,-5,-4,-4
1533864561311923,-1,1,-1,-2,-4,-1,-2,0
1533864561311923,-2,1,25,4,-4,-1,-3,0
1533864561312921,2,-7,-21,2,1,-1,-2,-1
1533864561312921,-2,0,3,4,3,3,1,-2
1533864561342843,3,1,8,3,-2,-1,-1,-1
1533864561342843,3,6,-14,-1,0,0,-1,1
1533864561342843,3,5,6,-4,0,0,0,3
1533864561342843,-10,-14,-5,2,0,-3,-3,-2
1533864561349840,1,-2,5,-1,-2,-3,-2,-3
1533864561349840,0,1,-4,2,1,0,0,-3
1533864561349840,-3,-2,-1,-5,-1,-1,-3,-4
1533864561349840,6,0,-4,0,-4,-1,0,1
1533864561371763,-1,3,-2,0,1,-1,2,1
1533864561371763,-2,0,2,1,1,1,-1,-1
1533864561372760,7,0,-3,-8,-5,0,1,9
1533864561372760,-3,-4,-3,0,2,0,-3,-10
1533864561394782,-4,-4,0,2,0,3,3,-1
1533864561394782,0,0,-2,-3,-3,-1,0,-4
1533864561394782,-2,0,-1,3,-1,1,-2,0
1533864561394782,-7,-4,-1,8,6,-2,-1,-2
1533864561409665,-3,-2,-1,-12,-8,-5,-4,-3
1533864561409665,1,1,-3,4,0,-3,-2,2
1533864561409665,-6,-3,2,-4,0,0,0,-5
1533864561409665,0,-4,-2,-3,1,-2,-1,-2
1533864561431806,3,2,-2,7,-2,-2,0,-1
1533864561431806,0,2,-1,-5,-4,-2,0,-1
1533864561432601,-1,0,-2,0,0,-3,-2,4
1533864561432601,0,-1,-3,0,2,-3,1,-28
1533864561454543,6,0,-2,-2,7,2,-1,38
1533864561454543,-2,-1,-3,1,-9,-7,-3,-10
1533864561455540,-17,-2,7,15,6,6,-2,-11
1533864561455540,10,-3,-1,13,-7,-2,9,27
1533864561469505,-3,1,-4,-28,15,2,-7,-56
1533864561469505,-4,-4,-5,-39,-25,1,0,18
1533864561470499,-8,-7,-3,11,-12,-2,-1,-23
1533864561470499,5,0,-1,-1,-1,2,-1,30
1533864561491481,-14,-3,2,26,-5,-3,11,6
1533864561491481,6,3,2,7,16,1,-12,-22
1533864561492441,-7,-1,-3,-14,-11,-8,-8,-45
1533864561492441,-9,-1,2,13,-7,-2,-4,3
1533864561514381,10,-4,-8,-33,-4,3,3,18
1533864561514381,-2,3,-1,10,15,4,5,-24
1533864561515379,-24,-3,-1,-5,12,-1,0,46
1533864561515379,-3,-1,1,1,5,-5,-1,9
1533864561529381,0,0,1,0,22,-1,-1,1
1533864561529381,-3,0,0,21,-34,-5,-3,-14
1533864561530340,11,0,-2,8,12,0,6,20
1533864561530340,8,0,5,-5,-4,4,-9,-9
1533864561551316,-3,0,1,-10,7,-3,-11,-32
1533864561551316,3,-5,-8,-2,3,3,8,20
1533864561552280,6,-2,-8,-24,-22,-9,2,9
1533864561552280,1,-5,-10,-13,4,-3,4,17
1533864561574225,-2,3,7,-2,-18,2,-5,-29
1533864561574225,0,3,7,8,8,2,-3,3
1533864561575218,-3,-2,6,19,15,8,-12,-5
1533864561575218,-5,-2,-3,3,-3,-3,0,-6
1533864561589194,-1,-2,-2,3,-12,-7,-7,-7
1533864561589194,-2,-2,-4,3,19,-3,8,31
1533864561590179,2,5,1,-17,-26,-2,-1,-10
1533864561590179,-10,2,0,-4,13,3,-2,-27
1533864561612123,0,-3,-5,20,-6,1,10,44
1533864561612123,0,11,4,2,-2,-2,-9,-15
1533864561612123,-16,-3,-5,-10,4,-2,3,2
1533864561612123,6,-7,42,-8,4,-3,-4,3
1533864561634062,1,-20,-50,3,-8,-4,-5,-18
1533864561634062,13,-3,-3,-8,-5,0,7,26
1533864561635059,-18,-10,-13,0,13,4,-8,-63
1533864561635059,-1,-6,-3,-7,-16,-6,0,38
1533864561649025,-8,2,12,-6,-14,-5,-7,-21
1533864561649025,0,7,5,-1,2,-4,1,-11
1533864561650019,14,7,2,7,-2,0,-3,18
1533864561650019,-14,0,-10,-4,-1,-1,-9,-25
1533864561671961,2,-1,8,3,-4,-2,1,14
1533864561671961,-2,-2,-9,-15,-8,-4,-10,-16
1533864561672959,7,14,10,2,4,-5,6,27
1533864561672959,-3,7,-8,2,1,-2,4,-12
1533864561694914,-1,-12,7,-9,-1,3,-6,-5
1533864561694914,-11,-45,-15,0,-4,-3,2,14
1533864561694914,9,-9,-2,8,-1,3,3,-1
1533864561694914,3,15,-8,-25,-2,3,-3,-11
1533864561708963,1,25,14,15,2,-4,1,8
1533864561708963,-5,-17,1,4,-1,2,-3,-1
1533864561709860,2,-5,-2,-2,2,-1,-3,-2
1533864561709860,6,6,-11,4,7,-2,-7,-10
1533864561731801,-3,10,7,2,18,1,4,13
1533864561731801,-3,17,19,-6,-7,8,3,-3
1533864561732805,3,-33,-18,-7,-10,-1,0,1
1533864561732805,-2,-11,-4,6,0,3,5,5
1533864561754739,-3,-1,-3,3,-9,-5,-1,2
1533864561754739,0,3,3,5,12,-4,-4,-3
1533864561754739,2,12,4,-5,-3,0,-3,-7
1533864561754739,-12,-31,-16,12,-5,-4,-3,5
1533864561768704,10,22,5,7,11,8,6,12
1533864561768704,-11,17,18,-20,-8,-5,-4,-14
1533864561776683,2,-31,-26,-18,-22,-6,-2,6
1533864561776683,0,-23,-28,-19,-1,1,-2,-11
1533864561800616,1,-2,9,11,3,-2,-4,1
1533864561800616,-1,29,-1,21,7,-1,2,5
1533864561800616,-1,-2,-7,-14,-2,-6,-2,0
1533864561800616,-2,-18,27,3,-4,-2,-2,-9
1533864561814642,-3,-14,-39,-4,-7,0,-1,0
1533864561814642,3,12,5,1,7,4,-1,2
1533864561815626,-3,11,16,-3,7,-5,-1,-1
1533864561815626,1,11,-13,-27,-23,-6,-1,-2
1533864561828585,-4,0,9,-6,-6,-2,-3,-2
1533864561828585,0,-1,-2,9,6,-1,-1,0
1533864561836521,3,11,11,4,-4,-1,1,0
1533864561836521,0,-1,-12,12,16,1,-1,-1
1533864561851502,1,9,12,-10,-4,0,2,0
1533864561851502,-8,-30,3,-6,-5,-7,-6,-5
1533864561852478,-4,0,-18,-3,0,-2,-7,-33
1533864561852478,3,16,7,-10,-2,1,-2,1
1533864561874422,-6,-9,-11,-20,-18,-4,2,11
1533864561874422,2,-5,12,18,8,0,-10,-13
1533864561875416,0,-3,8,0,19,7,6,-1
1533864561875416,-2,6,-7,-8,-47,-9,4,6
1533864561888395,-12,-9,-5,22,20,-5,-9,-26
1533864561888395,1,2,-4,-13,-7,1,4,10
1533864561896359,1,9,10,13,2,3,-2,6
1533864561896359,-2,1,2,10,13,5,1,-2
1533864561912324,7,-7,3,-8,-3,-2,4,8
1533864561912324,-8,-5,-11,-3,-9,-3,-4,-6
1533864561913315,5,4,2,2,11,-1,-3,4
1533864561913315,-1,3,4,2,10,1,1,-1
1533864561935259,-1,-3,6,5,-1,0,-2,-2
1533864561935259,-1,-5,-16,-17,-3,-5,-1,-1
1533864561935259,-3,10,-3,-1,-4,1,3,7
1533864561935259,-3,11,24,11,-9,-4,-1,-1
1533864561957201,2,-17,-9,-16,2,4,-2,-3
1533864561957201,2,-6,-17,18,8,-4,-1,-2
1533864561958195,-4,0,2,-7,-6,-4,-3,6
1533864561958195,3,19,3,9,-4,1,-2,-4
1533864561972157,-2,-19,2,-8,21,1,2,0
1533864561972157,0,-14,-4,3,-21,-1,2,2
1533864561972157,1,1,-3,-16,-6,-4,-3,1
1533864561972157,0,31,9,14,13,-3,-2,-3
1533864561995100,6,-8,-7,-4,-27,-6,5,2
1533864561995100,-12,-46,14,-12,3,0,-2,-2
1533864561995100,-5,-13,-34,7,3,1,-2,0
1533864561995100,8,-9,-1,-9,-8,3,-1,-1
1533864562009059,-5,6,-5,11,1,-3,-4,2
1533864562009059,4,24,4,0,7,0,1,4
1533864562017038,4,8,19,17,2,0,4,1
1533864562017038,-2,6,-5,-19,5,-1,-1,-4
1533864562032000,-3,-1,0,-10,-9,-6,-5,-4
1533864562032000,-1,5,-6,1,-2,0,0,-4
1533864562032995,-1,-25,-17,9,1,-1,0,0
1533864562032995,1,3,-7,-12,-1,0,2,3
1533864562054937,-3,16,10,0,4,3,0,0
1533864562054937,1,-7,17,0,-8,-2,-3,-4
1533864562055935,0,-3,-4,0,5,-2,1,1
1533864562055935,-2,-30,-9,4,0,1,-4,-2
1533864562077880,1,13,5,0,-3,-1,-3,-2
1533864562077880,0,27,-7,-12,-4,0,1,2
1533864562077880,1,-10,5,-9,-10,-5,-5,-2
1533864562077880,-25,11,-8,1,3,-3,-1,-4
1533864562091841,1,-2,9,14,4,6,0,-1
1533864562091841,-2,-5,-21,-24,-4,0,-1,1
1533864562092835,-1,-5,18,11,-12,-4,-3,-3
1533864562092835,6,-9,-20,4,3,-3,-2,-3
1533864562114779,-3,-15,-16,-17,-10,2,1,0
1533864562114779,-1,3,15,13,7,1,0,1
1533864562115773,-2,5,-11,-23,-3,-1,2,1
1533864562115773,3,-1,8,3,4,-2,-2,-3
1533864562137715,-2,2,1,8,-1,-2,-2,-2
1533864562137715,3,-2,-10,-5,-3,0,1,0
1533864562138712,-4,10,11,3,1,0,-1,-1
1533864562138712,2,-5,7,-1,0,0,-2,-2
1533864562151681,-2,-5,-12,-3,3,-4,0,-1
1533864562151681,-2,-4,-7,2,1,-3,-2,-2
1533864562152674,-2,9,2,-1,-1,1,-1,-2
1533864562152674,3,-10,0,1,9,6,0,-1
1533864562175625,1,2,2,6,2,-1,0,-1
1533864562175625,-6,0,-4,-16,-32,-7,-5,-3
1533864562175625,0,2,5,1,3,1,1,2
1533864562175625,0,-4,0,-9,-6,-1,0,0
1533864562197557,-2,1,1,17,0,-1,-3,0
1533864562197557,2,2,-2,10,15,1,0,1
1533864562198551,-1,3,0,-4,-5,-2,0,0
1533864562198551,1,0,6,6,2,3,0,0
1533864562211530,-3,5,-9,-17,-5,-5,-2,-1
1533864562211530,0,-7,-7,-1,5,1,-1,-2
1533864562212530,-1,-5,-3,2,-5,-3,-3,0
1533864562212530,1,12,7,4,10,-2,-1,0
1533864562235456,-5,-24,-8,-4,-16,0,0,-2
1533864562235456,1,-2,1,-2,4,0,0,0
1533864562235456,-3,8,3,-5,2,1,-2,0
1533864562235456,0,1,-2,0,0,-3,-1,-2
1533864562257397,1,13,2,-2,-7,-1,1,3
1533864562257397,1,-9,0,0,3,-3,-1,1
1533864562258392,-1,6,1,2,-2,-1,-2,-3
1533864562258392,-1,-3,-1,2,-2,-2,-1,-1
1533864562271358,0,11,6,-3,3,0,-1,0
1533864562271358,-4,-11,-1,20,11,-1,0,-1
1533864562272355,1,1,-11,-26,-16,-8,-3,1
1533864562272355,-3,-9,-5,-3,-17,-4,-3,-3
1533864562295296,-1,-7,-1,4,6,0,-2,-3
1533864562295296,1,13,-1,-11,-15,0,-1,2
1533864562295296,-5,-6,2,6,5,2,1,-6
1533864562295296,-3,-9,-5,-13,-8,0,0,0
1533864562317237,1,-2,1,5,7,-2,-3,-1
1533864562317237,0,2,-3,0,0,-2,-2,0
1533864562318231,1,0,3,9,1,-1,1,-2
1533864562318231,-1,-7,-6,-13,-1,-3,1,0
1533864562332198,-2,5,2,0,2,-2,2,-1
1533864562332198,2,2,-4,-7,-3,-1,-1,-1
1533864562332198,0,-5,-4,-1,1,0,2,0
1533864562332198,-18,12,12,6,4,0,-3,-2
1533864562355136,-5,-18,-12,-4,-3,0,-1,-2
1533864562355136,0,-10,-10,-3,-2,-3,-1,-1
1533864562356130,5,3,-1,2,2,-1,-2,0
1533864562356130,-5,-7,1,1,-5,-1,0,-1
1533864562377077,1,12,2,-3,4,2,0,-1
1533864562377077,-6,-14,-2,-3,-6,-5,-1,-2
1533864562378072,-2,1,-1,5,8,-3,-1,0
1533864562378072,3,-3,-5,4,4,-2,-3,-7
1533864562392038,4,7,7,0,-11,0,-2,0
1533864562392038,-6,5,2,-3,-6,1,1,-3
1533864562393031,1,-14,-2,-9,1,-1,-4,-1
1533864562393031,0,3,0,-2,2,-2,-2,-6
1533864562414973,-2,-20,-6,5,5,0,-1,0
1533864562414973,1,2,-4,-4,-5,1,0,-2
1533864562415971,-1,7,4,3,-2,1,3,6
1533864562415971,-3,-5,-1,-3,-8,-5,-4,-2
1533864562437928,1,15,4,0,6,-1,-2,-2
1533864562437928,3,10,-1,6,3,1,-2,-1
1533864562437928,8,-3,-6,-2,6,1,1,4
1533864562437928,-15,-17,-4,-2,-10,3,1,-4
1533864562451878,-7,1,7,8,-1,-1,-1,-8
1533864562451878,-1,-7,4,-5,-5,-3,-1,1
1533864562452871,-5,-5,-4,-2,-15,-5,-3,-5
1533864562452871,26,8,-2,-7,11,-2,2,15
1533864562474858,25,6,-3,-19,-14,-2,-1,8
1533864562474858,-67,17,1,6,-2,1,3,-12
1533864562475817,11,-8,1,5,-5,0,-10,-19
1533864562475817,4,-5,-2,-2,7,-2,5,7
1533864562497754,-4,10,2,-1,2,-6,-8,-7
1533864562497754,26,-16,-7,1,7,-2,0,18
1533864562497754,-13,-2,-1,-2,-9,-2,0,-11
1533864562497754,-3,3,0,1,0,0,3,7
1533864562511989,5,15,11,2,-2,0,-7,1
1533864562511989,19,1,-6,4,6,1,-4,-16
1533864562512727,-38,-48,-23,-8,-4,-4,0,8
1533864562512727,20,0,7,-6,-5,-1,-5,-3
1533864562534656,-38,-24,-17,-2,-2,-2,6,7
1533864562534656,14,-3,1,3,10,0,-2,-1
1533864562535650,8,28,8,4,0,3,0,3
1533864562535650,-22,-20,-6,-2,-4,-2,2,-1
1533864562557591,-1,-4,-1,2,-5,-4,-3,-4
1533864562557591,-7,1,1,0,1,-2,-3,-2
1533864562558589,11,20,12,3,2,1,0,0
1533864562558589,1,14,1,2,-6,-1,-4,-3
1533864562571561,-3,-33,-14,-1,4,-3,-1,-1
1533864562571561,1,1,-3,2,-2,1,-1,-2
1533864562572560,6,11,7,-3,0,-2,1,2
1533864562572560,10,39,16,11,1,3,-2,2
1533864562595491,-4,-5,-13,-8,4,1,4,5
1533864562595491,8,-67,4,-19,-20,-5,0,-3
1533864562595491,-4,44,-5,-9,1,-2,-2,-4
1533864562595491,-11,-58,-13,21,-5,-1,-2,-7
1533864562617637,-9,28,-10,38,1,-3,-2,-2
1533864562617637,5,-65,-6,-19,-1,2,2,5
1533864562618429,15,4,-16,-82,-15,-4,-6,-5
1533864562618429,-23,15,8,-5,4,2,-1,-12
1533864562632404,11,1,4,-2,-4,-3,-2,-1
1533864562632404,-9,29,9,33,5,-2,-2,2
1533864562632404,3,2,4,15,20,8,7,9
1533864562632404,4,-4,20,19,-5,-2,1,5
1533864562655339,-4,-27,-20,-16,-1,4,2,-3
1533864562655339,-5,25,-27,-13,-8,-6,-7,-6
1533864562655339,6,3,8,34,-10,-1,1,2
1533864562655339,11,-2,17,-20,-13,-4,-2,7
1533864562677271,5,-5,30,11,5,0,-2,-10
1533864562677271,-5,37,17,12,1,5,3,-5
1533864562678269,18,-42,1,13,12,-1,-3,2
1533864562678269,-3,22,-20,9,14,-1,-1,-10
1533864562691436,31,-27,6,2,-22,-1,10,18
1533864562691436,-38,27,-1,-5,10,2,-11,-34
1533864562699351,-13,-69,-22,-73,42,-1,-4,-5
1533864562699351,-1,-17,0,6,-46,-7,-8,-5
1533864562715173,-10,-15,-17,16,3,1,0,-6
1533864562715173,32,24,-22,-8,-5,-1,4,29
1533864562716167,-9,58,47,13,19,6,-1,-21
1533864562716167,-33,-5,-7,11,21,-3,-5,-23
1533864562745093,-4,9,5,6,-11,-4,-1,-4
1533864562745093,13,15,-6,-31,-15,-5,0,5
1533864562746087,-3,36,-30,49,-18,3,5,13
1533864562746087,-5,-25,-28,-24,22,-1,-1,7
1533864562751083,-22,18,-15,-12,13,7,-6,-23
1533864562751083,30,34,29,25,-3,-4,4,5
1533864562759056,22,15,-15,-29,-31,0,-2,3
1533864562759056,-4,-22,-38,11,31,2,-1,-7
1533864562775014,17,17,2,-3,-52,-9,8,24
1533864562775014,12,-10,-14,-53,-1,2,-1,-61
1533864562776007,-32,1,-5,38,-25,-5,-1,75
1533864562776007,28,25,33,17,21,1,-2,-5
1533864562797952,-22,-24,-23,-40,3,-6,-11,-9
1533864562797952,2,26,18,4,8,-1,2,8
1533864562797952,21,63,27,15,-12,3,2,-15
1533864562797952,4,-27,-8,-3,3,4,4,19
1533864562810933,-35,-31,19,36,30,-2,-6,-14
1533864562810933,-40,-95,-42,-16,-12,-5,-7,-8
1533864562818896,-1,-7,-3,-3,17,-1,-1,-17
1533864562818896,19,44,1,-7,-22,-4,0,19
1533864562834853,21,12,3,-21,3,1,0,-5
1533864562834853,-7,5,24,20,5,1,-1,12
1533864562835848,-12,-33,-4,-4,7,-1,0,-10
1533864562835848,6,-3,-5,-13,-14,0,1,-3
1533864562858786,10,13,12,0,-12,-1,1,3
1533864562858786,-11,6,-5,-19,6,3,-1,7
1533864562858786,-7,-18,5,15,-2,-4,3,-5
1533864562858786,8,-10,6,-13,-15,0,-2,-6
1533864562870753,-24,26,-1,6,24,-1,4,-1
1533864562870753,-1,-2,10,19,-10,-2,-8,6
1533864562879730,1,-28,-24,13,-3,3,1,-11
1533864562879730,-5,11,3,-10,13,-1,4,-1
1533864562895687,13,2,4,-12,-20,0,10,15
1533864562895687,-20,2,-10,-50,-8,-12,-19,-14
1533864562895687,3,-6,2,15,11,2,3,2
1533864562895687,-8,-16,-6,-5,-11,1,-7,-28
1533864562917632,8,8,7,2,10,2,4,12
1533864562917632,7,0,2,32,14,3,1,0
1533864562918647,-14,1,9,-7,-22,-6,-5,-12
1533864562918647,-5,4,-9,-13,5,-5,2,5
1533864562931601,3,-7,-6,6,-2,-2,-6,-9
1533864562931601,6,0,-1,3,1,2,10,18
1533864562939573,-10,-15,-7,-31,1,-9,-9,-11
1533864562939573,1,-1,4,25,-6,-2,0,3
1533864562954533,4,3,-1,-10,-3,0,-6,-5
1533864562954533,2,6,-1,13,7,5,17,18
1533864562955529,2,5,17,-28,-3,-2,-14,-10
1533864562955529,-5,-5,-4,24,4,-3,3,20
1533864562977481,-5,-14,-14,-45,-25,-3,-6,-25
1533864562977481,3,-4,-8,-5,6,2,5,20
1533864562978505,-2,-14,-8,19,2,-2,6,-3
1533864562978505,-6,1,2,-10,-15,-1,-15,-29
1533864562991648,3,4,-4,-12,2,-5,0,10
1533864562991648,4,-6,-1,9,-4,2,-2,7
1533864562999410,-2,0,3,3,0,0,-5,11
1533864562999410,0,1,-2,-4,1,-2,4,-3
1533864563014370,-1,1,4,17,11,9,-9,-15
1533864563014370,2,1,8,-17,-6,-5,-5,-3
1533864563015368,3,-4,2,42,12,0,14,11
1533864563015368,-2,-2,-6,-9,5,2,8,12
1533864563037308,3,0,-9,20,26,7,-8,-19
1533864563037308,-9,1,-14,-69,-70,-15,-10,-4
1533864563038306,5,9,-4,10,2,1,-2,-1
1533864563038306,-29,30,42,-22,-20,-14,-4,3
1533864563060248,2,-16,-32,20,16,1,6,10
1533864563060248,-1,40,62,46,11,-14,-17,-10
1533864563060248,-16,-24,-16,4,-7,-4,12,26
1533864563060248,8,-89,-48,-31,-15,12,-5,-54
1533864563082207,11,12,-52,-9,20,1,5,30
1533864563082207,-3,-24,12,105,52,7,0,-43
1533864563084183,8,17,-59,-43,-10,-2,8,33
1533864563084183,-13,72,14,25,-42,-13,-11,-25
1533864563097152,-21,11,112,32,12,0,18,20
1533864563097152,7,-70,-128,-10,0,2,-15,-47
1533864563099144,-7,46,32,33,34,7,-7,-19
1533864563099144,-3,-9,70,30,13,0,6,15
1533864563120087,17,-53,-78,-45,-33,-15,-10,4
1533864563120087,13,17,-43,-10,-2,-4,2,11
1533864563121085,-5,11,44,6,-2,13,5,-3
1533864563121085,11,20,19,5,25,10,9,8
1533864563134049,-10,-19,-14,-48,-38,-16,-7,-4
1533864563134049,2,-13,26,-20,11,2,4,62
1533864563143026,-4,-41,-114,-46,-22,-13,-5,-53
1533864563143026,1,33,18,27,22,15,32,61
1533864563157989,-17,43,37,25,-3,-11,-49,-109
1533864563157989,-5,88,-36,-19,-18,-2,5,66
1533864563158991,-21,44,126,17,7,-6,-2,3
1533864563158991,8,-35,-37,22,37,15,7,10
1533864563179930,37,-100,-113,-46,-39,-1,8,16
1533864563179930,0,-54,65,-56,-53,-14,-17,-57
1533864563181926,19,18,-17,16,-17,-4,-4,10
1533864563181926,-4,39,21,-11,-6,10,1,7
1533864563193892,-9,52,14,32,40,14,12,23
1533864563193892,-8,39,43,7,20,4,9,1
1533864563202866,-3,-25,-14,16,7,-6,-3,7
1533864563202866,1,-37,-46,-36,-8,-21,-19,-22
1533864563217829,-5,23,27,20,1,0,2,7
1533864563217829,-5,-9,15,13,16,12,11,8
1533864563218823,-1,-37,0,-3,-3,-2,-8,-19
1533864563218823,1,-1,-45,-20,-12,-3,-6,-3
1533864563239767,-8,27,39,20,30,4,2,5
1533864563239767,11,-3,2,-4,-14,1,8,-1
1533864563241762,0,-25,-43,29,1,-13,-11,-6
1533864563241762,-24,15,14,33,28,7,-4,1
1533864563253730,33,-11,18,-66,-66,-20,-1,15
1533864563253730,-73,-31,-41,31,16,4,-1,-19
1533864563262726,9,-6,33,-28,-12,6,0,-4
1533864563262726,5,-16,-8,-3,1,-7,-5,-3
1533864563277666,-5,3,-38,30,30,4,3,-2
1533864563277666,24,-13,-38,-25,-9,0,1,-1
1533864563278663,-2,16,10,-8,-4,0,-1,-4
1533864563278663,-7,-42,-30,-20,-10,-8,-6,-3
1533864563300604,-2,13,19,3,4,4,2,3
1533864563300604,6,7,17,8,4,2,0,1
1533864563301602,-8,-2,-11,16,2,4,2,-1
1533864563301602,14,-1,7,-8,-7,-8,-2,-2
1533864563313574,-12,5,8,0,-13,-3,-4,-2
1533864563313574,2,1,30,22,28,10,4,-2
1533864563322546,1,-7,5,-6,3,1,-2,-1
1533864563322546,0,8,-21,-25,-18,-5,-3,-1
1533864563337505,-10,4,10,18,7,11,8,1
1533864563337505,-2,3,8,2,-7,-7,-5,-2
1533864563339501,1,-8,-6,-14,-6,-3,-2,0
1533864563339501,3,2,-5,-4,-13,-7,-6,-5
1533864563360460,-7,-5,-2,1,15,1,1,2
1533864563360460,8,-2,6,7,5,1,2,-2
1533864563361452,0,-4,-6,-15,-2,-1,-1,-2
1533864563361452,-6,-1,-5,8,-16,-9,-12,-5
1533864563373416,-1,5,19,-5,8,2,8,1
1533864563373416,6,15,1,6,2,-2,-4,1
1533864563382389,1,18,9,-11,-28,-6,-8,-2
1533864563382389,3,-32,-15,6,31,12,11,2
1533864563397445,-3,-9,-5,-21,-30,0,7,4
1533864563397445,0,-6,-6,-29,-16,-1,1,-1
1533864563399345,-8,-5,-8,9,-4,-13,-8,-6
1533864563399345,7,12,1,-5,-3,-4,-8,-4
1533864563420284,-1,5,6,5,11,6,-4,2
1533864563420284,0,-3,2,7,14,4,6,0
1533864563421293,2,3,2,-10,12,9,6,0
1533864563421293,-4,3,-3,-12,-24,-12,-7,-7
1533864563433479,-2,-3,-1,10,12,-2,1,-2
1533864563433479,1,7,4,4,4,-5,-10,-1
1533864563442473,2,-9,-9,-7,-15,-3,-3,-3
1533864563442473,0,2,3,-2,6,5,5,3
1533864563457415,-2,1,3,3,-1,3,2,0
1533864563457415,6,0,0,-9,-13,-7,-5,-5
1533864563459405,3,-7,-4,9,13,-1,-1,-2
1533864563459405,2,3,1,3,15,7,9,6
1533864563480353,-12,2,-6,-10,-50,-25,-13,-7
1533864563480353,-3,-3,-5,-2,1,10,7,0
1533864563481357,-4,-6,-4,-16,-2,2,-3,1
1533864563481357,0,5,1,-4,-1,-5,-4,-2
1533864563493326,4,2,5,5,20,11,0,-1
1533864563493326,-2,-6,2,12,-10,-7,-1,1
1533864563502295,1,-6,-7,-6,5,-4,-1,-2
1533864563502295,4,5,2,8,2,3,5,8
1533864563517255,-5,-1,-2,-12,0,0,-8,-11
1533864563517255,-1,-3,-1,0,5,-3,-1,-3
1533864563519246,-3,2,1,0,5,5,9,3
1533864563519246,-4,0,0,-8,-13,-6,-12,-10
1533864563540190,-2,-4,-5,5,-5,-4,-1,-2
1533864563540190,0,0,1,10,14,0,-4,0
1533864563541188,-2,-5,-1,-5,-8,5,3,6
1533864563541188,-4,-2,-4,1,-5,1,0,-2
1533864563553155,1,0,4,-8,-5,-4,-2,1
1533864563553155,-2,-3,-3,19,13,-9,-4,12
1533864563562131,-5,-4,-6,-15,-12,2,-4,-4
1533864563562131,-3,-1,-6,-19,-7,-7,-6,-3
1533864563578092,0,3,1,5,12,6,2,3
1533864563578092,0,0,13,-8,-8,7,10,4
1533864563579086,3,-5,-15,-3,-3,-7,9,26
1533864563579086,-2,0,0,3,-5,-8,-10,-23
1533864563600033,-1,1,-1,2,9,3,-3,-2
1533864563600033,-4,-3,-3,-4,-7,1,-2,-10
1533864563602025,-1,-2,5,6,8,1,0,0
1533864563602025,2,1,2,1,-3,1,1,0
1533864563613996,-1,-2,-4,-1,10,-1,1,4
1533864563613996,2,2,-1,26,-6,-5,-2,-1
1533864563622982,-3,-2,-1,-3,-3,-3,-5,-12
1533864563622982,2,-2,-2,-16,7,2,4,11
1533864563637928,4,3,9,-23,-14,7,3,-1
1533864563637928,-7,-5,-13,18,-8,-10,-7,-2
1533864563638925,-6,-3,-5,23,5,-2,-5,-9
1533864563638925,0,0,5,12,-11,-4,-3,-19
1533864563659873,1,-2,-5,-32,1,3,-6,0
1533864563659873,3,2,2,-12,24,10,9,-1
1533864563661865,0,0,4,-5,-12,2,-4,3
1533864563661865,-7,-4,-2,4,6,2,3,-16
1533864563673836,2,0,1,20,-14,-12,4,0
1533864563673836,0,1,-3,-13,-8,-1,-12,-8
1533864563682808,-2,-2,2,-3,9,2,-4,-8
1533864563682808,1,1,0,7,12,8,7,13
1533864563696774,-3,-2,-4,8,-2,-5,0,-2
1533864563696774,-4,-4,-5,-10,-13,-8,-3,-5
1533864563703752,-1,-1,-23,-5,9,-1,-1,-1
1533864563703752,2,5,34,-3,-10,-3,-4,3
1533864563721704,1,-2,-1,6,10,0,-3,1
1533864563721704,-3,2,0,-31,-17,-3,2,3
1533864563724697,-5,2,-33,8,9,-8,-3,-7
1533864563724697,-1,-2,61,1,-9,5,5,13
1533864563726693,-3,-3,19,0,2,-5,-4,-6
1533864563726693,-1,-4,7,0,-17,-3,-1,-1
1533864563735873,4,4,13,-35,-9,1,-1,0
1533864563735873,1,0,-54,-3,-1,0,-1,3
1533864563748640,-1,-5,28,18,9,-5,-2,4
1533864563748640,1,3,9,9,13,9,-4,-11
1533864563756614,-3,-6,-36,-2,-4,-4,0,3
1533864563756614,0,1,10,0,-10,0,-2,2
1533864563771571,-2,1,-2,1,7,1,-3,0
1533864563771571,-1,-5,-12,-4,-8,-5,1,-1
1533864563772568,-1,-3,14,2,-4,-1,-1,-5
1533864563772568,0,-1,-11,-5,4,2,-2,1
1533864563786531,-3,2,-17,4,2,-4,-2,-1
1533864563786531,0,3,-44,-12,-4,-4,-2,2
1533864563793516,2,6,58,7,5,4,3,3
1533864563793516,-2,9,-5,1,-4,-3,0,-5
1533864563808476,-5,-27,14,1,-5,-4,-2,2
1533864563808476,-5,-10,-36,-11,-2,-3,-4,-8
1533864563817448,5,-11,-28,5,-1,1,-1,3
1533864563817448,-4,-1,-25,-6,5,-4,-6,-3
1533864563831415,-2,6,-16,-4,-10,3,1,-2
1533864563831415,-2,5,28,8,13,4,1,4
1533864563832408,-1,-2,-5,-12,-9,-7,-3,-7
1533864563832408,2,7,8,0,7,4,2,2
1533864563846374,3,5,-9,7,10,5,2,4
1533864563846374,0,-4,6,-6,-18,-8,-1,1
1533864563853352,-3,4,15,-3,-6,-5,-6,-11
1533864563853352,-1,-10,-14,1,1,-6,-5,8
1533864563868316,-3,2,-7,-15,-11,-4,-1,-6
1533864563868316,-1,0,11,13,27,5,1,4
1533864563877310,-5,-2,1,4,3,4,3,3
1533864563877310,-1,-3,-3,-5,-6,-10,-5,-6
1533864563892252,-1,0,-13,-3,-9,1,-2,0
1533864563892252,-1,4,11,6,0,-1,-3,1
1533864563892252,3,-4,-1,-14,17,-2,0,0
1533864563892252,-6,-6,-11,25,23,-1,2,2
1533864563906211,0,1,-27,-9,-7,-2,1,-4
1533864563906211,0,-5,-29,-1,-13,-3,-1,-2
1533864563913192,0,-2,14,1,4,-2,-8,-5
1533864563913192,-1,-4,3,-5,5,7,7,2
1533864563929150,-5,3,8,4,-19,-8,-6,0
1533864563929150,0,6,-5,-5,-2,0,1,-1
1533864563937143,1,-12,-2,-1,-3,3,0,2
1533864563937143,-1,-3,-6,-5,-8,-4,-4,-6
1533864563952092,3,0,-8,2,-4,2,8,4
1533864563952092,-2,-3,-3,-15,7,5,0,-1
1533864563952092,-4,5,14,17,4,-4,1,1
1533864563952092,-4,-2,-37,-18,-22,-2,1,-6
1533864563966051,5,0,37,6,14,0,-2,1
1533864563966051,1,-2,13,4,-7,0,0,-4
1533864563974033,1,5,-4,-5,-21,-7,0,1
1533864563974033,5,-3,-5,-15,-3,0,-1,-1
1533864563988249,-6,-2,-12,30,7,-8,-8,-4
1533864563988249,-6,-5,-2,1,-6,-3,-3,-2
1533864563997224,-4,1,2,0,-7,2,-1,-2
1533864563997224,-1,1,22,0,-3,0,-1,1
1533864564011188,7,-3,-17,-15,-4,5,2,-3
1533864564011188,3,0,-32,-1,3,-2,-1,1
1533864564019166,1,-8,59,15,32,4,3,2
1533864564019166,-1,-2,9,-6,-22,-5,-2,-2
1533864564026352,-4,1,1,-8,10,-1,-2,-7
1533864564026352,-3,-2,0,3,-10,-1,0,-2
1533864564034132,1,5,-24,-3,-8,-1,-9,-1
1533864564034132,-1,-1,3,10,10,2,3,-1
1533864564049089,-2,-4,6,2,-3,4,-2,-3
1533864564049089,2,2,19,-9,-4,0,3,0
1533864564057067,-4,-4,-21,6,-13,-2,1,-3
1533864564057067,-2,-3,8,-1,-7,-11,-13,-1
1533864564071027,-2,-2,-15,-4,2,2,3,3
1533864564071027,-3,0,12,3,21,4,3,-4
1533864564079009,-1,-1,-9,-6,-18,-5,-2,-3
1533864564079009,0,-2,-11,2,-6,-1,-1,-3
1533864564085987,0,2,1,-6,2,4,0,2
1533864564085987,1,-2,10,2,-11,-9,-3,1
1533864564094169,-3,0,-7,-6,36,6,1,1
1533864564094169,-1,-1,-3,4,-5,-3,-2,-2
1533864564109923,-5,-1,3,1,-7,-7,-3,-3
1533864564109923,0,-2,2,-16,-5,-1,-2,-1
1533864564116907,-3,-1,-11,-2,-3,-3,-2,-4
1533864564116907,1,0,1,-10,-9,0,1,0
1533864564131868,-2,2,1,-3,9,3,4,3
1533864564131868,0,3,3,4,12,-1,0,0
1533864564139846,-1,0,0,-2,-9,-6,1,-1
1533864564139846,-2,-12,-6,2,-7,-1,-4,-3
1533864564145830,-2,-5,-7,0,-12,-6,-4,-4
1533864564145830,-1,-2,2,-2,-5,2,-1,-2
1533864564153806,2,6,1,-7,-5,-1,0,3
1533864564153806,-2,3,7,7,16,3,2,0
1533864564168765,-1,-1,-3,1,-1,-4,-3,-5
1533864564168765,0,0,-1,0,6,1,2,-1
1533864564176744,-2,-4,-3,-2,1,-7,-4,-5
1533864564176744,0,1,-3,-12,3,6,2,5
1533864564191752,-4,-1,0,9,-12,-2,-2,-1
1533864564191752,3,5,1,0,-1,-1,-4,8
1533864564199732,-1,-10,0,1,1,2,-1,-3
1533864564199732,0,0,-2,-1,9,-1,3,-1
1533864564214643,0,-1,-1,-6,-7,-1,-3,-3
1533864564214643,0,-2,-16,0,-4,-1,-3,0
1533864564214643,-2,4,12,4,-10,2,1,-5
1533864564214643,0,0,3,1,-3,-2,-1,3
1533864564228606,1,-1,10,-5,2,0,-1,2
1533864564228606,-2,-6,-12,3,-4,-7,-1,-3
1533864564236584,-2,-4,-101,-15,-9,-4,-3,-2
1533864564236584,-2,-7,23,3,2,0,-1,-4
1533864564251547,1,8,6,-1,4,-1,-2,-3
1533864564251547,2,-6,34,2,-3,-1,0,-2
1533864564259526,-3,1,0,-2,-5,-1,-1,0
1533864564259526,0,1,-2,1,-1,-2,1,3
1533864564274700,-2,-2,-21,-6,3,-1,0,-7
1533864564274700,0,-1,-9,3,3,1,1,-1
1533864564275481,-3,-5,28,-3,-28,-3,-1,1
1533864564275481,-3,-2,-27,0,0,0,-3,-2
1533864564288446,1,-4,17,2,0,-1,0,3
1533864564288446,1,7,6,1,7,-1,-1,4
1533864564296427,-4,0,6,2,9,3,3,-14
1533864564296427,-1,0,-4,-5,-3,-3,-1,-2
1533864564311384,-2,-2,-11,-2,2,-6,-3,-1
1533864564311384,-2,2,3,1,-10,-1,-1,-2
1533864564319362,-1,-6,-68,-8,-2,-6,-4,5
1533864564319362,1,2,24,0,-3,2,-1,-2
1533864564334326,0,0,5,0,17,6,2,-3
1533864564334326,-4,-4,-3,-4,-21,-7,-5,-2
1533864564335320,2,-2,12,10,17,-5,-2,1
1533864564335320,-2,-2,-3,-8,-19,-3,-2,-4
1533864564348289,3,1,-5,2,6,7,3,2
1533864564348289,-10,-15,-59,-9,-9,-12,-6,-7
1533864564357272,1,2,31,3,4,2,-4,-3
1533864564357272,1,0,-3,6,8,0,2,7
1533864564371224,-2,0,15,5,-6,1,-1,0
1533864564371224,-1,-2,-2,0,5,5,2,0
1533864564379206,1,2,15,-3,1,3,1,-3
1533864564379206,0,0,-5,-1,-4,-4,-2,-4
1533864564394163,1,-2,-17,-21,-13,-3,-1,-1
1533864564394163,-2,0,13,11,6,1,0,-4
1533864564395161,-3,-1,12,-1,-6,-2,-2,3
1533864564395161,-2,0,2,2,3,-1,-2,-2
1533864564409126,-1,-2,-6,-9,-11,-3,1,-3
1533864564409126,2,1,9,-3,6,0,-1,4
1533864564417105,-3,3,16,3,-7,0,-2,-4
1533864564417105,-3,-3,-10,-1,3,-2,-2,-3
1533864564431064,-4,-7,-4,1,5,-6,-3,0
1533864564431064,2,-4,4,-2,-4,-4,-2,-2
1533864564439042,3,2,-1,-8,-11,-3,0,4
1533864564439042,-6,-4,-9,12,-3,2,-2,-3
1533864564454003,-3,1,5,0,-7,-5,-4,-2
1533864564454003,-2,2,3,-6,8,2,-1,2
1533864564455000,-3,-1,0,1,1,1,1,-12
1533864564455000,-6,-1,0,-1,4,-7,-4,-5
1533864564468962,-1,-3,-13,-9,-20,-3,-1,4
1533864564468962,-2,-4,-2,4,1,1,-1,-2
1533864564476941,4,1,7,-2,-2,1,0,1
1533864564476941,2,0,3,11,5,0,1,-1
1533864564490939,-1,0,-1,-4,4,2,0,-3
1533864564490939,0,1,0,-27,-11,-7,-3,-3
1533864564499938,-2,-5,-4,0,1,1,2,5
1533864564499938,2,0,0,2,4,5,1,0
1533864564514843,0,-1,-2,1,-2,-3,-3,1
1533864564514843,2,1,19,21,1,1,-1,2
1533864564514843,0,-2,-2,1,10,3,2,-1
1533864564514843,-5,-3,-6,-20,-11,-9,-1,0
1533864564528802,0,-1,0,-8,-8,-3,-2,-5
1533864564528802,1,-2,-3,3,1,1,-1,-3
1533864564536796,-1,1,-2,-3,2,1,-3,0
1533864564536796,1,5,7,6,8,1,0,1
1533864564551755,-3,-10,-8,2,2,1,0,0
1533864564551755,-2,-1,-3,-9,-4,0,1,-2
1533864564559724,-1,2,6,11,3,-2,1,1
1533864564559724,1,2,-6,-6,-6,-1,-3,6
1533864564573686,-9,2,4,-2,-3,-7,-3,-7
1533864564573686,-1,0,3,3,6,5,3,-6
1533864564582675,0,0,-1,6,2,-3,-4,4
1533864564582675,-3,-2,-12,-4,-28,-3,-1,2
1533864564588642,2,1,3,-1,15,1,-1,-1
1533864564588642,3,2,-1,-3,-2,4,0,2
1533864564597626,-5,-5,4,32,10,-6,-3,-4
1533864564597626,0,-5,-1,-36,-16,-6,-1,-5
1533864564619560,1,-3,-1,11,7,-2,-4,-1
1533864564619560,-1,0,-2,-9,-5,2,2,-1
1533864564621555,5,1,-1,-4,0,4,1,0
1533864564621555,-1,-1,1,15,10,1,-2,-2
1533864564642502,0,1,-1,-8,-6,-1,0,-1
1533864564642502,-1,0,-1,3,3,-2,-3,-2
1533864564644493,-1,-3,-19,-13,-9,-1,-2,-1
1533864564644493,1,-3,4,7,8,-1,0,-3
1533864564656462,0,0,3,-3,0,2,-1,-1
1533864564656462,-1,-2,1,-5,5,-2,-1,0
1533864564665448,2,1,-4,-10,-30,-3,-2,10
1533864564665448,-6,-1,-1,-6,4,2,-1,-11
1533864564679403,2,0,4,12,6,2,0,2
1533864564679403,-3,-7,-14,-13,-5,-4,-1,-3
1533864564686381,-1,-4,1,-4,3,-3,-3,2
1533864564686381,0,2,-3,0,4,-3,-3,-1
1533864564702365,-5,0,5,4,-11,-2,-2,0
1533864564702365,-1,-1,2,10,6,-2,-1,-2
1533864564704334,-1,2,0,-26,-6,-2,-1,-5
1533864564704334,0,-2,-1,-10,-3,-3,-2,0
1533864564716304,1,-1,-6,-11,7,0,0,-2
1533864564716304,-3,-1,-3,10,-19,-4,-3,0
1533864564725278,-2,5,3,5,-6,-1,-1,-6
1533864564725278,-1,-6,0,7,6,2,0,-1
1533864564739243,-1,-1,-13,-10,-5,-2,0,1
1533864564739243,-1,3,17,18,-2,-4,-4,-1
1533864564746225,-4,-4,-9,-6,-8,-2,-1,-2
1533864564746225,1,1,14,-2,4,1,1,1
1533864564762198,1,2,15,3,0,1,2,0
1533864564762198,-2,2,-24,1,4,-5,-5,-2
1533864564764174,-2,-5,9,4,2,-1,-1,-4
1533864564764174,-2,4,-11,-10,-5,-2,-1,-1
1533864564776144,-3,-8,-8,-2,-6,-1,-2,-2
1533864564776144,-3,-4,-6,-5,0,2,-2,-1
1533864564785117,2,-2,-41,-7,4,0,0,-2
1533864564785117,3,8,58,8,1,-1,-2,-2
1533864564799083,-4,-10,17,14,-4,-2,0,-2
1533864564799083,0,0,34,3,-3,0,1,-1
1533864564806065,0,-7,58,-1,4,-2,1,1
1533864564806065,-3,-7,-41,1,-2,-1,0,-1
1533864564823019,0,5,7,0,-1,-3,0,1
1533864564823019,-2,-2,-40,-5,5,2,0,0
1533864564824013,0,5,-6,-6,-5,3,0,-3
1533864564824013,2,-1,-4,-11,1,0,-3,-2
1533864564835984,-2,0,-21,4,-1,-1,0,-3
1533864564835984,-3,-4,-18,1,-8,-1,-1,-1
1533864564844957,-2,1,3,4,7,2,-1,-5
1533864564844957,-1,0,-12,-2,1,-2,-2,1
1533864564860171,3,6,-1,-4,-1,1,-2,0
1533864564860171,-2,-9,-46,-8,8,-4,-3,-3
1533864564866151,-5,-1,31,3,-14,0,-2,-3
1533864564866151,2,-4,11,-15,-5,-2,3,7
1533864564882473,0,-3,-8,-1,2,-2,-1,-4
1533864564882473,3,4,14,-1,-2,-2,-1,0
1533864564884332,1,7,-94,-7,3,-3,-3,-5
1533864564884332,-1,10,-3,5,-7,1,-2,-1
1533864564896423,-1,-22,11,-2,-4,-3,-2,2
1533864564896423,-7,-6,-25,-14,0,-1,1,-2
1533864564905277,-2,-7,2,6,1,0,0,4
1533864564905277,-2,-5,10,6,2,1,-1,-1
1533864564919239,-3,7,-19,-5,-2,-3,-5,-3
1533864564919239,1,7,72,7,-5,-1,0,-1
1533864564926247,1,-8,-52,-7,8,-2,-1,-2
1533864564926247,0,7,76,8,-15,-4,-1,4
1533864564943175,0,4,24,-1,-2,0,-3,-7
1533864564943175,0,-2,9,-4,0,1,1,-4
1533864564944172,-2,3,9,6,3,-1,2,0
1533864564944172,-4,-7,-29,-6,2,-3,-1,-6
1533864564966113,0,1,-22,-2,-2,0,-1,6
1533864564966113,0,1,13,0,1,-1,-1,1
1533864564967110,1,1,7,-2,-4,0,-3,-3
1533864564967110,1,6,-20,1,1,-1,-4,1
1533864564979080,-1,4,3,-2,4,-2,0,-3
1533864564979080,-2,-27,-32,-8,-3,2,3,1
1533864564988070,-1,-7,56,-10,-4,-2,-1,-1
1533864564988070,-6,-13,-72,20,0,-5,-2,-3
1533864565002017,-3,11,-22,0,-11,-5,-5,-3
1533864565002017,4,7,62,11,15,3,3,2
1533864565004011,-6,-6,-4,-9,-16,-5,-2,1
1533864565004011,-5,-8,-14,-16,0,3,-1,-2
1533864565024961,0,0,-6,2,-8,0,1,-1
1533864565024961,-1,2,-31,-9,-4,-3,-4,-2
1533864565026962,0,-2,2,1,3,1,0,1
1533864565026962,0,4,-4,2,4,-1,0,-4
1533864565038918,-2,-4,3,0,5,-2,-2,-1
1533864565038918,2,6,10,-6,-7,-1,-2,-1
1533864565047894,0,1,6,2,6,0,0,0
1533864565047894,-1,1,11,6,-2,-5,-2,-4
1533864565063032,-2,-11,4,-5,1,1,2,2
1533864565063032,-3,1,-9,2,-5,-1,-2,-4
1533864565064849,-1,12,15,2,0,-2,-2,0
1533864565064849,-1,-5,4,0,2,-1,-1,-1
1533864565084799,3,-3,110,11,0,1,2,2
1533864565084799,-6,8,-66,-13,-8,-5,-6,-6
1533864565086808,1,-33,-46,6,5,-1,-1,-1
1533864565086808,-2,-2,42,7,-5,3,3,0
1533864565098761,-4,-3,-34,-7,0,1,0,-3
1533864565098761,-2,-4,30,-3,-6,-3,-1,0
1533864565107734,-3,7,-9,-5,3,1,-1,-1
1533864565107734,3,0,-27,-4,2,-2,-2,-1
1533864565122693,-2,-2,-16,5,-1,-4,-3,-3
1533864565122693,-1,1,-10,4,3,2,-3,1
1533864565123691,0,2,-4,-8,-6,-1,0,-1
1533864565123691,-1,-2,-6,-2,4,1,1,-1
1533864565145670,-1,10,56,-2,2,-1,1,0
1533864565145670,-2,3,11,-3,-5,-2,-1,-1
1533864565146631,1,0,15,4,1,0,-1,0
1533864565146631,-1,-4,8,-2,-1,1,0,-1
1533864565158603,-4,13,-96,-16,-3,-3,-4,-4
1533864565158603,1,-7,45,13,2,-2,2,1
1533864565167574,-2,-8,25,-1,-6,-2,1,1
1533864565167574,-1,-9,-40,-8,-1,-1,-1,-1
1533864565182534,1,-2,20,10,-2,1,2,0
1533864565182534,-4,4,-25,-8,12,-1,-1,-2
1533864565184528,1,16,19,6,-15,-4,-3,-1
1533864565184528,0,-2,3,5,1,1,-1,2
1533864565205473,-2,-5,-29,-7,1,-1,-1,-1
1533864565205473,1,-3,7,1,-3,-1,-2,-1
1533864565206470,-2,-1,-5,2,7,-1,-4,-3
1533864565206470,-2,1,-5,-6,-3,0,0,-1
1533864565218442,-3,-3,-5,-2,-1,-3,-3,-2
1533864565218442,-1,-8,9,4,4,-6,-4,2
1533864565227434,-1,-1,-20,1,-6,7,3,1
1533864565227434,-4,2,-3,-9,-17,-7,-5,-3
1533864565243374,0,-5,-12,-10,1,0,-2,-2
1533864565243374,-2,1,-17,-3,-7,-2,-1,-2
1533864565244385,-1,12,2,-1,8,-3,-2,-4
1533864565244385,-1,-16,15,7,4,1,1,0
1533864565265316,0,-1,-15,-3,-3,1,-1,5
1533864565265316,0,2,-7,-2,0,-2,-4,-2
1533864565266313,0,1,35,-1,3,1,2,0
1533864565266313,2,2,20,4,1,-1,2,11
1533864565279277,-6,-9,-26,-4,0,-1,0,-9
1533864565279277,-1,1,21,6,-1,1,1,0
1533864565287261,-3,-3,-25,-4,-1,-2,-3,0
1533864565287261,2,12,-23,-10,-2,-3,-4,-1
1533864565302214,-2,-7,27,-2,-4,-2,-1,0
1533864565302214,-2,-5,-4,9,2,3,0,0
1533864565304209,-3,-3,15,4,-3,-1,0,-1
1533864565304209,-4,-2,-11,-18,2,-1,-3,-6
1533864565324291,0,2,-16,0,-3,-3,-2,-3
1533864565324291,1,1,-6,-5,0,-2,-2,-4
1533864565333131,1,-10,-18,2,-6,0,1,2
1533864565333131,2,0,-11,4,4,0,0,-3
1533864565339131,0,1,2,-6,-3,-1,-4,-1
1533864565339131,-3,-2,2,7,-5,2,1,3
1533864565348092,-3,3,-4,2,29,2,0,-2
1533864565348092,-5,-3,8,11,-7,-4,-1,-5
1533864565362054,1,-1,10,1,-3,-2,-1,-1
1533864565362054,-2,-1,-7,-4,-7,0,3,0
1533864565364049,1,0,-6,-7,0,-2,-2,3
1533864565364049,-4,2,1,-3,0,1,1,-8
1533864565385210,-4,-5,29,6,1,-2,-3,-6
1533864565385210,-3,2,-9,-4,0,-1,-1,0
1533864565387010,0,8,-4,-5,-7,-3,-4,-1
1533864565387010,-2,-11,18,1,1,-2,-1,1
1533864565399134,0,0,-8,4,-2,-2,-1,4
1533864565399134,-2,-4,-9,-6,0,0,-1,-3
1533864565407932,-3,9,9,-2,-7,-2,-2,-6
1533864565407932,3,-20,-41,2,3,1,2,2
1533864565422895,-2,1,-2,-7,0,0,0,0
1533864565422895,-2,-2,-6,-2,-4,-4,-3,-1
1533864565423889,-1,-5,2,-1,-6,-5,-3,-3
1533864565423889,0,7,-13,-6,-3,-3,-2,-4
1533864565444862,2,-3,-4,4,6,1,5,4
1533864565444862,2,3,6,-1,-1,1,0,0
1533864565446828,-3,-10,-15,-6,-4,-4,-1,-3
1533864565446828,0,5,45,-2,2,0,-1,-1
1533864565458801,0,5,11,3,2,1,-1,-3
1533864565458801,-1,2,-11,-1,-5,-4,-4,-2
1533864565467775,-2,-3,-22,-4,-10,0,3,1
1533864565467775,3,-15,-34,0,4,0,-3,-1
1533864565482735,-4,19,51,-5,-8,-3,-2,-1
1533864565482735,-4,3,-2,5,3,-1,-5,-4
1533864565483729,-2,-24,-5,3,4,-2,-6,-4
1533864565483729,-2,-4,-22,-8,-5,2,5,4
1533864565505670,-1,13,-72,-5,-6,2,0,1
1533864565505670,-3,5,23,-3,11,3,0,-3
1533864565506684,0,7,76,7,8,-4,-3,-3
1533864565506684,-6,13,-55,2,-31,-7,-6,-4
1533864565518639,2,-19,7,-14,3,0,-1,0
1533864565518639,2,-8,-11,-6,-12,-5,-2,4
1533864565527620,3,4,19,-4,7,2,0,-3
1533864565527620,-2,9,119,21,13,6,2,6
1533864565541577,2,-14,-54,10,1,-3,-2,-4
1533864565541577,-5,12,7,1,2,3,3,3
1533864565548555,-2,-5,5,-15,-13,-5,0,0
1533864565548555,1,1,-7,0,6,0,1,2
1533864565565513,-1,-8,-41,-5,-6,-2,-1,-2
1533864565565513,-2,-11,-28,-14,7,-3,-2,-4
1533864565566527,10,10,-95,-9,4,-2,-3,-7
1533864565566527,-5,8,68,5,-16,-3,0,0
1533864565578478,-4,4,13,5,6,0,0,-1
1533864565578478,-1,-4,15,-5,-9,-2,-1,-3
1533864565589447,-6,-4,-37,-2,1,2,0,4
1533864565589447,9,-3,-30,-10,8,-3,-4,-3
1533864565602436,0,1,-23,17,7,-3,-1,1
1533864565602436,3,1,91,12,-2,-2,3,3
1533864565608399,-5,-9,-1,0,-9,-3,-3,-1
1533864565608399,-7,1,-25,-11,-5,-2,0,-5
1533864565625555,5,-2,19,45,16,7,3,1
1533864565625555,1,7,5,-51,-27,1,1,-1
1533864565626346,1,12,10,-1,12,2,0,1
1533864565626346,-7,-9,9,11,-18,-10,-6,7
1533864565638324,-1,-24,-4,6,0,-2,-2,-5
1533864565638324,6,-8,-63,-35,2,0,-2,-3
1533864565647411,3,-5,24,1,2,4,1,2
1533864565647411,0,14,-14,-1,10,-1,0,-2
1533864565662256,-1,7,15,-3,-13,-2,0,-2
1533864565662256,-1,-8,-87,8,3,-3,-4,-3
1533864565668235,-5,2,57,-1,-11,-3,-1,-2
1533864565668235,-4,-18,-14,10,14,0,-2,-5
1533864565685200,-3,-6,-26,-9,-9,-1,-2,-3
1533864565685200,5,-3,-52,2,1,1,-1,-10
1533864565686188,-1,19,33,4,6,2,0,3
1533864565686188,0,-5,45,-12,-10,-5,-3,-2
1533864565698182,-2,1,17,-16,-5,-4,-2,7
1533864565698182,-4,1,-2,21,2,-1,1,-3
1533864565707187,-5,-9,-31,16,7,-2,-2,6
1533864565707187,9,3,-24,-14,6,4,0,-9
1533864565722091,2,3,-4,-8,-6,-5,-5,18
1533864565722091,-8,-1,7,10,-2,-2,-2,-11
1533864565729078,14,-6,-1,-37,-26,0,6,33
1533864565729078,-23,-5,-3,2,4,0,-2,-36
1533864565745029,0,-1,1,-15,2,-2,-7,-16
1533864565745029,4,0,15,14,6,2,1,3
1533864565747030,-9,-6,-6,14,-3,-2,-3,-6
1533864565747030,6,22,-72,-8,1,1,2,12
1533864565759210,-1,-4,39,-6,-2,-2,3,-6
1533864565759210,-3,-2,43,13,5,1,-1,12
1533864565767969,-6,-2,-12,-2,-6,-2,-1,-10
1533864565767969,5,-1,-22,-5,4,4,2,14
1533864565781982,-3,7,-24,-5,-1,1,1,-3
1533864565781982,-5,-5,40,9,-2,-2,-3,-7
1533864565796087,0,-3,-7,5,4,0,0,-3
1533864565796087,3,-4,3,-9,-4,-1,-1,-3
1533864565804870,2,1,-9,-2,2,0,1,1
1533864565804870,-1,-1,-20,-8,-3,0,2,1
1533864565806875,-2,3,-17,4,4,0,-2,-8
1533864565806875,-1,-1,11,8,4,-3,-2,2
1533864565818837,-3,3,7,-4,0,-4,-1,0
1533864565818837,-2,2,-11,-2,-4,-2,1,5
1533864565827808,-1,0,6,1,1,-1,-1,-8
1533864565827808,3,-3,14,-1,-1,0,0,3
1533864565841988,1,5,2,-4,1,0,0,3
1533864565841988,-3,-11,32,2,2,-2,0,-4
1533864565848919,2,-10,-2,-7,-10,-4,-2,-3
1533864565848919,-4,-5,12,14,0,-7,-4,1
1533864565864709,-6,-7,-16,-8,0,-4,-3,-4
1533864565864709,1,-3,-27,-8,-3,-4,-3,-2
1533864565866704,-6,-3,57,7,0,2,0,-2
1533864565866704,-1,1,7,-6,0,0,1,0
1533864565887648,-4,-1,14,-1,-10,-5,-4,-3
1533864565887648,-2,4,-29,-5,-4,-3,-2,0
1533864565888646,-2,-1,-31,-2,-7,-1,0,-3
1533864565888646,3,-2,2,-1,3,0,0,1
1533864565901614,-2,-2,2,-2,4,1,0,-1
1533864565901614,-1,0,0,4,1,-2,-1,1
1533864565908596,-6,-2,-24,2,4,2,-2,-6
1533864565908596,-3,-4,4,4,-4,-1,-3,-1
1533864565924549,-2,-1,-6,-3,-1,1,1,6
1533864565924549,-1,-4,36,-9,-9,-3,-1,-11
1533864565926550,0,-2,-6,4,7,-4,-1,-1
1533864565926550,-5,-2,-9,6,-2,-2,-2,0
1533864565947491,-2,0,8,4,-1,3,-2,-4
1533864565947491,3,3,-8,4,3,1,0,5
1533864565949673,-7,4,-21,-14,-8,-3,-1,0
1533864565949673,4,-9,6,-8,-4,-1,-2,-8
1533864565961450,2,3,-12,0,2,-2,0,2
1533864565961450,-3,-21,5,12,2,-1,-2,0
1533864565970434,4,5,40,-2,-1,-2,-1,5
1533864565970434,-1,1,-7,-11,6,0,0,1
1533864565985387,-8,-6,-5,3,-8,-4,-3,-6
1533864565985387,0,4,-16,-2,-3,-4,-3,2
1533864565986385,-1,-3,-2,2,1,1,0,-4
1533864565986385,-1,-3,4,-2,-4,1,-1,0
1533864566007332,0,-2,7,0,3,-1,-1,-3
1533864566007332,-2,16,-26,-5,0,1,-1,-1
1533864566009323,1,-3,-15,1,-2,-2,-2,-1
1533864566009323,-2,5,2,2,-2,-1,-2,-2
1533864566021291,0,-3,-6,-7,-1,-2,-1,-1
1533864566021291,-3,-1,-5,-1,-2,-1,-1,-1
1533864566030268,0,-1,-6,-3,0,-2,0,-3
1533864566030268,0,-4,-9,0,-1,0,-2,1
1533864566045227,2,2,3,-1,-1,-2,-1,-1
1533864566045227,-3,-1,-8,0,-1,-2,-2,0
1533864566046224,3,0,19,0,1,2,1,1
1533864566046224,-4,-3,-4,-10,-8,-1,-2,-10
1533864566075150,-2,3,-14,-2,-1,0,-1,3
1533864566075150,-4,-2,9,-2,1,-1,-3,-4
1533864566076144,0,-2,-12,-2,-10,-2,-3,-1
1533864566076144,-1,-3,4,-3,0,0,2,3
1533864566082131,1,8,10,-4,-2,-1,0,-5
1533864566082131,-2,-3,-1,3,2,1,1,1
1533864566089130,0,-1,-11,1,2,-2,1,-1
1533864566089130,0,1,-2,2,-4,-1,-2,-2
1533864566105067,-2,0,1,-2,-1,-1,-1,0
1533864566105067,1,-2,-73,-7,0,1,1,7
1533864566107062,-1,0,59,5,0,-5,-3,-3
1533864566107062,0,1,-10,5,1,-3,-2,2
1533864566127008,-5,-8,0,-2,-5,-3,-3,-5
1533864566127008,0,-4,3,-3,-6,-4,0,0
1533864566129007,-2,-4,-28,-2,0,3,-1,-2
1533864566129007,1,0,0,3,2,0,0,-1
1533864566141968,3,-1,8,2,-1,0,1,1
1533864566141968,0,-2,14,-2,0,0,1,-5
1533864566148418,-1,-11,18,1,-2,-2,-2,-2
1533864566148418,-1,-3,8,10,2,-1,-1,0
1533864566165157,-6,-4,-3,4,1,-1,-1,-7
1533864566165157,-2,-3,16,5,3,-1,-1,0
1533864566166153,-1,3,-23,-2,0,-1,-4,0
1533864566166153,-2,-1,-11,-8,-6,1,-1,1
1533864566187097,5,8,-9,-2,2,0,0,2
1533864566187097,-2,5,0,-3,-1,-3,-4,-4
1533864566189091,-1,2,43,5,1,0,4,3
1533864566189091,-3,1,7,-3,0,-3,-1,-3
1533864566202197,-3,-4,-8,-3,1,1,2,0
1533864566202197,1,0,14,3,0,-1,-1,0
1533864566209039,1,-2,-31,-4,-2,-1,-1,-4
1533864566209039,2,4,-20,-2,0,-1,-1,-1
1533864566225130,2,-1,17,1,12,-3,-1,3
1533864566225130,-14,-11,-17,0,-21,-7,-5,-7
1533864566226992,1,14,-68,-2,2,0,-2,3
1533864566226992,-4,-7,1,0,-5,-2,-1,-8
1533864566247946,1,-16,23,1,0,2,-1,1
1533864566247946,3,0,21,-2,2,0,-1,2
1533864566248933,-5,0,-26,-4,0,0,-1,-2
1533864566248933,0,1,-5,-1,0,-1,1,0
1533864566261900,-3,4,-12,-3,-3,-1,-1,-4
1533864566261900,0,0,1,-4,0,0,1,-1
1533864566268952,-1,-9,10,2,-4,-3,-2,-2
1533864566268952,-3,0,-21,-3,2,-1,-2,-1
1533864566284943,-3,-6,20,-3,-5,-3,-2,-4
1533864566284943,1,5,8,1,2,2,-1,2
1533864566286830,-1,0,1,-1,0,-4,-2,-3
1533864566286830,1,-1,5,-3,-2,-3,-2,1
1533864566307793,-3,2,-20,-2,-5,0,0,0
1533864566307793,0,-2,2,-1,-1,1,-1,-1
1533864566308776,-2,-1,0,-2,-1,-1,0,-1
1533864566308776,-3,-2,11,2,1,-4,-1,0
1533864566321757,0,1,-5,-1,-5,0,-4,-1
1533864566321757,1,-2,5,-5,3,0,0,-1
1533864566328761,-1,-8,15,-3,-4,-1,0,-1
1533864566328761,0,1,4,-4,-3,0,0,1
1533864566352659,-2,-4,5,-1,-1,2,0,1
1533864566352659,0,-2,-4,0,3,-1,0,1
1533864566353652,-1,5,-10,-5,-1,1,0,-2
1533864566353652,2,2,-12,-1,0,0,-1,5
1533864566367642,-2,3,8,-2,-4,-2,0,-2
1533864566367642,-4,0,-50,-3,-3,-3,-3,-9
1533864566369613,-3,-6,-2,-5,-2,0,-2,6
1533864566369613,-1,-5,-1,-1,-1,-1,-3,-1
1533864566381580,1,1,-1,4,-2,0,-1,-1
1533864566381580,-1,-3,-5,-5,0,-4,-2,0
1533864566390554,-6,-4,-3,-2,-4,-2,-1,-5
1533864566390554,-2,0,-2,-4,-1,1,1,-1
1533864566405651,0,13,-28,-2,1,1,0,-1
1533864566405651,0,-2,24,-6,-3,0,0,-2
1533864566406522,-1,0,-4,1,-2,-4,-1,0
1533864566406522,1,-6,1,-4,-3,-3,-1,-2
1533864566427457,-1,-1,2,0,-4,-1,-2,-3
1533864566427457,3,3,5,2,4,3,2,2
1533864566429448,4,10,0,-3,-1,-2,-2,0
1533864566429448,-1,3,36,3,1,-1,0,0
1533864566441420,-8,-6,-9,-3,-1,0,-1,-8
1533864566441420,0,-1,8,3,0,0,-2,2
1533864566450397,-3,-4,-5,3,1,-1,-3,-2
1533864566450397,-1,0,-6,0,-2,2,-2,-3
1533864566465354,2,-4,-4,-3,-1,0,-1,3
1533864566465354,-2,1,16,-6,-4,-2,-1,0
1533864566466350,-2,-1,0,4,1,-3,-1,-3
1533864566466350,-2,-2,-8,3,0,0,0,-2
1533864566487325,1,-3,10,-2,-6,-1,-2,-1
1533864566487325,-2,-2,-9,0,-1,-2,0,0
1533864566489319,2,-2,5,-4,1,1,-1,-2
1533864566489319,-1,-1,-11,-5,-3,-1,0,-3
1533864566501465,0,-16,10,2,1,-2,-1,1
1533864566501465,1,0,2,0,-1,1,0,-1
1533864566510245,-3,-11,12,-10,-3,-1,-1,-1
1533864566510245,-4,-3,1,6,1,-2,-3,-1
1533864566525195,-1,2,-4,-1,0,-3,0,0
1533864566525195,0,-4,2,4,-2,-1,-1,0
1533864566526190,-1,0,-4,-1,-1,1,0,-2
1533864566526190,-1,-1,-9,-4,-2,-1,0,-2
1533864566547137,-1,0,3,-2,3,0,0,-1
1533864566547137,-2,3,-2,-1,1,-1,-1,-2
1533864566549128,0,0,-9,2,-3,-2,-1,-1
1533864566549128,0,1,43,0,0,-1,-1,0
1533864566561096,-1,1,-4,-1,-1,0,-2,1
1533864566561096,-2,-4,3,-2,0,1,-2,-1
1533864566570072,-2,3,3,-4,-2,-2,-1,-1
1533864566570072,-1,-5,-8,-2,-6,-2,0,-1
1533864566585212,-1,-6,-7,-3,0,-2,-1,1
1533864566585212,3,4,9,-1,-4,-3,-2,7
1533864566587028,-5,12,-16,-3,-3,-2,-2,-10
1533864566587028,-2,-5,-1,4,1,-2,-4,-1
1533864566607971,-1,-1,2,-1,-6,0,0,-2
1533864566607971,-3,-8,-20,-1,0,2,0,0
1533864566608984,1,7,-4,-2,-2,-3,-3,0
1533864566608984,-2,-2,-7,-6,-1,1,0,-1
1533864566620937,3,0,-12,-2,0,-4,-2,-2
1533864566620937,-2,-1,8,0,-2,-2,0,-2
1533864566629912,-3,-11,22,-1,1,-2,-2,-2
1533864566629912,-3,-6,14,1,0,-1,0,0
1533864566644872,0,-1,2,-1,-3,-3,-1,-1
1533864566644872,-3,-1,1,-2,-3,-1,0,-3
1533864566646867,0,-4,-4,2,2,-1,-2,1
1533864566646867,0,-3,-19,-5,0,1,-1,1
1533864566667827,1,0,0,-1,-1,0,-1,0
1533864566667827,-3,0,-7,5,3,-4,-3,-2
1533864566668808,-2,-3,-5,-3,-6,1,1,0
1533864566668808,-2,-1,-8,-2,-3,-2,-1,0
1533864566681773,0,0,-2,-6,-2,1,0,-1
1533864566681773,1,0,6,-4,-1,-1,-1,0
1533864566689849,-2,-4,-2,3,3,-1,-1,-3
1533864566689849,0,2,-4,-3,-2,0,-1,-2
1533864566704714,-3,-3,-8,-6,-3,-2,-3,-3
1533864566704714,-1,0,-11,0,1,-1,0,0
1533864566706707,1,1,5,-1,-2,-1,-2,1
1533864566706707,-1,-2,-59,-2,-1,-2,-2,-3
1533864566727793,1,-4,29,-1,0,-4,-1,-3
1533864566727793,-2,-2,1,-1,-1,1,-2,-3
1533864566728650,2,-4,-4,-2,-1,0,0,3
1533864566728650,0,-2,2,-4,-1,-2,-1,-2
1533864566741613,1,3,-10,4,0,-1,-3,1
1533864566741613,-2,-1,-1,-1,0,-1,1,-2
1533864566750590,-1,-4,1,1,0,-1,1,-1
1533864566750590,0,4,-2,-4,-3,-5,0,1
1533864566765556,-5,-3,-5,1,0,-1,1,0
1533864566765556,0,2,-4,-4,-2,-1,-1,-2
1533864566766547,-1,-7,9,0,-1,-1,-2,-1
1533864566766547,0,-5,5,3,4,2,0,7
1533864566787774,-3,6,0,-2,-3,-3,-3,-8
1533864566787774,-2,-6,-2,0,-1,-2,-2,0
1533864566789611,-2,0,-4,-2,-2,-2,-1,-2
1533864566789611,1,1,8,-1,-3,-1,0,-1
1533864566801713,-2,-6,-3,1,1,1,1,-1
1533864566801713,3,3,-9,-1,-1,0,-1,-1
1533864566810519,-2,-1,-9,4,1,1,-1,-1
1533864566810519,-2,3,59,-9,-5,0,0,-3
1533864566824622,-2,-1,-6,1,-1,-1,-2,2
1533864566824622,-4,-2,0,0,1,-1,-2,-3
1533864566831462,-1,0,0,0,0,0,0,3
1533864566831462,-2,12,-19,-1,0,-1,-4,-6
1533864566847533,1,-3,-7,-3,-4,0,0,1
1533864566847533,-3,-2,10,-5,-5,-3,-1,1
1533864566849416,-2,-5,0,-1,0,-2,-1,-2
1533864566849416,0,4,-13,-1,-1,1,-3,0
1533864566870359,0,1,5,-6,2,1,-2,-1
1533864566870359,-3,2,-16,3,-1,-2,-3,-2
1533864566871357,-1,-23,43,2,-2,0,1,0
1533864566871357,-1,-5,-11,1,-2,-3,-1,1
1533864566885452,1,4,51,1,-3,0,0,0
1533864566885452,-3,-13,6,-2,-1,-1,0,-2
1533864566886317,1,7,-16,-2,0,-3,1,-2
1533864566886317,-1,-4,-6,0,1,-2,-3,-3
1533864566908282,-2,-4,-6,3,1,-1,0,-1
1533864566908282,-1,4,-8,-7,-4,-1,-1,0
1533864566909254,-1,4,-7,-3,0,-1,-2,0
1533864566909254,-1,-3,2,2,-1,0,0,-1
1533864566930198,3,3,-24,-2,-1,0,-1,2
1533864566930198,-2,1,6,3,-2,-1,-2,-7
1533864566931195,0,2,-14,-2,-1,-1,-2,-1
1533864566931195,-1,-8,13,0,-1,-3,1,0
1533864566945364,-3,-1,-4,0,0,-3,-1,1
1533864566945364,0,0,-3,0,2,-2,0,0
1533864566947153,-1,-3,3,2,-1,0,2,-1
1533864566947153,-1,2,-8,-1,-1,-1,0,-1
1533864566967103,-2,-1,-5,-2,-2,-3,-2,0
1533864566967103,-1,-2,7,-1,-2,0,-1,-3
1533864566969095,2,8,-11,-1,-1,-2,-1,-2
1533864566969095,-4,-3,1,-2,-3,-5,-2,-2
1533864566990050,-3,-2,-11,-1,-1,-2,-1,-3
1533864566990050,1,9,23,2,2,-1,1,3
1533864566992033,-2,-3,14,1,-2,0,-2,0
1533864566992033,0,-1,0,-2,-1,1,-2,-2
1533864567004001,-3,-5,-4,2,-1,0,-1,-1
1533864567004001,-1,0,-14,-3,-1,-2,0,-3
1533864567010995,0,-1,-12,-2,0,-1,-1,0
1533864567010995,0,8,4,-3,0,2,-1,-1
1533864567028031,0,-1,-5,-12,-10,0,-1,3
1533864567028031,-8,-7,-6,5,3,-1,-3,-12
1533864567028935,-2,-2,-4,-2,-2,-2,-1,0
1533864567028935,0,-2,-6,0,1,-1,-1,-1
1533864567050081,0,1,-4,-1,0,-2,-1,-1
1533864567050081,2,1,0,-5,-4,-2,-1,3
1533864567051900,-2,1,-15,-3,-2,0,-3,-2
1533864567051900,-2,-3,-36,-2,-1,-1,-2,-1
1533864567064840,-3,-2,14,5,3,0,-2,-2
1533864567064840,0,-6,15,1,-2,-1,-1,2
1533864567070826,-1,0,-7,-2,0,-3,-1,-3
1533864567070826,0,-1,-4,-2,-2,-2,-2,-2
1533864567087800,-3,-2,-8,-2,1,0,1,-2
1533864567087800,0,-1,-8,-2,-1,-3,-2,-1
1533864567088775,-1,1,3,3,-2,0,0,-1
1533864567088775,0,-3,9,-8,-6,1,1,-1
1533864567109721,-2,-3,1,-2,-1,-4,-1,-2
1533864567109721,0,0,-1,-1,0,-2,-1,0
1533864567111713,-1,-1,2,-3,-2,0,-1,1
1533864567111713,-2,8,-8,0,1,-3,-2,-2
1533864567124682,-1,-7,-6,1,0,-1,-1,0
1533864567124682,0,-3,-12,-8,-1,2,0,-2
1533864567131804,2,0,1,0,1,-2,-1,1
1533864567131804,-3,-3,4,9,2,0,-1,-1
1533864567147617,1,3,-3,-1,-3,-1,-2,-1
1533864567147617,1,0,-1,-1,-5,1,-2,0
1533864567149614,1,1,-5,-10,-7,0,-1,0
1533864567149614,-2,-4,2,6,3,-1,-3,-3
1533864567170555,-2,0,37,5,0,-1,-2,-2
1533864567170555,0,-3,-3,1,1,2,0,1
1533864567171552,-1,3,14,-10,-4,-3,-2,-1
1533864567171552,-1,0,3,-3,-2,-3,1,-1
1533864567184517,-2,-1,-13,0,2,-3,-2,-2
1533864567184517,-1,0,-4,-1,1,-2,-1,1
1533864567191499,0,-2,0,5,0,-2,-2,-3
1533864567191499,-2,-4,4,2,2,-3,0,-1
1533864567207456,-2,1,-6,-2,-2,0,0,-1
1533864567207456,-1,-3,-2,-2,-2,-3,0,1
1533864567209452,-1,-1,-15,0,0,0,-1,-2
1533864567209452,1,-1,7,-4,-5,0,-1,0
1533864567230399,-2,-2,-9,0,1,-2,-2,-2
1533864567230399,-1,2,0,-2,1,0,-5,-1
1533864567231408,0,-2,-1,-1,8,2,0,-1
1533864567231408,-3,-3,-1,-2,-13,-6,-3,-2
1533864567244557,-2,-1,-2,11,-3,-2,0,-1
1533864567244557,2,0,5,6,5,6,0,0
1533864567251340,-4,-4,-9,-21,-6,-5,-3,-3
1533864567251340,-3,-2,-19,-18,-7,1,-1,0
1533864567267300,-1,1,20,1,4,-1,0,-1
1533864567267300,-4,-4,0,0,-23,-5,-2,-1
1533864567269295,-1,-1,1,10,3,0,-1,-2
1533864567269295,1,-1,-1,-1,4,0,-1,-1
1533864567290237,0,1,-14,-7,0,0,-1,-3
1533864567290237,-1,-1,-1,1,4,-1,3,1
1533864567291233,-2,0,7,-1,-1,-1,0,0
1533864567291233,-3,-3,5,0,-4,-4,-1,-1
1533864567303204,0,-3,-7,1,-4,-4,-5,-3
1533864567303204,3,0,2,1,15,0,0,-2
1533864567313203,1,-2,-8,8,17,9,-2,0
1533864567313203,-2,2,5,-3,-16,-2,5,5
1533864567327137,-1,-2,-6,-9,-9,3,0,-1
1533864567327137,-6,-12,4,0,-11,-8,-4,-4
1533864567329135,-2,-2,-3,0,-2,2,1,-2
1533864567329135,-2,1,42,-5,1,0,-3,-3
1533864567350144,-3,-3,0,-2,0,1,1,1
1533864567350144,-1,3,-5,2,-10,-2,0,0
1533864567352089,2,1,3,7,3,2,1,-1
1533864567352089,-1,-9,-12,-7,5,-6,-3,-4
1533864567364042,-1,0,-13,-7,-2,-6,-4,-3
1533864567364042,-2,1,5,3,11,-1,-4,0
1533864567373014,0,3,2,-7,-10,0,0,1
1533864567373014,-2,1,-10,10,-3,1,1,2
1533864567387973,-2,-2,-2,-2,-2,-3,-1,-1
1533864567387973,-1,-2,-11,3,28,1,-3,-3
1533864567388973,-5,-3,0,0,-33,-19,-4,-1
1533864567388973,3,-2,-5,-14,0,4,0,-1
1533864567409915,-2,-2,-5,-3,-11,1,0,0
1533864567409915,1,2,3,-2,-2,4,0,3
1533864567411910,-4,-1,-9,-8,-16,-4,-2,-2
1533864567411910,-2,-2,0,13,17,-3,-3,-3
1533864567423878,0,-1,-6,0,2,-4,-3,-2
1533864567423878,1,0,-4,-5,1,-4,-3,-1
1533864567432858,-3,-4,-2,3,5,-2,-5,-2
1533864567432858,-1,1,-2,6,0,2,3,2
1533864567447819,-1,0,1,3,3,2,3,-1
1533864567447819,-1,0,0,-9,-5,-1,2,-1
1533864567448819,-2,0,0,4,11,0,2,0
1533864567448819,0,-4,-6,-15,-4,-3,-5,-1
1533864567469755,-2,-2,-2,-4,-2,-9,-7,-3
1533864567469755,-2,-2,-2,-8,-9,-1,0,-3
1533864567471750,0,-4,-1,0,0,3,-3,-1
1533864567471750,-1,-1,-2,3,3,6,-2,-1
1533864567483721,2,2,3,18,4,5,8,6
1533864567483721,-2,1,-8,-27,-13,-4,1,0
1533864567492694,-2,-2,0,-9,-3,-3,0,-2
1533864567492694,1,0,-2,5,7,-3,0,0
1533864567506792,-3,-4,-4,-5,1,-4,-6,-8
1533864567506792,1,-1,2,11,-2,-1,-1,-2
1533864567513641,1,-2,0,-5,6,0,-5,-1
1533864567513641,-1,-2,-2,-2,-7,-6,-7,-4
1533864567530595,1,-1,-1,1,4,6,7,3
1533864567530595,-2,-3,-3,-10,-7,-2,-2,1
1533864567531592,0,-1,-1,-1,0,-4,2,-4
1533864567531592,-1,-1,0,5,16,8,5,2
1533864567543558,0,-3,2,0,-3,4,0,1
1533864567543558,-3,-8,-3,-3,-7,-5,-1,-1
1533864567552548,-1,-5,-3,5,-5,-4,-5,0
1533864567552548,-1,0,0,-1,-2,-3,-2,-2
1533864567566702,-1,4,-2,-2,-1,2,1,-1
1533864567566702,0,2,-2,3,5,-1,-1,-2
1533864567573684,-1,4,1,-2,-3,-1,-1,-2
1533864567573684,1,4,1,-2,-1,0,-1,-1
1533864567590437,-3,-2,-3,0,0,-6,-4,-1
1533864567590437,-2,-1,0,-1,-5,-1,-1,-1
1533864567591442,-2,-2,0,-2,-5,1,3,-1
1533864567591442,-4,-2,-3,5,0,-1,-3,-1
1533864567603398,-1,0,0,-5,-2,-3,-1,-1
1533864567603398,-1,0,1,9,7,0,-1,-2
1533864567612376,-1,-2,-3,-1,9,-2,-6,-3
1533864567612376,0,-1,-1,-9,-2,3,6,1
1533864567627335,1,-1,2,-6,-7,3,7,4
1533864567627335,-3,-1,-3,14,6,-3,-1,-1
1533864567633535,-2,1,0,-1,-10,2,-1,1
1533864567633535,-3,2,1,5,-5,-1,-4,-3
1533864567650274,-3,4,-8,-8,-3,-6,-4,-3
1533864567650274,3,0,1,1,20,7,0,0
1533864567651271,-2,1,0,7,-4,-2,0,0
1533864567651271,-1,-9,-8,-11,-3,-6,-2,-5
1533864567663441,-1,-5,1,-5,-11,-3,-3,-4
1533864567663441,-1,0,-1,-3,-5,0,0,1
1533864567672214,1,2,-1,-1,10,1,0,1
1533864567672214,-1,4,0,5,-6,0,-1,-1
1533864567687174,1,-1,2,-2,4,0,-1,-1
1533864567687174,-1,-2,-4,4,-2,-7,-7,-4
1533864567694160,-3,-3,0,3,-4,0,0,-1
1533864567694160,0,1,3,0,-3,-2,2,0
1533864567710271,0,-1,-1,-5,1,-6,-9,-4
1533864567710271,-1,-5,-2,-4,-6,4,5,0
1533864567712108,0,0,-3,-1,8,3,3,1
1533864567712108,-1,-2,-2,-1,10,-4,-2,-1
1533864567724173,-4,2,0,-2,-17,-5,-1,-2
1533864567724173,-2,0,5,-4,-9,-2,0,0
1533864567739039,0,-4,-4,-4,-4,-2,-5,-3
1533864567739039,0,-4,-3,4,-4,-3,-3,-2
1533864567747231,0,-4,-3,4,17,1,-2,0
1533864567747231,-3,-1,-5,-3,-10,-7,-8,-5
1533864567753995,0,0,0,5,11,4,6,4
1533864567753995,-1,1,0,-7,-6,-1,3,3
1533864567769953,-2,-2,-4,-5,-15,1,2,-1
1533864567769953,-3,-1,-2,-5,-10,-2,-3,-2
1533864567771946,1,-2,0,6,12,-3,-7,-6
1533864567771946,-2,-3,-4,1,-7,-10,-8,-6
1533864567792895,1,-2,0,5,6,-2,1,2
1533864567792895,-2,0,0,3,-2,-2,-1,0
1533864567793888,-1,0,-2,-12,-3,-4,-3,-1
1533864567793888,0,1,1,4,3,4,4,2
1533864567806901,0,-3,-3,-5,-1,2,-1,-3
1533864567806901,-2,1,1,2,4,0,-3,-2
1533864567814067,-2,-3,-4,-2,-9,-4,-2,-2
1533864567814067,-2,-2,-5,1,-1,-4,-5,-4
1533864567830000,0,-2,-2,-2,-1,0,0,-2
1533864567830000,1,1,2,3,8,5,4,2
1533864567831787,-2,-2,-3,-6,-15,-4,-1,0
1533864567831787,-3,-2,1,-1,-3,-2,-4,-1
1533864567852731,-2,0,1,5,10,1,-3,0
1533864567852731,-2,-2,-3,-6,-12,-2,-1,-2
1533864567854726,0,-2,1,-4,1,-1,0,3
1533864567854726,0,0,-1,3,7,7,-3,-2
1533864567866771,0,-1,-2,-3,-1,-5,-4,-2
1533864567866771,-2,-3,-9,-2,-8,-5,-2,-1
1533864567874672,-1,-2,3,0,12,10,3,-1
1533864567874672,-2,2,-5,-4,-14,-7,2,2
1533864567889637,-1,-7,13,4,10,1,-1,-1
1533864567889637,-1,-1,-73,-4,-12,0,0,-4
1533864567891627,1,-13,23,-7,2,-1,1,-2
1533864567891627,-1,-5,5,4,3,4,1,1
1533864567912571,-1,-13,-92,-10,0,-1,1,-2
1533864567912571,-1,7,75,2,0,-2,-2,1
1533864567914567,-3,-6,-24,2,-4,-1,-3,-4
1533864567914567,0,7,46,1,1,1,-1,-4
1533864567926533,-1,-2,-13,-2,-7,-2,0,-2
1533864567926533,0,-2,-6,0,5,2,2,4
1533864567935510,0,5,-14,2,-1,-2,-2,1
1533864567935510,-3,-6,-19,-1,-5,-4,0,-1
1533864567950564,-3,2,12,-2,-13,-1,-2,-3
1533864567950564,1,0,0,-2,3,2,1,-3
1533864567951480,-2,5,16,-3,-7,-1,0,-1
1533864567951480,-1,-5,-25,-6,1,-3,0,0
1533864567972415,-2,0,15,1,3,-3,-3,-1
1533864567972415,-1,-2,-90,-8,-1,-3,-5,-5
1533864567974406,0,-3,80,8,1,-2,5,3
1533864567974406,-1,-2,-61,0,-5,-2,-3,0
1533864567995360,2,23,51,-5,0,3,-1,-1
1533864567995360,-2,-2,44,7,3,2,4,2
1533864567996367,-4,-5,-27,-1,-3,-1,-1,-2
1533864567996367,-3,-1,-1,-4,0,-3,-1,-2
1533864568017290,-2,-3,15,3,-4,0,0,-1
1533864568017290,0,4,-17,-6,0,-3,-3,-2
1533864568019285,1,8,-94,-18,-5,-5,-6,-6
1533864568019285,2,-11,85,18,7,4,6,4
1533864568032254,-4,-5,-116,-10,-2,-3,-2,-3
1533864568032254,1,-9,64,6,1,-1,0,1
1533864568034245,3,5,47,10,1,0,-2,0
1533864568034245,2,15,35,-5,-1,2,1,0
1533864568046217,-3,-13,20,6,-1,0,1,-1
1533864568046217,-3,-1,7,10,-1,1,1,0
1533864568055200,-3,3,0,-3,-5,-5,-5,-3
1533864568055200,-3,-4,-36,-8,-4,-5,-1,-2
1533864568070150,2,2,49,6,7,3,-1,1
1533864568070150,-1,4,-48,-15,-4,-4,-5,-2
1533864568072156,1,0,-23,3,1,0,-2,1
1533864568072156,-3,1,-1,-6,-6,-2,-3,-5
1533864568093124,-2,-5,-5,-2,-5,-3,0,-2
1533864568093124,-3,2,-1,-1,11,-1,1,0
1533864568094104,-1,-6,-70,-11,-10,-3,0,0
1533864568094104,-3,-4,4,-5,1,-1,1,-5
1533864568106069,1,-2,-68,-9,0,-1,-6,-2
1533864568106069,-2,9,-120,-17,-7,-2,-5,-7
1533864568123009,0,-8,126,30,10,2,3,5
1533864568123009,-6,-26,12,5,-5,1,1,3
1533864568129990,-4,-12,-73,-4,-3,-1,3,-1
1533864568129990,-3,7,22,6,0,-1,1,1
1533864568131985,-2,-3,-41,-14,-7,-1,-3,-4
1533864568131985,2,10,-33,-5,-3,-4,-3,-2
1533864568152928,2,-6,8,0,3,-2,-2,-2
1533864568152928,2,-11,20,1,-1,2,2,3
1533864568153925,-1,6,6,-2,3,-2,-2,-2
1533864568153925,1,2,-9,-2,-2,1,-4,0
1533864568165900,0,5,28,0,-2,-6,-2,-1
1533864568165900,-1,-4,31,-1,-8,-3,-1,0
1533864568175011,-3,-4,-5,-2,3,0,2,-2
1533864568175011,0,1,-63,-3,6,3,0,-2
1533864568189830,-4,0,27,0,2,-1,-2,-1
1533864568189830,-2,-4,17,-1,-18,-4,2,3
1533864568191824,2,0,-4,2,16,2,-5,-2
1533864568191824,0,-13,-93,-12,4,5,2,-1
1533864568212774,-1,5,55,6,-3,-7,-3,1
1533864568212774,0,-4,10,3,1,1,-1,-1
1533864568213765,-5,19,-54,-13,-16,-9,-5,-6
1533864568213765,1,-7,27,10,8,-1,-1,-2
1533864568226736,4,4,8,-3,2,2,2,2
1533864568226736,-2,7,29,4,4,1,0,3
1533864568234913,-4,-5,-23,-5,-4,0,1,-2
1533864568234913,0,3,25,2,-3,-2,-2,-2
1533864568250668,0,1,-7,-1,-2,-1,-1,-3
1533864568250668,1,-11,6,2,3,1,1,-2
1533864568251664,-1,-3,6,6,0,1,-1,-1
1533864568251664,2,4,17,-7,11,-1,-2,0
1533864568272717,-4,-2,12,8,-20,-3,-2,0
1533864568272717,-1,-3,-57,-8,0,-3,1,-2
1533864568273605,-2,-1,30,2,-5,-2,-2,2
1533864568273605,-3,2,14,6,-6,-3,-1,1
1533864568286571,-2,2,2,-2,14,-4,-4,-4
1533864568286571,-1,6,7,-1,18,5,0,2
1533864568295551,2,-12,14,2,-2,-1,1,4
1533864568295551,2,3,-11,-16,-15,-3,0,-1
1533864568310530,4,5,5,6,15,8,1,0
1533864568310530,-6,-30,-7,-3,-13,-9,-5,-8
1533864568311505,2,1,2,-4,-8,1,-4,-2
1533864568311505,-5,3,25,19,-4,-3,-1,1
1533864568332622,-1,-5,-14,-20,-12,-3,-1,-1
1533864568332622,-1,8,11,3,-3,-1,-2,0
1533864568334452,-2,-1,-11,-3,-2,-2,1,-3
1533864568334452,0,0,-4,-3,5,-3,0,-1
1533864568346596,-2,4,3,6,8,7,1,0
1533864568346596,-1,-1,14,-1,-9,-5,-1,-1
1533864568355388,0,-6,-2,-1,2,-1,-2,-1
1533864568355388,0,7,-5,-3,-4,-2,-4,-4
1533864568369351,1,-13,26,2,-1,-5,0,0
1533864568369351,-1,25,-4,-1,7,5,-1,0
1533864568376431,-4,11,16,-6,9,1,1,-1
1533864568376431,-5,-19,7,6,-15,-3,-1,-2
1533864568392373,-1,-7,-21,-1,-7,-3,-4,-3
1533864568392373,3,-8,-2,-13,18,0,-3,-1
1533864568394364,-6,1,-42,11,-19,-5,4,-1
1533864568394364,-1,16,33,1,4,5,0,2
1533864568406336,1,28,96,16,1,1,2,2
1533864568406336,-2,-25,18,5,-1,-2,-2,-4
1533864568415309,0,-23,6,-15,2,1,0,-2
1533864568415309,0,-8,-38,-9,-7,-6,-4,2
1533864568430288,-6,2,-70,-7,-6,-2,-2,-9
1533864568430288,1,9,26,2,0,0,0,0
1533864568431266,-2,16,-7,-2,9,1,-3,-2
1533864568431266,-1,-15,25,5,-12,-3,-1,1
1533864568452210,1,16,14,2,1,-2,0,1
1533864568452210,-1,-3,-30,1,-3,2,0,1
1533864568454204,-2,-23,19,2,-1,-2,-1,-3
1533864568454204,-2,20,12,-7,4,-1,0,-2
1533864568466309,-2,-26,-4,-3,-2,0,1,2
1533864568466309,-1,0,23,6,-3,-1,-3,-2
1533864568475148,0,-2,9,1,-9,-6,-2,-1
1533864568475148,1,3,-26,0,5,1,-2,-1
1533864568489111,1,-7,-3,-3,30,2,-2,0
1533864568489111,-5,-6,-23,-7,-34,-8,-2,0
1533864568498087,0,4,-75,-11,1,3,-1,-3
1533864568498087,4,3,-43,-4,-3,-3,-1,-3
1533864568513047,-1,10,-12,0,5,5,-1,-2
1533864568513047,-1,-14,67,11,-3,-1,-3,0
1533864568514045,-2,-2,18,-16,-8,-8,-8,-5
1533864568514045,-6,-10,73,19,6,5,6,5
1533864568526016,-6,-1,-92,-11,-5,-2,-1,-1
1533864568526016,7,-3,103,15,10,1,3,4
1533864568534989,-7,1,-25,-1,-8,2,0,0
1533864568534989,0,-6,-11,-8,1,0,-5,-5
1533864568549951,1,-2,12,-2,-9,-3,-1,0
1533864568549951,-4,-3,-81,-12,-2,-1,-3,-3
1533864568551943,0,3,11,3,0,-3,-2,-1
1533864568551943,-5,-2,-24,-9,2,0,-3,-2
1533864568572890,1,6,15,4,-9,-4,-2,-1
1533864568572890,-1,-11,-51,-10,-6,-4,-4,-5
1533864568573897,1,9,37,8,6,3,3,2
1533864568573897,-2,0,-9,0,-1,-1,1,-1
1533864568585852,-2,6,10,-7,-13,-4,-4,-2
1533864568585852,-4,-10,-73,-8,6,1,0,-2
1533864568594830,7,18,67,16,3,0,0,4
1533864568594830,-1,-7,87,11,1,0,2,2
1533864568609788,-3,-2,5,-2,-4,-2,0,-1
1533864568609788,-1,10,-2,1,3,1,-1,0
1533864568615775,0,-5,-19,0,-1,-2,1,0
1533864568615775,-1,11,-60,-10,-4,-7,-4,-3
1533864568632730,0,-9,30,5,0,0,1,-1
1533864568632730,-1,-3,16,-2,2,-2,-1,-2
1533864568633724,-1,-7,-29,-8,-2,-2,-2,-2
1533864568633724,1,7,4,-3,0,-1,-2,-3
1533864568646693,-1,-12,-16,-4,0,4,1,0
1533864568646693,-3,7,-13,0,-1,-2,0,-2
1533864568655674,-2,-5,-11,-1,2,-2,-2,-2
1533864568655674,1,-2,-10,0,3,-2,-2,0
1533864568669629,0,-4,8,-3,-8,-2,-2,0
1533864568669629,-1,3,-13,-5,5,-3,-4,-3
1533864568676779,0,-3,8,7,-3,1,3,2
1533864568676779,-6,-8,-43,-10,-5,-2,-5,-4
1533864568699551,0,0,-8,-2,-6,0,0,0
1533864568699551,0,-6,31,7,7,1,1,0
1533864568701543,-1,-2,2,-10,-6,0,2,-1
1533864568701543,-3,0,-36,6,5,-2,0,-2
1533864568714512,-3,-19,-87,-25,-12,-7,-5,-4
1533864568714512,3,15,103,9,-6,-1,0,1
1533864568716503,-6,-11,-24,-2,1,-2,-4,-3
1533864568716503,2,-5,14,3,2,2,0,1
1533864568729470,-4,-2,0,3,4,-1,-1,1
1533864568729470,-1,11,-29,-5,-3,-3,-1,-2
1533864568736449,-1,-11,-8,0,0,-2,-2,-1
1533864568736449,0,-1,-12,-8,-4,-1,-3,-2
1533864568751413,0,7,21,7,5,-2,-2,0
1533864568751413,-4,-1,-27,-8,-7,-1,-2,-3
1533864568752407,3,0,44,1,2,0,-1,0
1533864568752407,-2,-2,-28,-7,-5,0,0,-2
1533864568774348,1,-3,27,5,1,-2,0,0
1533864568774348,1,5,-1,-1,5,-1,1,0
1533864568775345,-3,6,-38,-6,-8,-2,0,-6
1533864568775345,2,4,15,3,0,0,1,6
1533864568788311,-3,-14,13,-1,-3,-2,1,-3
1533864568788311,-2,-1,-15,-12,-4,0,-2,-3
1533864568797287,0,-13,-106,-7,2,-2,-4,-4
1533864568797287,0,21,60,-3,15,1,-1,-1
1533864568812261,-7,-8,-6,-3,-34,-10,-2,-1
1533864568812261,-4,-8,-23,25,5,-1,0,-1
1533864568812261,-1,-7,25,-16,-7,-4,-4,0
1533864568812261,-2,3,-28,-3,-4,0,-2,-4
1533864568851146,2,-1,-11,0,12,3,-1,-1
1533864568851146,-3,-5,-13,-4,-4,-1,0,-1
1533864568851146,0,7,7,6,-1,0,-2,0
1533864568851146,-1,-12,10,2,-2,-1,0,1
1533864568853143,2,11,31,1,3,0,0,-3
1533864568853143,-1,-7,-14,-6,-7,-4,-1,0
1533864568864111,0,4,16,6,8,1,2,1
1533864568864111,0,-7,-4,-6,-5,-1,0,-1
1533864568872087,-2,-8,-18,-1,3,2,2,-3
1533864568872087,-1,5,-2,-6,-3,1,0,-2
1533864568872087,-3,-1,13,3,2,-1,-3,-2
1533864568872087,0,-5,3,-7,-3,-3,0,-2
1533864568894031,-3,2,-7,-2,1,-2,-3,-1
1533864568894031,2,-7,-10,11,0,-4,-3,-1
1533864568895025,-1,12,17,2,-2,0,-1,1
1533864568895025,-4,12,-2,8,-2,0,0,-1
1533864568909001,3,-6,70,3,9,1,-1,1
1533864568909001,-2,4,-50,-32,-4,-2,-3,-3
1533864568916970,2,-8,23,4,-3,-2,1,1
1533864568916970,-1,-18,90,-2,-1,1,6,10
1533864568931930,-7,2,-18,26,6,-1,-7,-5
1533864568931930,-1,-1,16,-3,3,2,-4,-4
1533864568932924,1,6,-27,-2,-5,-1,-9,-7
1533864568932924,2,-2,-38,-6,-1,0,6,3
1533864568954867,4,3,6,-7,-1,0,2,18
1533864568954867,-2,-5,0,8,1,-1,-4,-15
1533864568954867,-1,1,-13,-2,2,0,3,3
1533864568954867,-1,-5,-7,-1,-5,-3,-7,1
1533864568969826,1,-2,-18,-1,-3,-2,6,-3
1533864568969826,2,7,-2,-4,-4,0,-4,0
1533864568977006,-4,-5,5,-5,-5,-4,0,-2
1533864568977006,-2,-4,-3,9,8,-1,-6,-10
1533864568991772,-1,2,-8,18,5,1,8,9
1533864568991772,2,0,7,0,-2,0,-5,-13
1533864568992764,-5,-6,7,-21,-6,-2,1,5
1533864568992764,-3,-4,-22,7,-5,-3,-3,3
1533864569014705,-2,3,-14,0,-9,-4,-7,-11
1533864569014705,2,-2,8,19,17,3,6,7
1533864569014705,4,0,28,4,-1,3,0,-1
1533864569014705,-6,2,-17,-14,4,-6,-6,-6
1533864569028676,-1,0,1,7,7,0,1,-1
1533864569028676,-2,1,26,-5,-14,-5,-1,0
1533864569036647,-1,8,-26,4,-6,-5,-3,-4
1533864569036647,-2,-24,-62,-10,5,-1,-1,-8
1533864569051610,-1,-16,28,-22,-1,6,3,5
1533864569051610,-3,-16,-62,-3,-4,-6,3,3
1533864569052626,1,6,69,7,5,7,4,1
1533864569052626,-2,6,-7,-5,-13,-4,-5,3
1533864569074549,6,5,-13,25,12,-7,-16,-29
1533864569074549,8,5,-3,-12,-8,-1,3,32
1533864569075543,-15,-6,-32,-25,-18,-3,3,-46
1533864569075543,-10,0,27,-12,8,3,0,16
1533864569088511,-2,-4,-27,-69,-35,-13,-9,1
1533864569088511,9,-1,15,28,-2,2,-1,-3
1533864569096490,9,1,-7,14,7,2,2,13
1533864569096490,-1,4,6,3,0,4,0,1
1533864569112464,1,5,-8,5,8,5,2,-3
1533864569112464,3,0,6,1,-4,-11,-13,-4
1533864569112464,-48,-9,-7,3,1,-10,-3,16
1533864569112464,8,1,2,17,6,8,10,-14
1533864569134385,-3,-1,-5,2,0,-5,-12,12
1533864569134385,-4,3,13,-3,-1,3,9,-7
1533864569135386,8,0,-3,6,7,8,0,2
1533864569135386,1,-2,4,-5,-6,-7,2,-3
1533864569148351,-4,3,1,8,6,11,16,7
1533864569148351,-8,0,8,-14,0,12,-4,-4
1533864569157324,7,-2,-13,-4,5,-8,-4,-5
1533864569157324,1,4,1,7,6,-8,-7,-1
1533864569172288,5,8,3,-8,-32,-8,0,-3
1533864569172288,-1,0,-5,-2,3,-3,-2,-4
1533864569172288,5,-15,-16,-1,-5,2,-4,2
1533864569172288,-7,-11,-42,2,-5,-2,-4,-10
1533864569194226,-3,-6,13,3,11,-1,-2,-6
1533864569194226,-3,7,5,-4,-1,-1,-1,1
1533864569195285,14,8,1,6,0,1,2,4
1533864569195285,9,-3,-55,-11,-2,-5,-5,2
1533864569218161,-9,1,40,-3,2,-1,0,-6
1533864569218161,-22,3,4,-5,-5,-2,-1,-2
1533864569218161,10,-14,-10,-3,4,-1,-5,-3
1533864569218161,-7,-5,14,8,1,0,0,-4
1533864569232123,2,4,-26,-9,-2,-1,-1,4
1533864569232123,6,-2,23,36,-8,-4,2,1
1533864569233124,-10,3,-1,-2,-2,-1,-5,-3
1533864569233124,13,4,-31,-29,-1,3,4,3
1533864569254100,8,20,0,2,30,7,1,0
1533864569254100,-9,-18,-23,-23,-33,-19,-2,-4
1533864569255062,-4,-5,6,33,7,-2,-4,-3
1533864569255062,4,-11,2,3,-21,-1,-3,0
1533864569278001,3,-17,-3,-1,4,1,-5,-4
1533864569278001,-3,3,16,-5,18,6,0,-5
1533864569278001,4,3,-5,-9,0,-2,2,-1
1533864569278001,1,10,39,8,-2,-3,-3,0
1533864569291973,3,0,-14,4,0,2,4,2
1533864569291973,-16,5,-2,-3,7,1,-3,-1
1533864569292961,8,11,0,-8,-2,-2,-2,0
1533864569292961,-14,-6,9,-2,1,-1,-3,-8
1533864569314913,-2,23,19,6,-11,-5,-1,-1
1533864569314913,16,49,13,3,19,1,0,6
1533864569314913,-2,18,-8,-11,-9,-1,0,1
1533864569314913,-13,-59,10,7,1,5,-4,-6
1533864569337849,0,-14,-33,-10,-40,-6,-2,-3
1533864569337849,-5,-126,-70,-24,4,-7,-5,-6
1533864569337849,1,16,5,35,15,2,1,2
1533864569337849,-3,54,5,-31,-14,-6,-3,-1
1533864569351823,-2,9,61,15,20,4,-2,-3
1533864569351823,5,31,0,14,-17,0,-3,-2
1533864569352830,-13,-20,-9,-22,-12,-5,-1,0
1533864569352830,1,0,-12,-23,-5,-6,-2,0
1533864569374945,-4,5,-3,-8,7,0,-2,-4
1533864569374945,1,13,17,15,11,7,4,3
1533864569374945,1,-6,4,22,10,7,17,20
1533864569374945,0,10,16,19,-7,-7,-20,-36
1533864569388713,3,-3,-14,25,5,-1,-4,7
1533864569388713,-8,-10,-1,-18,3,2,-2,-12
1533864569396694,-3,1,-5,-39,-39,-4,21,26
1533864569396694,-8,-14,-7,-11,20,3,-1,46
1533864569419631,-11,-7,-15,31,4,-4,-17,-85
1533864569419631,1,-1,-2,-15,2,-1,-2,10
1533864569420628,3,1,12,20,15,-4,-24,-41
1533864569420628,3,5,13,7,-19,4,20,18
1533864569434594,-3,-13,-11,-12,10,11,10,29
1533864569434594,-3,11,10,48,25,-3,-3,-1
1533864569435595,2,0,-1,-9,-18,-2,-1,-5
1533864569435595,1,-9,-12,-51,-19,-9,-4,-4
1533864569448555,1,-3,-5,19,-3,2,5,15
1533864569448555,-10,13,1,-7,5,0,-12,-4
1533864569456534,1,-12,3,41,10,2,-6,-1
1533864569456534,0,-7,-6,14,-4,-2,1,-7
1533864569471495,-1,-3,-4,-22,-10,-8,1,10
1533864569471495,-6,-1,-2,11,-4,1,-4,-20
1533864569472489,1,0,-5,-6,7,-4,-5,-10
1533864569472489,3,13,17,31,15,4,-4,-15
1533864569494627,-6,0,-6,-44,-12,2,14,30
1533864569494627,5,-2,1,12,-2,0,6,13
1533864569495435,2,-1,4,9,10,1,-7,-8
1533864569495435,6,13,12,-21,6,5,4,-5
1533864569517400,-12,-16,-23,-75,-47,-18,-11,0
1533864569517400,1,-15,-11,-6,-17,-3,0,-6
1533864569518394,-7,2,-7,-28,-10,-2,-6,-5
1533864569518394,2,-1,5,60,13,0,4,6
1533864569531363,3,1,1,31,18,0,-4,-5
1533864569531363,1,8,1,-21,-10,0,1,-5
1533864569532357,0,-6,-2,-11,4,2,5,12
1533864569532357,0,2,3,16,4,-2,-2,-2
1533864569554298,0,-2,-3,-3,0,-1,-1,-8
1533864569554298,1,-3,-40,-10,-3,-1,4,4
1533864569555296,2,0,28,-1,-1,-1,0,2
1533864569555296,0,-1,14,-13,-10,-4,-5,-6
1533864569577240,-1,-4,-2,2,7,0,-5,-3
1533864569577240,1,1,1,-1,-1,-3,4,7
1533864569578235,-2,-4,-13,-1,0,-3,-2,-2
1533864569578235,-2,0,-8,-12,-6,-2,-4,-6
1533864569592200,3,-1,4,6,3,-1,0,1
1533864569592200,4,14,17,4,-7,-3,-5,0
1533864569592200,1,9,-33,-15,-2,-3,-4,-4
1533864569592200,-9,-10,14,6,2,1,4,-2
1533864569614138,0,-7,-4,14,6,2,3,7
1533864569614138,-8,-1,5,-16,-9,0,-1,-10
1533864569615135,-3,-1,-7,-8,-4,-1,-5,-3
1533864569615135,6,0,-11,4,2,-2,-2,-1
1533864569637076,-6,0,-3,4,3,-3,3,7
1533864569637076,12,6,1,-10,-7,0,-5,-8
1533864569638073,4,-3,3,2,3,0,3,17
1533864569638073,-14,13,8,1,-2,2,8,22
1533864569652036,53,-8,7,-1,-1,-3,-19,-58
1533864569652036,-36,-7,5,-6,-1,-2,1,-7
1533864569653061,-16,-12,29,5,2,-1,-3,-4
1533864569653061,3,-3,-9,-2,0,-1,-2,-7
1533864569682954,7,-15,3,5,1,0,5,23
1533864569682954,11,4,3,1,-1,-3,1,3
1533864569682954,-1,-2,-10,0,-4,-3,-1,-6
1533864569682954,-2,2,-12,-1,0,0,-2,4
1533864569697958,-21,7,-23,1,-3,0,1,1
1533864569697958,9,9,64,-1,-2,-2,0,1
1533864569697958,-4,14,11,-5,-2,-4,0,2
1533864569697958,-1,-30,-76,-1,-1,-2,-3,-12
1533864569711880,0,-16,25,-11,4,7,3,11
1533864569711880,6,15,3,-7,-2,1,-1,5
1533864569712875,14,-5,5,1,-4,-6,-3,0
1533864569712875,14,-5,-22,13,14,-1,-2,-12
1533864569734819,-60,-2,-96,-35,-32,-19,-14,-20
1533864569734819,-2,8,77,3,-10,1,1,5
1533864569734819,-11,-42,-15,-29,-6,1,-4,-13
1533864569734819,8,-24,20,12,28,3,0,0
1533864569757757,0,-5,-43,4,-12,-4,-1,5
1533864569757757,-1,13,-40,-6,-27,-4,-2,1
1533864569758752,2,21,-39,6,-23,-24,-21,-10
1533864569758752,6,15,14,20,26,-28,-23,-11
1533864569771720,7,7,15,1,36,37,40,10
1533864569771720,-1,0,-22,-41,-33,50,23,18
1533864569772719,-6,-6,30,16,7,7,16,7
1533864569772719,-9,-3,-6,-15,-24,-5,-5,0
1533864569794655,5,18,44,17,-10,-38,-32,-12
1533864569794655,9,-24,-33,6,28,-17,-6,-12
1533864569794655,0,-10,-28,-11,15,15,10,9
1533864569794655,-4,14,31,-1,0,13,7,3
1533864569817958,0,10,1,7,-1,5,-1,1
1533864569817958,4,-11,-6,27,-9,-7,-6,-2
1533864569817958,9,2,-23,24,34,7,1,0
1533864569817958,4,16,81,-55,-36,-15,-7,-7
1533864569831849,-11,-18,-48,-16,-36,-8,-9,-3
1533864569831849,3,-25,50,44,56,7,0,3
1533864569832804,-5,-1,-66,-6,-53,-11,-3,-7
1533864569832804,-6,-6,57,24,23,10,11,5
1533864569854744,12,-14,-50,-43,49,23,9,0
1533864569854744,-19,-1,104,-12,-42,-34,-15,-7
1533864569854744,-6,2,6,1,0,9,0,-2
1533864569854744,-2,-3,-62,8,-19,10,4,2
1533864569877686,8,26,127,30,45,-6,-1,7
1533864569877686,5,4,-88,2,18,7,3,-1
1533864569878680,12,8,9,-10,19,4,2,5
1533864569878680,1,-3,-90,-25,-32,-4,-5,1
1533864569891644,-2,0,6,11,2,-5,-2,-4
1533864569891644,0,-7,-26,-4,3,-3,1,-1
1533864569892642,-3,2,39,5,-9,-8,-6,0
1533864569892642,-4,-3,-11,-4,7,2,-2,-9
1533864569914587,3,5,-18,10,-26,-3,-2,8
1533864569914587,-4,-5,-28,-11,-5,-11,-4,0
1533864569915584,-6,-6,-8,6,15,3,-4,-5
1533864569915584,1,7,5,8,19,4,5,4
1533864569937523,-3,-6,7,7,-29,-6,-3,-3
1533864569937523,1,4,-6,-22,-29,-6,-3,-5
1533864569938523,-3,-1,8,4,15,-1,-1,-3
1533864569938523,-8,-2,8,-13,11,-3,-2,-5
1533864569951485,-2,1,12,14,0,3,0,3
1533864569951485,0,-3,-21,10,-4,1,-1,-4
1533864569952482,3,2,7,3,24,-7,-3,-3
1533864569952482,0,-10,29,5,-12,12,4,4
1533864569974620,-4,-3,-4,1,4,2,0,-1
1533864569974620,-5,-5,-57,2,-3,-4,-4,-2
1533864569975448,-1,-5,66,17,-11,0,0,-1
1533864569975448,-4,0,2,-24,9,-8,-5,4
1533864569997420,3,1,-3,9,-7,-2,-1,-2
1533864569997420,3,4,59,-12,-6,-16,-8,-6
1533864569998359,3,7,20,-8,8,5,5,-3
1533864569998359,-3,-1,-7,21,-6,13,8,1
1533864570011324,-4,-1,12,-3,22,14,9,4
1533864570011324,2,2,-13,-2,0,4,0,3
1533864570012321,0,12,-14,-4,-10,-10,-8,-3
1533864570012321,3,3,7,-5,-10,-13,-4,-2
1533864570034264,-10,-61,28,2,-5,1,-1,-3
1533864570034264,-6,-18,-11,14,-4,-6,-6,-5
1533864570035260,0,0,-57,-25,-27,-5,-4,-4
1533864570035260,8,-7,-70,-26,2,-4,-6,-8
1533864570057406,-10,24,27,7,-8,-1,1,1
1533864570057406,-2,2,-18,-6,26,4,4,2
1533864570058199,-3,1,25,-5,-10,1,3,3
1533864570058199,-7,4,-30,4,-15,-6,-4,-5
1533864570071171,9,11,-11,-14,10,-2,-4,-3
1533864570071171,-4,4,9,-4,5,5,2,1
1533864570079144,0,-4,-35,-2,-9,0,0,3
1533864570079144,-1,-1,17,8,3,-2,-2,2
1533864570094107,-1,-16,2,-2,-2,-3,-1,1
1533864570094107,0,1,1,5,-1,4,4,0
1533864570095101,1,11,3,0,1,-1,1,1
1533864570095101,-5,-22,7,-5,-3,-1,1,1
1533864570117287,-2,6,-2,4,-8,-10,-4,-4
1533864570117287,2,-8,-40,3,7,1,-3,-2
1533864570118282,-2,-13,1,-4,-22,-6,-3,-5
1533864570118282,-2,9,14,5,-3,4,-1,-3
1533864570132249,2,18,-25,-5,-11,-2,-2,-3
1533864570132249,3,1,9,0,14,1,-1,1
1533864570132249,-5,-4,2,12,13,1,3,2
1533864570132249,-2,5,14,4,-4,-2,-1,0
1533864570154186,0,6,-15,-13,-14,-6,-2,-2
1533864570154186,5,12,3,-5,-6,3,-2,-2
1533864570155182,-2,-2,-6,-8,6,2,-2,-2
1533864570155182,-6,-21,34,5,-5,-4,-3,-4
1533864570178125,-3,-10,-8,-4,4,-2,0,0
1533864570178125,-1,1,15,-2,-4,-4,-1,0
1533864570178125,0,2,-5,-5,-3,-1,-1,-1
1533864570178125,3,9,4,4,6,-2,0,2
1533864570192096,2,4,-16,-2,-2,-4,-5,-4
1533864570192096,1,17,54,-1,-2,0,1,0
1533864570193092,-2,-8,16,-2,2,1,2,1
1533864570193092,-3,4,-10,1,-4,0,0,-2
1533864570215022,-1,-7,-51,-10,-2,-1,-2,-2
1533864570215022,-2,-12,-55,3,13,-2,-2,-2
1533864570215022,-1,-9,3,-1,-2,-1,-3,0
1533864570215022,0,11,-11,-10,-2,-5,-1,-4
1533864570237962,-6,-6,-33,3,-5,-1,1,1
1533864570237962,-4,-13,-5,0,-6,-2,1,-1
1533864570238960,-3,6,-22,-14,1,-1,-2,-2
1533864570238960,0,-4,-9,8,-1,-2,0,1
1533864570250930,1,9,10,-8,1,-2,-2,-3
1533864570250930,-1,-2,-5,-4,3,0,-1,-1
1533864570258905,0,6,-13,2,2,0,-3,-1
1533864570258905,2,9,16,13,4,4,-1,2
1533864570274867,-7,-14,-1,7,-12,-4,-5,-4
1533864570274867,-3,-12,7,-22,-7,0,1,0
1533864570274867,-2,-7,-14,-2,-2,-3,0,-1
1533864570274867,0,3,-5,-5,1,1,0,0
1533864570297801,3,5,17,8,13,3,1,0
1533864570297801,-4,-2,-7,0,-20,-3,2,0
1533864570298803,1,0,9,10,-1,-5,-2,-1
1533864570298803,-3,-3,-2,4,-1,-2,-1,1
1533864570310767,-1,0,13,-6,-19,-7,-2,-2
1533864570310767,4,6,-5,-11,34,3,-2,-2
1533864570319743,-2,-2,9,11,4,9,2,0
1533864570319743,-7,2,5,6,-6,-2,-1,2
1533864570334712,-3,-4,-2,-3,0,1,0,0
1533864570334712,0,-9,-14,-3,-12,-5,-1,-1
1533864570334712,-1,-7,3,-5,1,-7,-2,-2
1533864570334712,0,2,3,-1,3,-1,1,-2
1533864570357641,2,11,-1,-2,3,-3,1,1
1533864570357641,-2,-3,0,-5,-4,-5,-2,-1
1533864570358639,-1,-4,11,-1,-5,-8,-4,-2
1533864570358639,-2,-3,-13,-8,-6,1,-2,-2
1533864570371604,2,7,13,0,9,9,4,6
1533864570371604,-2,2,6,10,4,1,1,-2
1533864570379586,-1,-2,-6,2,-3,-2,-2,-2
1533864570379586,1,-3,-2,-31,-23,-7,-6,-3
1533864570394546,-2,-4,-3,30,13,1,-3,-5
1533864570394546,-4,0,-1,-6,20,3,-1,-1
1533864570395540,-3,-3,-7,8,-33,-8,-1,-1
1533864570395540,3,-5,2,3,4,-2,-3,-4
1533864570417485,1,0,9,0,29,-2,-4,0
1533864570417485,-6,-2,-11,-29,-56,-7,-4,-9
1533864570418479,-2,4,5,-6,19,8,3,9
1533864570418479,3,0,1,-2,-5,6,5,5
1533864570441417,1,-2,0,10,-1,-4,5,2
1533864570441417,3,8,5,16,21,10,-4,-5
1533864570444410,2,-3,1,-7,7,2,-5,-2
1533864570444410,-3,-6,-7,4,-2,-8,1,4
1533864570447415,1,-7,0,-11,-6,2,-2,-1
1533864570447415,0,-2,-1,9,0,-2,2,6
1533864570455380,-1,2,1,-20,-12,0,-4,-6
1533864570455380,-4,3,-5,11,14,-1,0,1
1533864570469342,-6,8,14,-8,-21,-7,-3,-6
1533864570469342,-6,-37,-14,-1,-6,-4,-7,-4
1533864570470341,-4,-7,-15,-3,-6,-13,-11,-12
1533864570470341,1,-2,2,-7,10,4,4,2
1533864570483308,2,2,-10,25,4,9,4,1
1533864570483308,2,10,5,11,-7,-2,-1,-1
1533864570491500,0,1,-1,-32,3,-1,7,15
1533864570491500,-9,-7,-4,-1,-24,-11,-6,-19
1533864570506247,0,0,1,9,-5,3,4,0
1533864570506247,-2,8,7,-5,8,14,13,5
1533864570513234,3,2,8,15,4,0,2,2
1533864570513234,3,4,2,-4,6,-1,-5,2
1533864570529186,-1,10,4,-3,-11,-6,-3,-6
1533864570529186,3,5,-2,7,12,-5,-6,-3
1533864570530180,-2,-17,-3,-6,0,0,-4,-5
1533864570530180,1,-2,-7,-1,6,5,3,-2
1533864570544146,-1,-9,-2,-9,-2,-3,-6,-1
1533864570544146,-5,10,3,-7,-4,-8,-1,1
1533864570551124,7,3,0,5,-2,3,1,0
1533864570551124,-20,-15,-2,7,0,1,-3,-3
1533864570566120,1,-4,-3,-18,3,-2,0,2
1533864570566120,17,22,4,8,-8,-2,2,4
1533864570574267,-29,-17,-26,-9,0,1,-1,-4
1533864570574267,4,2,-1,0,-1,-3,-1,1
1533864570589185,1,2,-9,-15,-4,-3,0,1
1533864570589185,3,-15,10,4,5,0,0,0
1533864570590021,9,8,4,-1,6,4,3,-2
1533864570590021,2,1,1,7,-5,-2,1,0
1533864570605001,1,-3,-7,-10,2,-2,0,1
1533864570605001,-6,1,-6,-4,-4,-2,-3,0
1533864570610982,3,4,4,7,1,-1,-1,0
1533864570610982,2,-2,-3,-6,0,-2,0,1
1533864570625928,-3,-4,-1,1,-3,0,-1,0
1533864570625928,-4,2,10,4,4,-2,-3,-4
1533864570633902,-1,-1,1,3,-7,-2,0,-4
1533864570633902,0,3,2,-2,2,2,1,0
1533864570649859,0,0,-3,-1,-2,-1,-1,-2
1533864570649859,-5,-2,-5,-4,-1,-4,-1,-1
1533864570649859,2,1,6,4,3,0,0,-1
1533864570649859,2,-1,-53,-5,-3,-3,-2,-1
1533864570663835,-4,1,3,-5,0,-2,-4,-2
1533864570663835,-4,-10,4,-2,0,0,2,-1
1533864570671801,1,3,4,6,0,-1,-2,-1
1533864570671801,-2,0,9,6,4,0,0,0
1533864570685764,-4,-3,-60,-14,-11,-1,-2,-2
1533864570685764,-1,0,15,1,2,-2,1,-1
1533864570693747,3,2,-2,-4,2,-3,-2,-1
1533864570693747,-1,2,11,-1,3,-2,-1,1
1533864570708707,-5,-4,-3,-6,-3,0,0,-3
1533864570708707,4,3,-2,-8,7,4,0,1
1533864570716681,-4,-2,-3,19,-26,-7,-3,-2
1533864570716681,-1,2,6,3,9,2,-1,-2
1533864570723885,-1,0,17,-5,-10,-1,1,0
1533864570723885,-4,-4,-17,4,-8,-3,-2,-1
1533864570731642,2,2,11,-7,8,1,0,-1
1533864570731642,0,-1,5,-2,-6,-1,0,-1
1533864570746605,-4,-10,1,0,1,-4,-4,-2
1533864570746605,-2,-2,-6,-5,3,-2,-2,-3
1533864570753593,-1,0,-6,2,1,0,2,1
1533864570753593,0,0,5,2,-5,-4,-2,-3
1533864570768545,-1,-1,7,1,7,1,-3,-2
1533864570768545,-1,2,-1,12,-5,-1,0,2
1533864570776524,-2,-6,-5,-11,2,-2,-3,-1
1533864570776524,-2,-2,-2,-4,-8,-2,-2,-1
1533864570791481,-2,1,2,-2,7,-3,-1,-2
1533864570791481,-2,1,-51,-6,-14,-3,-4,-3
1533864570792479,4,-17,-4,5,8,2,3,0
1533864570792479,-13,16,74,-2,-3,-6,-1,1
1533864570806444,-14,-4,12,9,-2,0,-1,-3
1533864570806444,5,-5,-5,8,2,1,-2,-3
1533864570813423,1,9,41,-12,-6,0,-2,-3
1533864570813423,1,-11,-23,-18,-1,-2,-1,1
1533864570830377,10,15,-17,5,2,0,-1,2
1533864570830377,-8,-2,49,-2,1,0,2,6
1533864570837359,12,-3,-1,2,3,-1,-1,-3
1533864570837359,7,-4,-1,8,2,-1,0,-2
1533864570852318,-2,0,-7,-7,-3,-1,-1,-3
1533864570852318,8,-15,-21,0,0,-2,-1,1
1533864570852318,-1,3,-13,0,2,0,0,1
1533864570852318,-2,-5,-10,-2,-8,2,0,-1
1533864570866320,5,-3,-3,6,7,1,0,2
1533864570866320,-3,7,6,-3,1,4,1,-3
1533864570873263,-12,-7,-13,-11,-22,-11,-6,-4
1533864570873263,-3,-4,22,6,3,-3,-3,-2
1533864570888239,1,6,-32,-12,-3,-2,0,-2
1533864570888239,-1,6,77,4,12,5,1,1
1533864570897201,0,16,5,-7,-2,-5,-1,2
1533864570897201,2,-3,-86,-11,-10,-1,-1,-2
1533864570912194,-6,-31,25,-2,-8,-2,-6,-3
1533864570912194,-5,1,-104,-9,-5,-5,-6,-8
1533864570913168,2,-5,15,3,7,4,2,0
1533864570913168,-2,11,15,5,-1,-1,0,-1
1533864570926176,-1,2,-1,0,8,1,1,-1
1533864570926176,1,2,-7,-3,-4,-6,-4,-3
1533864570934100,-23,2,-7,6,-13,-4,-3,-2
1533864570934100,16,5,0,-9,-4,0,-1,-1
1533864570949063,9,3,16,-4,-1,1,2,0
1533864570949063,-13,-1,11,-16,3,-1,-2,-2
1533864570957041,16,5,-10,49,24,3,2,0
1533864570957041,7,2,22,-4,4,2,1,4
1533864570971998,23,-15,-14,-11,-16,-7,-4,-4
1533864570971998,-21,-5,2,8,3,-6,-6,-9
1533864570973007,2,0,-6,-18,-5,-9,-9,-6
1533864570973007,5,-2,-12,18,15,1,-1,-6
1533864570985961,1,4,15,16,5,11,11,13
1533864570985961,0,-3,0,-21,-7,8,14,22
1533864570994127,4,9,0,14,7,6,-4,-9
1533864570994127,-1,-7,3,-6,3,-1,8,9
1533864571008899,-14,0,-2,-7,-7,-8,-19,-22
1533864571008899,1,4,-4,2,-7,-7,-1,-1
1533864571016877,-12,3,49,-6,0,4,2,2
1533864571016877,20,4,-8,-5,-7,-3,-4,-4
1533864571031847,-30,-11,-52,-6,-6,-2,2,0
1533864571031847,12,-6,-50,8,4,-2,-4,-7
1533864571032836,-1,4,-1,-8,-6,-5,-3,-2
1533864571032836,-16,-16,14,-1,-5,-7,-2,-4
1533864571045804,8,7,-26,-10,-1,3,5,5
1533864571045804,5,-1,7,11,8,2,-2,-2
1533864571053789,-10,-10,-79,-15,-5,-1,-1,2
1533864571053789,-5,7,19,13,14,5,0,4
1533864571070734,-3,4,9,-7,-9,-5,-2,-1
1533864571070734,-6,-15,3,6,5,-4,-4,-5
1533864571076719,6,-9,-3,-22,-30,0,2,-1
1533864571076719,-12,1,-21,1,-3,-3,-6,-5
1533864571091681,4,-1,23,18,15,0,-2,-1
1533864571091681,3,-2,5,-10,-7,-2,-3,-10
1533864571092676,20,7,48,12,17,5,3,5
1533864571092676,8,11,-4,-6,3,3,0,3
1533864571106642,-42,10,70,15,-11,-6,-4,-7
1533864571106642,47,14,43,18,1,-2,1,5
1533864571113623,-55,-47,-51,-20,-1,-3,-5,-8
1533864571113623,-8,-4,-32,-15,-11,-2,-5,-9
1533864571128583,11,-2,44,16,4,1,0,4
1533864571128583,-10,3,43,-23,-11,-3,0,-2
1533864571136558,4,3,-20,1,7,0,-1,-1
1533864571136558,2,-18,-67,-25,-9,-2,2,4
1533864571152516,-6,-2,-21,-7,1,-2,0,0
1533864571152516,-4,-7,-12,11,6,1,-2,-1
1533864571153512,8,8,14,16,-14,0,2,5
1533864571153512,-12,-4,3,23,16,1,-3,-3
1533864571166478,24,13,-18,6,9,-1,2,1
1533864571166478,-17,8,-3,-27,-38,-9,-5,-3
1533864571173463,1,15,-9,-5,1,3,17,18
1533864571173463,-9,-29,3,-9,-12,-4,-20,-24
1533864571188419,3,-13,-8,5,6,-3,-9,-25
1533864571188419,-2,4,-2,2,-1,-5,-9,-18
1533864571196398,3,20,22,7,24,5,-2,-7
1533864571196398,-1,-7,2,2,0,13,10,8
1533864571212355,4,3,1,-32,-2,2,9,12
1533864571212355,-7,-3,-14,5,-5,-4,-2,0
1533864571212355,8,-3,-4,-2,-13,-13,-7,-2
1533864571212355,-2,9,27,5,5,-7,1,4
1533864571226318,-4,-2,-15,-6,-5,1,-2,1
1533864571226318,-4,4,12,-3,-4,0,3,3
1533864571233303,-1,-3,19,11,10,0,-2,0
1533864571233303,1,-1,26,-16,-7,-1,2,1
1533864571248268,-2,-3,1,18,-12,-5,-1,1
1533864571248268,0,-4,18,4,8,-5,-3,2
1533864571256242,6,-9,-12,15,27,11,2,-1
1533864571256242,-4,-1,6,35,-3,1,-3,-2
1533864571272245,9,2,14,-40,-31,-2,3,4
1533864571272245,-2,-9,-31,10,21,1,0,1
1533864571273207,-10,-8,-30,-100,-101,-18,-14,-10
1533864571273207,-6,1,-5,5,6,-13,0,3
1533864571286163,-1,-2,-4,4,17,7,-3,-7
1533864571286163,2,2,3,16,17,21,7,5
1533864571294136,5,0,10,11,26,7,7,2
1533864571294136,-4,-6,-1,26,3,-7,1,-1
1533864571309096,-2,-2,-9,13,-2,-10,-5,3
1533864571309096,-1,3,-10,-4,4,0,0,-1
1533864571316077,33,14,61,28,5,1,-4,0
1533864571316077,4,30,54,-14,-12,-5,-5,-8
1533864571347996,-24,-4,62,48,40,5,5,0
1533864571347996,11,4,12,43,24,8,7,5
1533864571347996,-25,-40,-54,-3,-44,-37,-25,-13
1533864571347996,16,14,-3,70,27,8,18,17
1533864571353993,-6,8,-6,25,10,5,1,25
1533864571353993,-26,-10,9,-33,1,1,-12,-17
1533864571361956,14,12,-24,-35,-7,-3,-12,-29
1533864571361956,-3,-12,-38,-89,-29,-6,-16,-19
1533864571376922,11,-4,-21,-9,0,3,4,16
1533864571376922,1,3,-12,-12,-10,-4,19,16
1533864571377922,21,16,4,25,23,10,5,12
1533864571377922,-8,12,-6,-2,-2,2,-10,-24
1533864571399854,4,-17,10,-17,-1,-1,-4,-17
1533864571399854,5,-5,52,29,-4,-3,-2,5
1533864571400851,-10,-13,-2,-36,-5,-1,6,9
1533864571400851,5,-5,-5,-31,3,0,4,8
1533864571413816,4,15,-16,1,-2,-8,-8,-5
1533864571413816,-2,-5,-9,-17,-12,-11,-7,-7
1533864571421804,-7,2,10,71,11,19,12,10
1533864571421804,-13,-6,-3,-35,-24,2,3,8
1533864571436755,-11,-11,-30,-10,-49,-16,-8,-13
1533864571436755,-4,-11,-29,-11,19,-1,-9,-8
1533864571437753,1,3,14,20,34,5,2,0
1533864571437753,1,0,4,24,18,2,4,6
1533864571459910,-5,-3,-5,-11,-6,3,-1,-6
1533864571459910,6,4,-10,-4,-12,-3,2,-1
1533864571461699,-9,-2,-5,9,11,-5,-3,-1
1533864571461699,-4,-4,2,10,2,-2,-3,-2
1533864571473807,0,-4,-10,7,3,-4,-2,-1
1533864571473807,-3,-1,-12,-36,-14,-6,-4,0
1533864571482632,-9,-2,-1,38,24,5,2,0
1533864571482632,-5,-12,-15,-30,-19,-11,-5,-5
1533864571497638,2,5,-1,18,-17,-2,-8,-2
1533864571497638,5,5,-3,-37,16,8,8,1
1533864571499587,-14,-13,-17,17,-28,-6,-2,-2
1533864571499587,3,3,7,28,7,4,5,3
1533864571520559,4,1,-3,6,14,4,1,-2
1533864571520559,-4,-2,-4,2,-11,-6,-10,-3
1533864571521530,0,-1,6,-8,4,-3,-2,-1
1533864571521530,-2,-4,-2,3,-1,-4,-3,2
1533864571533513,-2,-4,-5,-10,3,0,2,-2
1533864571533513,-2,-2,-6,22,-3,-1,-2,-1
1533864571542473,-2,-1,-1,-22,-6,-1,1,-3
1533864571542473,-3,-2,-2,8,-3,1,-2,0
1533864571556472,0,-1,-1,-20,4,2,3,-2
1533864571556472,-2,-2,-7,10,-7,-3,-3,-1
1533864571565411,0,-1,-3,-10,1,0,-2,-1
1533864571565411,-1,-2,-1,-6,2,1,-1,-2
1533864571580374,1,-1,1,-1,5,0,1,-3
1533864571580374,-2,-2,-5,5,-14,-3,-2,1
1533864571581369,-3,-4,-2,-1,8,-4,-3,-8
1533864571581369,-4,2,-1,-8,-8,-5,-1,2
1533864571602312,-1,-3,-5,-4,5,0,-3,-3
1533864571602312,-1,-5,-3,-2,6,-1,-6,-7
1533864571604307,-7,-2,-4,-6,-24,-11,1,-1
1533864571604307,11,8,9,3,20,16,11,10
1533864571625251,-5,-2,-9,11,-21,-1,3,0
1533864571625251,-10,-5,-11,26,-17,-9,-6,-2
1533864571626248,-2,-2,-2,-6,8,-3,-5,-2
1533864571626248,-3,-4,-3,1,3,-4,-6,-4
1533864571640218,4,1,5,-5,7,0,2,3
1533864571640218,3,-1,4,26,17,2,2,0
1533864571641216,-4,-4,-8,-52,-16,-4,-4,-1
1533864571641216,-1,-2,1,12,-4,-2,-2,0
1533864571663153,1,-1,3,-9,4,1,-1,0
1533864571663153,1,1,-2,0,-6,1,0,-2
1533864571664157,2,1,3,8,8,2,3,2
1533864571664157,-1,-5,-3,-9,-5,-8,-7,-4
1533864571676118,-3,-1,-2,-5,1,-2,1,-2
1533864571676118,2,2,-1,-10,2,2,-1,2
1533864571685110,0,2,3,2,4,7,3,3
1533864571685110,-2,-4,-4,3,-8,-1,0,-5
1533864571700051,-3,-2,-3,-1,2,-3,-1,-2
1533864571700051,-2,-2,-4,2,-6,-2,1,0
1533864571702045,1,0,0,0,0,0,0,-3
1533864571702045,-1,0,5,15,4,0,-4,-2
1533864571722993,7,3,5,-19,43,7,2,0
1533864571722993,-9,-10,-18,-36,-48,-10,-3,0
1533864571723989,-2,-3,-4,7,-12,1,0,2
1533864571723989,-4,-3,-4,-9,-7,-2,3,-2
1533864571735973,-1,1,0,1,-2,-2,-2,0
1533864571735973,2,0,5,-4,35,3,-5,-5
1533864571744931,3,-3,-4,-8,-1,-12,-19,-7
1533864571744931,1,0,0,11,-2,-5,5,0
1533864571760109,4,3,5,7,1,30,18,9
1533864571760109,-2,-2,1,4,-1,6,10,6
1533864571761904,-3,-13,0,11,3,-2,-2,1
1533864571761904,-3,-8,-2,-3,-3,-9,-11,-4
1533864571782854,-4,-6,-6,6,-15,-18,-13,-3
1533864571782854,-3,-1,-2,-1,-4,-1,0,-4
1533864571783827,1,6,1,2,1,2,2,-3
1533864571783827,-2,3,-6,-7,3,1,-2,-5
1533864571796792,-1,0,-4,-4,-10,-6,-4,-3
1533864571796792,1,3,0,4,2,4,-5,-1
1533864571804772,-1,5,5,2,5,4,11,4
1533864571804772,-1,1,-1,-13,-5,-1,-2,-5
1533864571819731,1,0,-5,0,-9,-6,-5,1
1533864571819731,1,-2,-2,-4,-8,-14,-12,-10
1533864571821726,1,1,0,0,3,3,-2,3
1533864571821726,0,0,0,2,15,10,14,5
1533864571842673,-5,-1,1,0,-8,-10,0,4
1533864571842673,-3,-1,0,-7,-19,-11,-2,0
1533864571844664,-2,-1,1,-1,-3,11,6,-1
1533864571844664,-1,-2,-1,3,-7,11,2,3
1533864571856632,-3,-5,-4,-3,2,-8,-2,-6
1533864571856632,-1,-5,-2,3,15,2,-3,-3
1533864571865612,0,1,1,-6,-11,-13,-8,-1
1533864571865612,-2,0,2,0,2,4,-1,0
1533864571887550,-3,-3,-2,5,4,1,-3,-4
1533864571887550,-2,-2,-4,-5,-31,-12,2,0
1533864571889545,-2,-3,-2,10,1,1,2,-2
1533864571889545,-1,-1,-2,-9,1,-3,-4,-2
1533864571903507,-3,-4,-5,-5,-4,0,-4,-1
1533864571903507,0,-1,-1,-7,21,6,0,-1
1533864571904505,-1,0,1,-2,4,0,3,-1
1533864571904505,-1,0,-1,5,-7,-7,-7,-3
1533864571916472,-1,-2,0,1,-1,-3,-4,-4
1533864571916472,2,0,1,1,0,1,2,1
1533864571925453,-1,0,-3,-6,-4,-1,1,1
1533864571925453,0,2,1,-3,7,2,5,5
1533864571940411,-3,-1,-2,-4,-3,-1,1,-2
1533864571940411,-3,0,-2,2,1,2,2,1
1533864571941415,-1,1,-2,-6,-10,-5,-6,-2
1533864571941415,1,-1,-3,1,-5,-6,-6,-3
1533864571962359,0,1,0,-2,-1,0,1,-2
1533864571962359,-1,-1,0,-1,-1,-2,1,-1
1533864571964344,-2,0,-1,-1,5,-2,-4,-3
1533864571964344,-1,-2,-3,-3,-2,-1,-2,0
1533864571976312,3,2,1,-5,-6,2,2,-1
1533864571976312,0,1,0,4,7,4,-2,-1
1533864571985317,-2,-3,-3,-3,-3,0,0,-1
1533864571985317,0,-3,-3,2,-2,-3,-1,1
1533864572000256,1,0,0,-3,6,1,-3,0
1533864572000256,0,1,5,1,-3,0,3,4
1533864572001246,-2,0,2,7,-4,-1,3,0
1533864572001246,0,-2,-1,-11,-15,-5,-5,-3
1533864572022208,-7,-8,-12,4,-7,-2,-4,-5
1533864572022208,1,0,-3,-2,19,10,0,0
1533864572024191,-2,-1,-3,-2,-11,-7,-3,-1
1533864572024191,-1,1,1,1,-1,-3,-1,0
1533864572036152,0,-2,2,-9,-5,-4,-2,-4
1533864572036152,-2,-2,-1,3,-1,-2,-1,-2
1533864572045128,0,0,0,0,7,0,-3,-2
1533864572045128,-1,-2,-2,3,3,-2,-1,1
1533864572060103,2,-2,-24,-3,0,0,2,0
1533864572060103,0,5,57,2,-1,-1,1,-1
1533864572062083,-1,-3,3,-2,11,2,-1,-3
1533864572062083,-3,-2,7,-1,-9,-9,-4,-3
1533864572083030,-1,0,-3,0,-9,-3,-2,0
1533864572083030,-3,-5,-14,-6,-6,2,2,3
1533864572084024,-2,-3,-34,1,2,2,1,0
1533864572084024,1,10,-59,-3,3,2,0,-3
1533864572095995,-2,-7,19,1,-3,-7,0,0
1533864572095995,-4,0,-14,-3,-13,-5,-2,-5
1533864572104974,1,11,17,-7,10,6,2,2
1533864572104974,-2,-17,-12,8,8,-1,-2,0
1533864572119928,1,5,14,-4,-3,-1,-7,-3
1533864572119928,1,-5,-42,1,-3,-2,-1,1
1533864572121923,-4,-1,5,0,-6,-2,-2,-1
1533864572121923,-2,7,-45,-9,-8,-3,-1,-4
1533864572142866,-3,-2,45,3,1,-1,3,0
1533864572142866,-1,0,-56,-5,0,-1,-1,-2
1533864572143879,-4,-11,-85,-12,0,-3,-3,-5
1533864572143879,0,13,96,14,2,0,2,1
1533864572155832,-6,-19,-50,-3,2,-2,-3,-3
1533864572155832,2,-10,-53,-15,-3,-1,-7,-6
1533864572164808,2,11,61,2,0,1,0,0
1533864572164808,-6,-6,19,-3,-14,0,-3,-1
1533864572179970,2,3,5,1,9,-6,-3,-1
1533864572179970,-5,5,20,3,-12,-2,3,1
1533864572181763,-1,-17,-10,-2,-2,-5,-4,-3
1533864572181763,-1,-7,9,-2,-8,-3,-3,-2
1533864572202707,1,3,-14,1,-4,2,4,3
1533864572202707,0,-5,-20,4,14,5,1,-1
1533864572203714,1,3,18,3,0,1,0,1
1533864572203714,-4,-2,-22,-2,2,-4,-4,-2
1533864572216672,-3,0,-29,-1,5,1,-4,-3
1533864572216672,1,6,30,2,-10,-4,-3,-2
1533864572225655,0,0,10,-1,1,-6,-1,-1
1533864572225655,-3,-6,-9,0,-3,-4,-1,-1
1533864572240605,-1,2,2,-1,-11,0,1,-2
1533864572240605,1,-3,34,-2,8,4,0,-1
1533864572241603,-2,-9,-46,-3,-13,-2,-2,-4
1533864572241603,1,1,16,-2,8,0,3,-1
1533864572262546,1,4,23,0,9,2,1,0
1533864572262546,-2,-4,-38,0,-8,-13,-3,-1
1533864572264541,-4,-5,-88,-19,-10,-5,-2,-2
1533864572264541,1,5,11,2,1,0,0,2
1533864572276513,-4,-10,-12,3,-1,3,1,0
1533864572276513,-1,0,5,-2,5,2,-3,-3
1533864572285486,4,4,-18,3,17,4,-2,-1
1533864572285486,-3,-7,-94,-3,-12,-6,1,1
1533864572300450,2,-4,-20,-7,-4,0,-2,0
1533864572300450,2,-4,106,20,9,1,2,6
1533864572301443,-10,-6,4,5,-6,-3,-3,-3
1533864572301443,-3,3,-5,-7,-8,2,-1,-4
1533864572322386,-1,3,-7,1,1,-1,-1,-1
1533864572322386,-2,1,-51,-13,-4,-4,-4,-2
1533864572324382,5,4,48,3,0,0,2,2
1533864572324382,-2,-12,24,4,8,0,-2,-3
1533864572336350,-1,4,-2,-3,-4,1,-2,0
1533864572336350,2,3,1,-14,-3,-1,1,-2
1533864572345325,-1,-10,6,7,-1,-3,-1,0
1533864572345325,-4,0,-18,2,-1,-3,-3,-3
1533864572359500,-1,2,17,1,0,0,-1,0
1533864572359500,1,15,34,1,-6,0,2,2
1533864572366287,0,-11,38,6,4,4,2,1
1533864572366287,0,-5,-8,-10,5,-4,-2,1
1533864572383224,-1,4,23,4,-4,-5,-2,-1
1533864572383224,-3,-3,-10,-4,-15,0,0,-2
1533864572384221,-3,3,-5,-5,-8,0,-2,-5
1533864572384221,2,2,12,1,-13,-4,-4,-1
1533864572396193,-1,-5,-24,-3,31,5,3,-1
1533864572396193,-4,-4,-31,-5,-11,-7,-4,2
1533864572405166,0,4,-4,0,10,-1,-2,0
1533864572405166,-3,-1,11,1,-12,-1,-1,-4
1533864572419137,-2,1,-7,1,-21,-3,-1,-4
1533864572419137,-3,-5,-13,3,28,-3,-5,-3
1533864572426112,0,4,27,-4,-10,10,4,2
1533864572426112,1,2,15,-1,6,-2,-2,-2
1533864572443067,1,-2,-8,-4,-11,-7,-7,-5
1533864572443067,-2,-6,8,1,0,2,3,2
1533864572444062,0,1,0,1,6,-2,-1,0
1533864572444062,-1,-3,-11,-7,6,6,5,-3
1533864572456032,-4,-2,-5,-1,-19,-9,-3,-3
1533864572456032,3,0,0,3,2,3,-5,3
1533864572465008,1,4,5,2,8,1,2,1
1533864572465008,-2,-7,-13,-4,2,4,6,2
1533864572479968,-4,-5,2,0,6,-2,2,-2
1533864572479968,-2,5,5,1,-7,-2,-2,-3
1533864572485949,-4,-5,-89,-7,-2,-9,-6,-4
1533864572485949,5,4,101,10,11,5,0,4
1533864572502921,-2,-9,-2,-3,-8,1,0,1
1533864572502921,0,-2,-36,2,6,-1,-3,-6
1533864572503915,-1,7,31,-3,-6,4,1,-1
1533864572503915,-5,0,-67,-9,-16,-5,-4,-4
1533864572524845,2,-14,54,5,11,1,-3,-1
1533864572524845,2,-6,11,4,-2,0,-1,-2
1533864572526840,3,14,14,1,-4,-5,2,1
1533864572526840,-1,6,-15,3,4,-2,-1,1
1533864572538808,-2,18,-20,-4,-7,-1,-1,3
1533864572538808,-1,-7,41,9,7,5,3,2
1533864572547800,-1,2,20,1,-8,0,0,1
1533864572547800,-1,-3,2,-2,15,4,-2,1
1533864572562747,4,10,-32,-3,8,0,1,2
1533864572562747,-3,13,-6,-2,-15,-3,-3,-2
1533864572563741,-2,-10,0,-3,0,-3,-3,1
1533864572563741,-4,-10,-5,7,-10,-4,-2,2
1533864572584688,5,15,-28,-4,5,4,-3,0
1533864572584688,-6,9,53,-3,-11,-4,2,0
1533864572586679,4,-20,32,-4,-32,-4,1,3
1533864572586679,-10,1,-31,1,67,5,-6,-7
1533864572599648,-3,-15,2,-9,-25,-6,3,0
1533864572599648,4,4,-22,2,36,12,0,-3
1533864572606627,0,0,-7,-1,-19,-9,-2,-2
1533864572606627,4,3,26,-9,-25,-4,0,-1
1533864572622587,7,8,0,-4,15,2,3,-4
1533864572622587,-7,-12,-12,7,1,-6,-7,2
1533864572624579,-12,0,-8,6,-10,-1,-2,-2
1533864572624579,1,1,-8,-5,0,-1,1,1
1533864572645522,-6,-4,9,-1,-3,-2,-5,-1
1533864572645522,-1,-19,-17,-6,-7,-5,-1,-4
1533864572646519,3,27,5,0,8,-2,-4,-1
1533864572646519,-2,-9,1,-1,-9,-4,-6,-3
1533864572659496,-3,-15,-5,0,6,-1,-1,-4
1533864572659496,-1,-8,-9,-4,-8,-4,0,-2
1533864572666466,-2,5,-80,-9,12,0,-3,-6
1533864572666466,2,-11,30,3,-8,3,5,3
1533864572682460,-1,-4,9,2,5,-1,-1,4
1533864572682460,-8,-2,-2,3,-14,-7,-2,-9
1533864572684452,0,-20,-25,-4,5,0,-2,-4
1533864572684452,0,9,-21,-5,-12,-3,0,1
1533864572705571,-2,11,-9,-7,-2,2,-2,0
1533864572705571,1,5,-2,1,1,0,1,4
1533864572706359,-11,-25,6,-6,15,-4,-5,-2
1533864572706359,4,-3,11,7,12,-4,-3,1
1533864572719342,-5,-37,4,-3,-32,-8,-3,-2
1533864572719342,2,2,-28,-8,-10,2,-1,-1
1533864572733287,0,3,16,-4,-6,-3,0,-1
1533864572733287,-1,8,-1,-5,4,0,-3,1
1533864572742263,-1,14,12,6,10,0,-1,0
1533864572742263,1,2,-3,0,-2,-3,0,7
1533864572744258,-5,-5,18,-5,4,-7,-6,-6
1533864572744258,0,3,4,20,-17,10,1,-5
1533864572765205,-3,4,-11,-14,34,-11,-5,-2
1533864572765205,0,-3,-75,-23,-39,-4,-4,-4
1533864572767200,4,9,44,12,8,6,4,5
1533864572767200,-4,-27,-19,-17,-12,-6,-1,-3
1533864572779165,-2,2,-14,11,-8,3,1,-2
1533864572779165,0,1,-7,2,16,1,-1,0
1533864572786146,0,-13,-19,-1,0,2,1,-1
1533864572786146,0,0,0,1,-8,-3,-1,-2
1533864572803102,0,-2,17,4,-6,0,2,3
1533864572803102,-2,2,16,-4,-2,-3,-3,-2
1533864572804099,3,5,6,3,4,2,-1,-1
1533864572804099,-4,6,-4,0,-10,-2,-1,-4
1533864572825045,2,10,-6,-13,-22,-7,-3,4
1533864572825045,-2,7,-2,-3,9,0,2,-1
1533864572827058,-1,-6,3,1,13,-1,-3,-2
1533864572827058,2,1,32,5,8,-2,-2,-4
1533864572839008,2,1,84,20,3,5,0,1
1533864572839008,-1,3,7,7,-1,1,-1,-3
1533864572847981,2,7,7,5,1,0,0,2
1533864572847981,-1,3,-33,-14,0,-3,-2,0
1533864572862944,-1,31,-7,-10,-7,-5,-6,-6
1533864572862944,-3,-27,21,5,3,0,3,2
1533864572863938,-1,24,20,-2,-7,-3,-1,-1
1533864572863938,-5,-5,-6,-1,-2,0,1,-1
1533864572884885,-10,-47,-73,-9,1,-1,-4,-8
1533864572884885,6,10,95,10,-5,0,0,2
1533864572886876,-2,-13,-29,-6,5,-2,-1,-2
1533864572886876,1,18,-18,0,1,-1,0,-1
1533864572900038,3,30,71,7,3,3,3,1
1533864572900038,1,7,21,3,0,0,-1,-1
1533864572906902,-2,-9,19,5,-8,-3,0,0
1533864572906902,-1,13,31,1,4,-2,-3,3
1533864572922802,-2,-11,-50,-1,0,0,-2,-2
1533864572922802,1,-3,-25,-7,-2,-3,-1,-1
1533864572923790,0,10,-40,-11,-5,-1,1,0
1533864572923790,-4,0,-29,-6,-2,-3,-4,-3
1533864572944725,-5,-18,-4,2,-7,-2,1,-3
1533864572944725,-4,-9,-38,-7,11,-2,-4,-5
1533864572946732,0,-26,18,9,-2,5,4,5
1533864572946732,1,-8,-34,-6,-1,3,2,2
1533864572959685,0,6,26,-7,-4,-1,-1,-1
1533864572959685,-5,9,14,2,-1,1,1,0
1533864572966667,-1,4,-9,-1,4,-2,-3,-4
1533864572966667,0,-8,12,0,-15,-5,-3,0
1533864572982621,-3,-6,-18,-1,7,3,-1,-6
1533864572982621,0,-4,-28,-3,0,0,-2,-1
1533864572984617,-3,-3,3,-4,-4,-2,-3,-1
1533864572984617,0,7,-5,0,1,0,-1,-1
1533864573012541,-1,-3,-21,-1,-1,-2,-2,0
1533864573012541,-4,-1,-41,-10,-7,-7,-2,-1
1533864573014536,-4,-29,5,4,1,-1,0,0
1533864573014536,0,4,9,3,-2,-2,0,0
1533864573019535,0,6,-11,-3,-4,-2,-2,-3
1533864573019535,1,-17,39,1,2,1,1,3
1533864573026507,1,23,31,-1,-3,0,-2,-3
1533864573026507,-4,-37,65,5,3,1,-1,1
1533864573042464,-5,-1,-37,-5,-5,-1,-2,-3
1533864573042464,1,2,-10,0,-3,-1,2,0
1533864573044455,-3,6,-39,-3,-1,-1,-3,-4
1533864573044455,0,2,-5,-2,5,2,0,0
1533864573065402,-1,4,-2,-2,-11,-6,-3,-1
1533864573065402,0,-2,-8,-3,4,2,1,0
1533864573066397,1,-2,7,-3,-8,-3,-1,-2
1533864573066397,-5,11,-23,-2,-3,-1,-3,-3
1533864573079361,2,11,10,7,6,4,1,4
1533864573079361,-6,-21,-20,3,8,-3,-8,-4
1533864573087340,-3,-16,-6,0,-8,0,-1,-1
1533864573087340,1,-3,-5,-14,-3,-4,1,1
1533864573102300,-1,0,-64,-8,-7,-3,0,-3
1533864573102300,-3,15,54,9,1,0,0,-3
1533864573104296,-4,0,43,3,-8,-6,-3,-1
1533864573104296,1,12,-16,-4,0,-2,-2,-3
1533864573125239,0,-22,16,4,2,0,0,2
1533864573125239,-1,13,-17,-6,-6,-1,-2,-3
1533864573126237,1,3,-31,-4,2,-3,-3,-1
1533864573126237,-2,1,1,3,2,1,-2,-1
1533864573139227,0,-3,11,-1,-3,-1,0,0
1533864573139227,0,9,-26,-8,-4,-1,-4,-4
1533864573148178,-1,4,-8,-4,-5,-1,-1,1
1533864573148178,-2,-20,-98,-10,-9,0,-2,-4
1533864573162141,2,16,65,3,13,-6,5,2
1533864573162141,-1,-14,-9,0,0,-1,2,-1
1533864573164148,-2,-9,0,1,2,1,-11,-8
1533864573164148,-2,5,2,-1,-1,-4,-5,-3
1533864573185079,-3,-22,-29,1,0,-1,-3,-2
1533864573185079,2,13,-4,-2,-3,-3,2,-1
1533864573187074,-1,-2,-73,-6,-3,-1,4,0
1533864573187074,-4,-5,-1,-5,-6,-2,-2,1
1533864573199045,2,-13,41,12,4,5,2,-1
1533864573199045,-1,-1,22,-5,-4,0,3,2
1533864573208018,-2,-2,-13,-4,6,0,0,-2
1533864573208018,1,8,42,2,-7,-2,-3,3
1533864573222982,-4,-1,-24,-4,-4,-1,-4,0
1533864573222982,-2,-11,-50,-6,1,0,-4,-3
1533864573223993,1,15,39,7,-4,-3,0,0
1533864573223993,3,-8,-4,0,-2,-2,2,1
1533864573244919,-2,14,1,-5,3,-2,-2,-4
1533864573244919,1,-11,-8,5,-1,6,2,1
1533864573246914,-3,4,-15,-12,-2,-8,-3,-1
1533864573246914,-3,-2,-2,0,4,-5,-2,-4
1533864573258887,1,-1,6,2,-4,2,0,1
1533864573258887,0,2,78,6,-2,-3,-2,-1
1533864573267858,2,22,15,-2,2,1,2,1
1533864573267858,-3,-15,-33,-8,-1,1,0,-2
1533864573281823,0,-15,6,8,4,1,1,2
1533864573281823,-3,-16,-13,-1,4,2,0,-2
1533864573289799,1,-1,67,9,-15,-4,-2,2
1533864573289799,-2,8,12,-2,3,-3,-2,-2
1533864573305756,-2,15,-52,-10,-7,-2,-3,-2
1533864573305756,2,-15,3,1,15,1,2,1
1533864573306754,-1,-7,-24,-5,-4,3,-1,-1
1533864573306754,-3,-1,-10,6,5,0,1,-3
1533864573318722,-1,3,13,0,-4,-3,-6,0
1533864573318722,-2,2,-26,-7,-16,-6,-3,0
1533864573327698,2,0,-4,-4,14,6,2,1
1533864573327698,1,-2,18,8,-15,-2,3,0
1533864573342661,0,-5,3,-3,3,3,2,-1
1533864573342661,-3,21,4,-2,-5,-4,-5,-3
1533864573344653,-3,-23,-17,-1,7,-1,-2,-3
1533864573344653,0,-1,20,-2,0,1,2,0
1533864573364599,-1,-7,-8,1,-2,-5,-4,-3
1533864573364599,-3,3,-9,-13,-10,0,-3,-3
1533864573366594,0,14,1,5,-3,-2,0,-1
1533864573366594,-1,-15,-1,5,2,-2,-2,0
1533864573378562,-8,-9,-32,-6,8,-3,-4,-3
1533864573378562,3,9,46,9,-7,1,2,4
1533864573387537,-4,-12,-3,6,22,4,-1,-3
1533864573387537,1,11,-58,-13,-15,-4,-4,-4
1533864573402498,0,0,60,2,0,-2,-2,0
1533864573402498,-3,-1,-31,-2,-1,0,0,-2
1533864573404492,-4,-10,18,1,-4,-3,-2,-3
1533864573404492,0,2,9,0,5,0,-1,-2
1533864573425436,1,4,-15,-6,-9,-1,1,1
1533864573425436,0,-5,-22,-4,7,-2,-4,-1
1533864573426434,-1,23,-35,-10,-2,-5,-6,-3
1533864573426434,-2,-10,15,7,3,2,2,2
1533864573439399,-3,-12,-37,-8,-9,0,-1,-3
1533864573439399,0,-4,54,6,2,1,1,1
1533864573447381,-2,2,-20,-5,-8,-4,-3,-2
1533864573447381,1,7,20,-4,-1,3,-1,-1
1533864573462345,-1,-2,-52,0,-1,-2,-3,-2
1533864573462345,-2,-9,11,3,1,0,0,0
1533864573464332,2,-5,-24,-4,-6,-3,1,0
1533864573464332,-2,-7,26,5,3,1,1,0
1533864573485277,2,11,7,1,12,2,2,0
1533864573485277,-3,-17,-29,-6,-28,-10,-4,-2
1533864573486284,-3,-3,-56,-14,-6,-4,-7,-4
1533864573486284,-1,34,-80,-14,2,-2,-4,-6
1533864573507221,1,-22,86,17,4,2,6,4
1533864573507221,-5,-3,-23,0,4,-1,-2,-1
1533864573509212,-1,-13,11,1,-8,-1,3,1
1533864573509212,-1,8,-15,-2,-1,-3,-3,-2
1533864573523175,1,13,-10,-10,-8,-3,-3,-2
1533864573523175,0,-4,-19,-3,8,1,0,-1
1533864573524173,1,2,26,6,-2,0,2,3
1533864573524173,-1,-2,28,0,1,0,-3,-1
1533864573545116,-1,8,-6,0,8,-6,-5,-2
1533864573545116,0,-13,6,0,-3,6,3,-1
1533864573547111,0,4,2,-1,1,2,3,2
1533864573547111,-4,-15,16,5,-26,-9,-7,-2
1533864573568058,0,2,-2,-2,22,10,2,0
1533864573568058,-2,25,-13,-14,-15,-7,-3,-3
1533864573570049,-2,-5,12,7,9,1,-2,0
1533864573570049,-2,-19,5,-1,-3,-1,2,1
1533864573583018,-3,1,-15,-3,-11,-5,-2,-4
1533864573583018,4,-1,57,8,15,0,-2,0
1533864573584012,-1,5,-3,-9,-8,2,-2,-4
1533864573584012,-3,-9,10,1,8,-2,-3,2
1533864573604959,-6,3,-45,-6,-8,-1,-2,-2
1533864573604959,2,-25,-77,-3,5,-1,-2,-2
1533864573606951,0,-10,15,12,-3,3,1,3
1533864573606951,-4,-7,8,0,4,3,2,1
1533864573627907,-1,0,-5,-6,-5,-3,-1,-1
1533864573627907,-2,9,-39,-3,-8,-4,-4,-3
1533864573628892,-2,-14,-114,-11,-3,-4,-5,-6
1533864573628892,6,6,29,4,7,3,1,1
1533864573641861,1,3,6,-1,-6,1,0,1
1533864573641861,-2,3,3,-1,3,-2,-2,-2
1533864573648839,0,-1,21,0,0,-1,-1,-2
1533864573648839,-3,-1,14,-2,1,-2,-1,0
1533864573664796,1,10,-7,-5,-6,-4,-1,-3
1533864573664796,-3,-36,-18,-4,-1,-4,-2,-3
1533864573666791,0,-11,22,-3,-4,-3,-1,-1
1533864573666791,0,3,-34,-1,-2,-3,1,-2
1533864573687738,0,-20,61,6,0,0,2,3
1533864573687738,-3,20,38,1,3,0,-3,-3
1533864573688732,-2,14,36,2,2,2,4,1
1533864573688732,-9,-33,-56,-9,-2,-1,-3,-5
1533864573700704,1,0,-20,3,-5,1,-3,-2
1533864573700704,7,35,76,10,5,4,3,1
1533864573710674,-3,13,-26,-2,-11,-5,2,1
1533864573710674,1,-11,102,9,6,0,0,1
1533864573725633,-1,4,3,-3,-5,-5,-3,-3
1533864573725633,-4,-4,-26,-5,-6,0,-1,-1
1533864573726631,2,12,4,2,0,-1,-4,-2
1533864573726631,1,-1,-18,-1,-1,-1,-2,-1
1533864573747577,-2,1,-51,-14,-5,-5,-5,-5
1533864573747577,2,-34,16,7,4,-1,1,0
1533864573749573,-3,-11,18,4,-1,-1,2,0
1533864573749573,-2,25,7,4,3,1,5,1
1533864573761537,0,0,-1,1,0,-2,-2,0
1533864573761537,1,29,46,2,-3,-2,-4,-1
1533864573770607,0,-24,2,0,2,1,0,1
1533864573770607,0,-2,-14,-5,-5,-2,-5,-4
1533864573785584,-2,7,-5,-1,0,0,-2,-1
1533864573785584,-4,3,-104,-11,0,-1,-1,-2
1533864573786564,7,25,81,1,0,0,-2,-1
1533864573786564,-3,-6,13,3,1,1,3,1
1533864573807511,-5,-22,2,-1,-12,-2,0,-1
1533864573807511,-3,-8,-24,-1,-3,-1,-2,-2
1533864573809502,-4,-11,-63,-16,-6,-7,-8,-5
1533864573809502,4,14,-27,-4,2,-2,-5,-2
1533864573821473,1,0,6,0,2,6,0,-1
1533864573821473,-2,9,-3,-1,-4,-1,-1,1
1533864573830446,1,2,-4,5,3,0,4,2
1533864573830446,2,3,-16,-8,-1,-4,-2,-1
1533864573845442,-2,-8,11,4,2,-2,2,2
1533864573845442,-3,2,-9,-4,-1,-1,-2,0
1533864573846460,-2,-14,-93,-9,-4,-3,-4,-3
1533864573846460,1,6,46,0,-3,-1,-6,-4
1533864573867351,1,12,49,-1,4,-2,0,-1
1533864573867351,-3,-19,-1,-4,-4,-4,-1,-1
1533864573869350,-1,-6,12,2,3,0,-1,-2
1533864573869350,-1,-14,-74,-4,-8,1,0,-1
1533864573881313,2,7,45,7,4,-1,0,2
1533864573881313,-4,1,-24,-8,2,-1,1,-4
1533864573890287,-1,0,35,4,2,0,-1,0
1533864573890287,-3,11,-14,-2,7,5,2,0
1533864573905247,-1,-2,-14,1,-9,-4,-1,-4
1533864573905247,0,-4,17,2,1,-1,-1,-2
1533864573906244,-4,1,-19,-6,0,0,-2,-1
1533864573906244,6,4,97,20,5,2,5,4
1533864573935166,1,6,46,7,5,-3,-1,-1
1533864573935166,2,24,38,6,-3,-3,-1,-1
1533864573937160,-2,-32,51,9,2,1,0,3
1533864573937160,-6,-33,-17,0,6,2,1,1
1533864573941370,-1,0,-40,-12,-9,2,-2,-3
1533864573941370,1,-8,21,4,1,-5,0,0
1533864573950126,2,29,67,1,-3,-3,-5,-3
1533864573950126,1,-6,-8,-1,-5,-5,-2,-2
1533864573965086,-2,-17,58,2,1,3,4,6
1533864573965086,-3,-3,-32,-8,2,-2,-3,-2
1533864573967081,-3,2,-19,0,0,-1,1,-2
1533864573967081,-2,1,-15,-7,-4,-2,-5,-2
1533864573988037,-1,0,-49,-6,2,-2,-2,-3
1533864573988037,4,2,4,4,-3,0,-2,-1
1533864573989022,2,2,11,0,1,-5,0,-1
1533864573989022,-1,4,27,-13,-13,-3,0,-2
1533864574001007,-1,9,-121,3,4,2,0,-1
1533864574001007,-5,-15,41,2,-2,-1,2,3
1533864574009967,-1,-3,-27,6,-2,1,0,1
1533864574009967,-4,-4,12,7,4,0,-1,-1
1533864574025140,-5,-12,-20,-7,-2,-3,-2,-2
1533864574025140,1,-8,-21,-4,-5,0,-1,-3
1533864574026938,2,11,35,4,0,2,0,-2
1533864574026938,2,1,-24,-3,-5,-2,-2,0
1533864574047868,3,-3,18,-2,4,1,3,0
1533864574047868,1,4,-21,-5,-1,2,0,1
1533864574048862,-4,-3,9,-4,-2,-4,-3,-5
1533864574048862,-3,10,-25,-1,1,-2,-2,-1
1533864574060830,-1,-1,12,-1,-4,-1,-2,-5
1533864574060830,-2,4,-16,-9,-9,-4,-3,-4
1533864574069953,-2,-16,-93,-10,-1,1,2,2
1533864574069953,1,14,84,9,6,0,2,1
1533864574084912,-6,27,-91,-14,-11,-3,-6,-4
1533864574084912,-3,-58,-42,11,17,0,1,0
1533864574086907,-1,15,55,-2,-7,-1,2,1
1533864574086907,-3,-1,-68,-12,-20,-3,-1,-4
1533864574107854,-2,-6,-9,-2,-5,-2,-1,0
1533864574107854,-4,14,-22,-1,0,0,-3,-2
1533864574108854,0,-2,-28,-1,3,-3,-2,-5
1533864574108854,2,0,-10,-2,5,-1,0,-1
1533864574120817,3,-16,11,5,5,-2,1,0
1533864574120817,-1,10,3,-8,-3,-2,-3,-2
1533864574129795,-1,-7,14,3,-1,-2,-1,1
1533864574129795,0,13,-6,-3,1,1,-1,-2
1533864574145753,-2,-1,10,2,-2,-3,-1,0
1533864574145753,0,0,13,4,-2,0,-2,-1
1533864574146747,-3,-1,-27,-5,-3,1,-3,-3
1533864574146747,-2,-8,-13,-4,1,-2,-2,-2
1533864574167708,-3,-2,16,5,1,-2,0,-2
1533864574167708,0,1,7,4,-1,0,2,0
1533864574169687,-2,1,-2,-19,-6,-1,-2,-2
1533864574169687,-3,-7,-20,8,2,-3,-4,-1
1533864574181657,4,-16,-64,-15,-5,0,-1,0
1533864574181657,0,0,18,0,-6,-2,1,-1
1533864574190638,-2,-15,-56,-1,-2,-3,-1,-2
1533864574190638,-3,-8,66,5,1,1,3,3
1533864574204629,-5,6,-73,-2,7,-2,-5,0
1533864574204629,1,-1,-24,-13,2,0,0,-1
1533864574206605,-1,1,27,5,-7,3,1,-1
1533864574206605,0,-7,-42,2,5,0,0,-4
1533864574227566,5,5,43,2,8,3,-1,-1
1533864574227566,-7,14,-66,-19,-24,-11,-7,-9
1533864574229528,-1,-5,9,1,3,3,2,4
1533864574229528,-4,6,-7,-13,-7,-2,1,-1
1533864574241528,-4,-17,40,13,5,3,-1,-2
1533864574241528,3,-8,-60,-1,6,0,-4,-5
1533864574250474,3,16,0,-8,-3,-1,-4,-4
1533864574250474,-2,-8,-69,-11,10,0,-2,-5
1533864574264434,-4,4,40,16,-8,-5,2,3
1533864574264434,-3,-6,126,-21,-5,0,1,3
1533864574271413,-2,17,-39,4,-2,-1,-2,0
1533864574271413,1,-4,-2,-5,-3,0,-3,-1
1533864574287371,2,10,110,2,-4,-2,2,-1
1533864574287371,-1,5,1,16,6,-3,-4,-3
1533864574289365,-2,-15,-1,11,1,-2,1,2
1533864574289365,-1,0,-22,-5,-3,1,-4,-2
1533864574301550,3,-15,-22,-21,-14,-7,-8,-7
1533864574301550,-8,-5,46,31,14,7,6,4
1533864574310310,2,-14,-64,5,7,-4,-8,-10
1533864574310310,-5,-7,49,-12,-30,-11,3,3
1533864574325273,-9,-5,-65,-17,4,3,-1,-4
1533864574325273,2,12,28,-12,-8,1,0,0
1533864574331257,-5,-2,17,2,0,0,-2,-1
1533864574331257,4,1,-7,19,7,0,-2,-1
1533864574348208,1,8,-21,3,8,0,-1,-1
1533864574348208,4,10,3,-2,7,0,0,1
1533864574349206,1,-1,6,-3,6,0,0,-1
1533864574349206,4,5,-9,0,-4,1,16,16
1533864574361177,-3,-1,25,-4,-5,-5,-24,-26
1533864574361177,0,-27,6,-7,-6,0,0,1
1533864574370149,-4,-4,8,-3,-4,-1,4,6
1533864574370149,21,2,-2,-1,5,1,6,25
1533864574384115,-7,8,8,5,-2,3,33,83
1533864574384115,-11,2,-39,1,-6,-7,-12,-14
1533864574391097,-28,-8,11,2,-1,-6,-50,-83
1533864574391097,18,16,2,-4,2,1,3,29
1533864574407388,-29,10,-16,7,5,2,-11,-37
1533864574407388,1,6,-12,-10,-16,-5,0,6
1533864574409278,10,0,34,-9,-3,-2,15,29
1533864574409278,-12,-3,-52,-9,1,-3,-13,-25
1533864574430222,18,-9,2,-1,0,0,17,24
1533864574430222,1,2,-4,2,4,2,7,7
1533864574432295,0,-2,20,-4,-4,-4,2,0
1533864574432295,-6,-6,-4,3,0,0,-1,-4
1533864574444213,4,-6,2,-3,-3,0,1,0
1533864574444213,0,-3,-7,2,3,-1,-5,-11
1533864574451193,6,3,-16,0,0,-3,2,12
1533864574451193,-6,-2,13,2,-3,-1,0,-2
1533864574467154,-2,-4,7,-2,-3,-5,-7,-16
1533864574467154,-1,3,-4,0,-2,1,-6,-6
1533864574469145,8,4,0,-1,3,5,12,21
1533864574469145,-9,-3,10,0,-3,-2,-6,-14
1533864574490092,0,-10,-9,-1,2,0,-6,-13
1533864574490092,1,4,11,1,-2,-1,-1,7
1533864574492084,2,0,9,-1,-3,-2,4,10
1533864574492084,-5,4,-18,-3,0,1,-7,-11
1533864574505059,1,-12,11,6,-1,0,-2,-2
1533864574505059,0,-1,-11,1,2,1,6,8
1533864574511033,-1,7,-70,-10,-3,-2,2,-3
1533864574511033,-6,-3,30,0,-4,-4,-6,-10
1533864574527989,2,0,0,-1,-3,-3,6,11
1533864574527989,3,-9,36,-3,1,-3,-7,-12
1533864574528985,1,0,13,7,3,2,3,25
1533864574528985,-15,-9,-12,1,1,1,-5,-21
1533864574549932,7,1,4,-4,-4,-1,4,14
1533864574549932,-6,-4,-31,-1,1,-1,-4,-19
1533864574551924,2,2,8,-4,-4,-4,-2,2
1533864574551924,2,-12,-1,-5,0,-4,-1,4
1533864574564027,-2,-1,-14,-4,-1,1,-2,-3
1533864574564027,-7,7,-6,0,-3,-3,1,-4
1533864574572869,0,-7,17,-3,0,0,7,21
1533864574572869,18,11,7,1,-4,1,16,39
1533864574587829,-15,-5,-13,-2,-1,-4,-25,-77
1533864574587829,6,4,-4,0,-2,-3,-2,3
1533864574588826,3,6,-3,2,-1,-4,-6,-25
1533864574588826,-15,-5,-39,-2,-1,1,5,13
1533864574609769,8,7,-38,-5,-7,-4,0,18
1533864574609769,-5,-16,62,8,3,2,3,4
1533864574611773,-3,-4,25,-1,-2,-1,0,1
1533864574611773,5,1,0,2,2,-1,-7,-6
1533864574623732,-1,1,-9,3,0,-4,-2,2
1533864574623732,1,7,-21,-4,-3,1,1,1
1533864574632716,-2,-1,-19,-3,-2,0,0,1
1533864574632716,-5,-6,21,-2,-2,0,-6,-14
1533864574647671,-1,-2,6,-5,-4,1,-1,0
1533864574647671,1,2,-16,-4,0,-2,2,10
1533864574649662,-3,-4,4,-3,0,-4,-3,-5
1533864574649662,1,7,-19,-4,-1,-5,-7,-11
1533864574677591,-2,-9,20,2,2,0,3,7
1533864574677591,3,3,-14,0,-2,-2,-3,5
1533864574679587,-2,-2,13,-1,-4,-1,1,2
1533864574679587,-8,-1,0,2,1,-2,-3,-3
1533864574683591,-4,3,2,0,-2,-3,-2,-13
1533864574683591,-2,-4,-18,-2,-1,-2,-1,1
1533864574692549,-5,4,41,1,3,1,-2,-6
1533864574692549,9,-1,13,0,0,-1,-4,1
1533864574707716,14,16,53,-1,0,4,8,24
1533864574707716,-9,-7,7,-1,0,-4,-6,-4
1533864574709509,-4,-3,-18,-1,-3,-1,-7,-22
1533864574709509,4,-3,10,1,-2,-2,0,9
1533864574730446,3,-3,-1,-2,-1,1,1,-11
1533864574730446,3,6,-25,-1,2,1,3,6
1533864574731465,0,-3,-4,3,1,0,0,6
1533864574731465,-3,0,6,-3,-3,-2,-2,-11
1533864574743438,-1,-4,-15,-1,1,1,-2,4
1533864574743438,6,0,-1,0,0,-1,-1,2
1533864574752387,-6,-3,-12,0,0,-2,-3,-5
1533864574752387,-1,-6,15,1,-3,0,5,4
1533864574767759,-3,0,8,-1,-6,-5,-7,-16
1533864574767759,-5,4,2,4,-1,1,0,-4
1533864574769637,0,-18,19,7,3,2,7,8
1533864574769637,4,-2,-18,-1,1,0,-5,-15
1533864574790587,-3,1,0,-2,-3,0,-4,-2
1533864574790587,-3,5,-47,-1,-1,-1,-3,1
1533864574791578,-1,9,57,2,-1,-1,2,-4
1533864574791578,-6,-5,8,0,1,-1,4,2
1533864574803545,-2,-8,-7,-2,-1,-2,-2,16
1533864574803545,-1,2,9,-1,-2,-3,-1,-2
1533864574812522,1,2,-34,-4,-2,-1,-3,4
1533864574812522,-5,-5,-2,-2,2,2,-1,3
1533864574827483,-3,-1,6,2,-3,0,2,-3
1533864574827483,3,1,6,-1,-1,0,4,10
1533864574829485,-3,5,15,-4,-3,-4,-5,-10
1533864574829485,-2,7,-7,-2,-3,-4,-2,2
1533864574850453,-1,-3,-13,1,-1,-4,-2,-7
1533864574850453,-3,-4,12,0,0,-1,-1,1
1533864574851433,3,-7,-17,-4,-2,-1,0,0
1533864574851433,-3,4,-2,2,-1,-2,-3,-6
1533864574864549,-2,6,-26,-4,-3,-2,1,4
1533864574864549,-12,-21,74,-1,0,-2,-4,-11
1533864574871364,-1,-1,-19,-3,-2,0,0,2
1533864574871364,0,-1,1,-3,-2,-4,-6,-1
1533864574887339,-4,-6,-6,1,2,1,2,1
1533864574887339,2,-1,-20,-3,-3,0,2,5
1533864574889345,-3,0,-12,0,-3,-2,-3,-3
1533864574889345,-4,-3,14,0,-1,-1,-4,-8
1533864574910264,1,1,1,-1,2,-3,0,-1
1533864574910264,8,10,-2,1,-3,-3,-8,-4
1533864574912265,-5,-12,-22,-6,3,4,4,8
1533864574912265,4,-7,-3,-4,-4,-1,-1,-3
1533864574924223,-4,8,-12,-3,-4,-2,0,2
1533864574924223,-7,-7,-17,-2,0,3,0,-8
1533864574933204,-2,0,-3,-2,-1,-3,-3,1
1533864574933204,4,6,-10,-1,-1,0,2,-2
1533864574947165,-4,-17,14,1,0,-1,-1,1
1533864574947165,-7,-1,-3,-1,3,-1,0,-6
1533864574949156,-2,2,-5,-3,-5,-2,-5,-13
1533864574949156,-3,3,-4,0,-4,-1,-1,3
1533864574970127,1,6,7,-1,-4,-3,0,8
1533864574970127,-2,0,-14,0,0,2,2,-5
1533864574972096,1,-3,7,3,0,-1,0,3
1533864574972096,-1,-2,-1,1,1,2,1,0
1533864574984066,-1,-2,-3,-1,1,-1,0,-7
1533864574984066,2,-1,7,-2,-3,-2,-2,2
1533864574993039,-3,4,-5,-4,-2,-1,-2,1
1533864574993039,-2,-5,2,1,-1,-1,-2,-13
1533864575008000,3,-3,-2,-2,2,3,2,8
1533864575008000,-4,14,-69,-3,-2,-3,-4,-15
1533864575009010,-2,-7,77,-1,-4,0,5,2
1533864575009010,-4,-7,1,-3,1,1,0,6
1533864575029944,-1,-10,20,1,1,-1,-5,-3
1533864575029944,-1,-1,-8,0,-1,0,1,4
1533864575031935,5,7,-23,-4,-4,-1,-4,-2
1533864575031935,-3,-7,0,1,2,0,0,-1
1533864575052878,-1,3,4,-1,-2,-1,-2,-3
1533864575052878,2,-7,6,-4,0,-1,-1,4
1533864575053875,0,-1,-13,3,0,-4,-2,-5
1533864575053875,1,3,3,-4,-3,-4,0,-1
1533864575068854,1,2,-16,-1,0,-2,-2,-2
1533864575068854,0,-2,14,0,-2,1,-1,-1
1533864575074820,-2,-2,-11,-1,-1,0,-1,1
1533864575074820,-2,1,-10,1,-3,-1,-2,-7
1533864575084792,3,-1,-7,-1,0,-4,-3,-2
1533864575084792,0,-4,13,0,-2,1,2,5
1533864575086798,-2,0,-4,0,0,-1,-2,3
1533864575086798,-3,-7,-12,-2,-4,-2,-4,-10
1533864575096761,-4,20,-12,-6,-2,0,0,-4
1533864575096761,0,-3,21,-2,2,0,0,2
1533864575104752,3,-2,-11,-1,2,0,0,5
1533864575104752,-9,-3,1,-3,-1,-1,-2,-5
1533864575119701,3,-1,-11,0,0,0,1,9
1533864575119701,-6,1,-6,-2,-2,-4,-5,-12
1533864575126696,0,0,-1,1,2,-2,4,3
1533864575126696,8,2,-3,-1,0,-3,-4,12
1533864575142638,-5,-1,2,0,-1,1,-2,-16
1533864575142638,-2,2,9,-5,-3,-1,-1,4
1533864575144634,2,-3,-5,-2,-3,-2,-1,-3
1533864575144634,3,3,7,2,-1,0,0,4
1533864575156602,-2,-6,1,2,0,-1,1,5
1533864575156602,3,-2,3,0,-1,-2,-1,6
1533864575165586,-1,1,-9,1,-1,-1,-1,-2
1533864575165586,0,2,0,-3,-2,-3,0,-1
1533864575179609,-1,-3,7,-2,-4,0,-4,-3
1533864575179609,-2,-2,-6,-2,2,-1,-2,-2
1533864575186539,-2,-2,-3,0,-2,0,-4,-3
1533864575186539,-2,-2,-4,-1,-1,-2,-1,-3
1533864575202479,-1,-5,6,-2,-2,-3,-1,-3
1533864575202479,1,-1,-3,-3,0,-2,2,3
1533864575204487,-2,0,-4,1,1,-2,-2,-4
1533864575204487,0,2,3,0,-2,1,-1,-1
1533864575216444,1,-5,-3,-5,1,-1,1,5
1533864575216444,-6,-2,-3,0,-1,2,-2,-8
1533864575232398,0,-2,-4,-5,-3,-3,-5,-4
1533864575232398,-9,-1,-54,-3,0,-2,-2,-6
1533864575239383,0,-21,80,7,-1,-3,-1,3
1533864575239383,0,-4,4,1,-2,-3,-4,-2
1533864575246365,-8,1,7,-2,-3,-1,-4,-15
1533864575246365,-1,-4,3,-3,0,3,0,2
1533864575262322,-2,5,-23,-2,-1,-2,-4,-2
1533864575262322,0,-2,-5,-2,0,-3,0,0
1533864575264313,3,0,-1,-1,-2,-2,0,5
1533864575264313,-4,0,2,-2,-1,-3,-3,-10
1533864575276290,-2,2,-13,2,-2,0,-1,-1
1533864575276290,0,-1,5,-3,-2,-2,-1,-5
1533864575285257,-2,1,-11,-2,-1,1,-2,-2
1533864575285257,4,-1,8,2,-1,-2,-1,5
1533864575299223,-6,-1,-10,-2,-2,1,0,-9
1533864575299223,1,1,-3,1,-2,-3,-1,5
1533864575306205,-1,-3,-1,1,1,1,0,0
1533864575306205,1,-3,9,0,1,1,-1,-1
1533864575322159,0,-5,10,-2,-1,1,0,-4
1533864575322159,2,-4,-41,-2,0,1,-1,0
1533864575324154,-2,-1,0,-5,-1,-2,-2,-2
1533864575324154,-3,-5,13,2,-1,-2,1,2
1533864575336121,1,11,-16,-6,-2,-3,-1,1
1533864575336121,-4,-3,-5,-2,-2,1,-1,-6
1533864575345097,2,-2,3,0,-3,0,-1,1
1533864575345097,-1,3,-3,-2,-2,0,1,1
1533864575360059,-1,0,-6,1,-2,-1,-2,-7
1533864575360059,0,-1,9,0,0,-1,-1,1
1533864575368035,-1,-1,-3,3,0,-2,0,-2
1533864575368035,1,1,8,0,-3,-2,0,3
1533864575383200,-8,-2,-13,-3,0,2,2,-10
1533864575383200,-1,2,13,-2,-3,-2,1,-1
1533864575383994,8,-1,-1,-2,1,-1,1,3
1533864575383994,-1,-1,0,0,-1,1,0,-1
1533864575395963,2,-1,-3,0,-1,-1,-1,4
1533864575395963,4,3,2,2,-1,1,0,5
1533864575404938,-1,2,-4,-2,-1,1,1,-5
1533864575404938,3,1,0,-3,-1,-2,-2,0
1533864575419897,1,-2,-3,-1,0,-1,0,3
1533864575419897,1,10,30,-3,0,-2,0,2
1533864575425880,-5,-1,0,-1,-1,0,0,-3
1533864575425880,-2,-2,1,-1,0,-1,-2,-4
1533864575441839,0,-1,8,-1,-2,-1,-1,1
1533864575441839,-3,-1,-13,-2,-2,-1,0,-7
1533864575448824,-3,-1,-4,-2,1,-3,0,0
1533864575448824,1,-1,-2,1,1,-1,0,-4
1533864575466772,-1,5,-11,-2,-1,-2,-4,4
1533864575466772,-3,-2,-10,-2,-1,0,-1,-5
1533864575467770,0,-14,63,0,-1,0,3,3
1533864575467770,-4,-6,-2,2,-1,-3,-1,-3
1533864575479746,3,0,-3,0,-1,0,-2,2
1533864575479746,0,-2,7,4,1,0,-1,-2
1533864575486738,-5,4,-14,-3,-3,-2,-5,-12
1533864575486738,2,1,-2,-2,-2,0,0,8
1533864575510663,-2,-3,2,0,-1,-2,-2,-13
1533864575510663,-6,-3,-9,-3,-1,-2,0,-4
1533864575511652,0,3,-18,0,1,0,1,2
1533864575511652,0,0,1,0,0,1,0,0
1533864575516642,-2,1,-11,-1,1,0,-3,0
1533864575516642,3,-3,-3,-4,-2,0,-2,3
1533864575525615,1,1,-6,-1,-1,-1,0,0
1533864575525615,0,-1,4,-2,-2,-1,0,-2
1533864575539580,0,-3,3,0,0,-1,1,1
1533864575539580,1,-4,-2,-2,0,-2,0,0
1533864575546559,0,0,-5,2,-1,-1,-1,0
1533864575546559,-2,2,-9,-4,-2,1,-2,-4
1533864575561538,0,8,27,1,1,0,0,0
1533864575561538,-2,-12,15,2,-1,0,2,7
1533864575568499,-5,-1,-8,0,-1,0,-3,-8
1533864575568499,-2,-3,-2,-1,0,-2,-2,-3
1533864575576479,-2,1,-13,-2,-2,-3,-1,-1
1533864575576479,1,1,-6,-2,-1,-1,-1,-2
1533864575585456,1,-1,3,0,-1,0,0,2
1533864575585456,0,-2,1,2,-1,-2,0,1
1533864575599615,-3,-5,-6,-4,-3,-1,-2,-2
1533864575599615,-4,2,-3,-4,-1,-3,-2,-9
1533864575606399,0,-1,-15,-3,-1,0,-1,2
1533864575606399,-2,-3,-1,-7,-3,-2,-1,-3
1533864575622574,2,-2,-9,-2,-2,-3,1,3
1533864575622574,-5,-3,-3,2,-1,2,2,3
1533864575628344,1,0,-1,0,-3,-2,0,2
1533864575628344,-3,-4,-2,0,-1,0,-3,-6
1533864575645297,-2,-1,-1,-2,-3,-5,-1,1
1533864575645297,2,-2,0,-1,-4,-2,-4,-1
1533864575647289,-2,-2,-3,-1,-1,-1,-2,-5
1533864575647289,0,2,-1,0,1,-2,0,-2
1533864575659260,-1,-1,-6,1,1,1,0,-1
1533864575659260,1,2,-5,0,-3,-2,-3,-2
1533864575666242,-2,-1,-4,-1,-1,-1,-1,1
1533864575666242,3,14,7,-4,-2,-2,-1,7
1533864575682378,-3,-5,-4,-1,0,-1,0,-13
1533864575682378,-1,-2,-3,-1,0,-1,1,-1
1533864575689200,0,-3,3,1,-1,-2,0,5
1533864575689200,-5,-2,-2,-1,-1,-1,-3,-7
1533864575705150,2,0,-1,0,0,0,-2,5
1533864575705150,1,2,12,-3,1,0,-1,0
1533864575707129,-2,-3,-7,-3,-1,0,-1,0
1533864575707129,-2,-4,-4,-1,1,1,0,0
1533864575728072,-4,-1,8,1,-2,0,-1,1
1533864575728072,1,-2,-8,1,-1,-2,-1,-2
1533864575729073,-2,-1,-3,-1,-1,-1,-3,0
1533864575729073,1,-2,2,-1,-2,-1,-1,0
1533864575742035,-1,-6,-9,-1,-2,0,-1,-1
1533864575742035,-2,1,-2,0,0,-1,-3,-2
1533864575749020,-1,0,-1,-3,-1,-2,1,2
1533864575749020,0,-4,-4,1,0,-1,0,4
1533864575765972,-4,-1,-4,-2,-3,-1,-3,-8
1533864575765972,0,0,-1,-2,-2,-2,-3,0
1533864575770958,1,0,8,-3,-1,-3,0,1
1533864575770958,-4,-2,-2,0,-1,-1,-1,-6
1533864575787915,-1,-2,1,1,0,0,2,5
1533864575787915,-5,0,-1,1,-1,-2,1,1
1533864575788955,0,-1,-5,-1,-1,0,-2,-3
1533864575788955,-3,-2,-1,-2,0,-2,-2,0
1533864575801899,1,-2,-1,-2,-1,-2,-1,1
1533864575801899,5,-3,-3,-3,0,-1,2,4
1533864575808861,-15,-4,-2,-2,-2,-1,-3,-17
1533864575808861,2,-1,-1,0,-2,-1,-2,8
1533864575824982,-6,-6,17,-2,-1,-2,-2,-10
1533864575824982,-1,-8,-29,1,-1,0,-1,3
1533864575826810,-2,1,23,2,2,-1,-3,-5
1533864575826810,0,-4,3,-1,-1,0,1,1
1533864575839777,-3,1,-7,-2,-2,-1,0,-2
1533864575839777,-1,2,-6,-1,-2,-2,-3,0
1533864575845761,2,-1,-6,-1,-3,0,0,5
1533864575845761,-2,0,-8,-1,-2,-1,-2,-5
1533864575861719,5,2,0,-1,1,-1,-2,5
1533864575861719,-1,4,8,-2,0,-1,-1,-5
1533864575868698,2,-2,-6,0,-1,0,-1,1
1533864575868698,-3,-1,2,-2,0,-1,0,-7
1533864575884662,-2,0,-7,-1,-4,-1,-1,0
1533864575884662,-1,-3,2,-1,0,0,0,0
1533864575886655,0,1,-4,0,0,-2,-2,-1
1533864575886655,0,-2,-7,-3,-1,-1,-3,1
1533864575899614,-1,-1,-3,-1,-1,1,1,2
1533864575899614,-2,0,1,-3,0,-2,-3,-6
1533864575906599,3,-3,-4,-1,-1,-3,1,8
1533864575906599,-3,0,0,0,-4,-1,-2,-6
1533864575921559,-1,-1,-4,-1,-2,-2,-2,-6
1533864575921559,0,0,6,-1,-1,-1,-1,-2
1533864575928803,1,-3,-6,-2,-1,-2,-1,1
1533864575928803,3,-2,3,1,1,0,-1,4
1533864575945542,-1,0,-4,-3,0,0,-2,-1
1533864575945542,2,0,0,-1,0,0,0,-3
1533864575946538,1,2,0,0,-1,0,-1,-1
1533864575946538,-1,0,-1,-3,-1,-3,0,-2
1533864575966482,-2,-1,1,-1,0,-1,-1,3
1533864575966482,-4,2,-2,0,-2,1,-3,-1
1533864575975455,0,2,-1,-4,-4,-1,-1,1
1533864575975455,0,-1,-3,0,1,0,2,-2
1533864575990418,3,0,0,1,1,0,0,3
1533864575990418,-4,-3,-1,-3,-1,-2,-2,-9
1533864575991411,-1,-2,-3,-1,-2,0,1,10
1533864575991411,1,-1,-3,-2,-4,-1,-2,-5
1533864576012356,-14,-5,-7,-4,-2,-1,-4,-8
1533864576012356,2,-4,0,1,-1,-1,1,2
1533864576014351,1,-2,2,-3,0,-1,-1,-3
1533864576014351,-3,-2,1,-3,-1,2,-1,1
1533864576026524,4,-1,-2,1,0,1,-2,3
1533864576026524,-2,-1,11,0,-1,-2,-1,0
1533864576035294,-4,-3,-5,0,-2,-2,-2,-7
1533864576035294,-2,-2,-3,-1,-3,-2,-2,0
1533864576050257,1,-1,1,-1,0,-3,-1,-2
1533864576050257,-2,-2,-11,-3,-1,0,-1,0
1533864576051252,3,-1,-1,-2,1,-3,1,-1
1533864576051252,-6,-5,-3,1,0,-1,-1,3
1533864576072199,-5,0,1,-2,-1,1,0,-8
1533864576072199,-1,0,3,0,0,0,0,-1
1533864576074191,-1,1,-1,1,-3,-3,-4,-3
1533864576074191,0,1,5,-3,0,-3,-1,1
1533864576086158,0,-1,-2,0,-2,-1,1,6
1533864576086158,-1,-3,-2,-1,-3,-3,-3,-5
1533864576095134,-2,-2,-2,-2,0,0,0,-2
1533864576095134,1,0,-5,-2,2,1,-2,-3
1533864576110311,2,1,0,-1,-1,-2,1,2
1533864576110311,-1,1,10,0,-1,-1,-1,-1
1533864576112096,-1,-1,-3,0,-2,-1,-1,0
1533864576112096,0,-1,-3,-1,0,-4,-1,-3
1533864576133054,-1,-1,0,0,-2,0,-1,-1
1533864576133054,-1,-2,-1,-2,0,0,1,5
1533864576134031,-3,-4,-1,-1,-2,0,-1,-5
1533864576134031,0,0,1,0,-1,0,-2,-7
1533864576146002,2,-3,-3,-1,0,-1,-1,1
1533864576146002,0,0,-5,-2,-1,-4,-1,0
1533864576154974,-2,1,-2,-2,1,0,-2,-3
1533864576154974,-1,2,-6,-1,0,-1,0,0
1533864576169934,-3,0,1,-2,-1,-1,0,-1
1533864576169934,-1,0,-2,-5,-4,0,-2,-3
1533864576171940,-1,-3,-1,-3,-1,0,-1,2
1533864576171940,-2,-1,1,0,-2,-2,2,-1
1533864576193041,1,-1,-2,-1,0,-3,1,2
1533864576193041,0,-3,-2,1,-1,-1,0,0
1533864576193872,-2,0,0,0,-1,-2,-2,-5
1533864576193872,-1,-2,1,0,-3,-2,-1,2
1533864576205840,-1,-1,-1,-1,-4,0,-1,-2
1533864576205840,-1,0,2,0,1,1,0,1
1533864576214814,0,-1,-3,-1,0,1,-1,1
1533864576214814,-2,-4,-1,-2,-2,-1,0,-1
1533864576229778,-1,-1,1,-2,-2,-2,-3,1
1533864576229778,1,-2,-7,0,-3,-1,-2,-1
1533864576231771,-2,-3,0,0,-1,0,1,1
1533864576231771,-2,0,-1,0,0,-3,-1,-1
1533864576252712,0,-2,0,-1,-3,-1,0,-6
1533864576252712,-1,-2,-4,-3,-1,-3,-2,0
1533864576253710,-4,-1,-1,-1,-2,-2,-1,-3
1533864576253710,0,-1,-2,-3,-2,-1,-1,2
1533864576266679,-2,1,-2,-1,1,-2,-2,-1
1533864576266679,-2,-2,-2,-1,0,-1,-4,-2
1533864576275652,0,-2,-1,-1,0,-1,1,1
1533864576275652,2,0,1,0,-1,-1,-1,5
1533864576289623,-5,-2,-2,-2,-1,-1,-4,-5
1533864576289623,-4,-3,-3,1,3,-1,0,-1
1533864576291610,1,3,0,-3,-2,-2,-1,-1
1533864576291610,-1,0,-1,-1,0,-1,-2,1
1533864576312558,-2,1,-1,-2,-1,0,-1,0
1533864576312558,-1,-1,0,-1,-1,-1,0,-1
1533864576314549,-2,-4,-4,-2,-2,-2,0,0
1533864576314549,-2,-3,-1,2,1,-1,0,-3
1533864576342473,-5,-2,-2,1,1,0,-3,-9
1533864576342473,-1,-1,-1,-3,-3,1,-1,-4
1533864576344467,-1,0,-1,-1,0,-2,-2,1
1533864576344467,-1,0,1,-3,-3,0,-2,-2
1533864576350455,1,-4,-2,0,-2,0,2,3
1533864576350455,0,-1,0,0,-1,1,1,1
1533864576351464,-1,-2,-3,-1,0,-1,1,2
1533864576351464,-4,-5,-6,-4,-2,-1,-3,-8
1533864576372417,-1,-2,-3,-3,-1,0,-1,1
1533864576372417,-2,-2,0,-4,-1,-3,-1,0
1533864576374388,-1,-1,-1,-1,0,2,0,-2
1533864576374388,0,0,-1,-1,-2,0,-1,1
1533864576395335,0,-1,0,0,-2,-2,-2,1
1533864576395335,-2,-1,0,1,-3,-3,-1,-2
1533864576396329,0,-2,-3,0,-1,0,-2,-1
1533864576396329,0,-1,0,-2,-2,3,-1,-1
1533864576410498,3,0,0,-2,-1,-2,1,-1
1533864576410498,-2,1,0,-2,-1,-2,-1,-1
1533864576411307,-2,1,-2,-2,-1,-2,0,3
1533864576411307,-1,0,-1,-2,-1,-2,-2,-4
1533864576433244,-1,-1,-3,-1,2,-1,-1,4
1533864576433244,-4,-3,-2,-2,-1,-1,-1,-3
1533864576434228,-2,-2,0,1,-2,-1,-1,-2
1533864576434228,0,-1,1,-1,-2,-1,-2,1
1533864576455175,0,-1,1,-1,-1,-1,-1,0
1533864576455175,-2,0,1,-2,1,0,0,1
1533864576457167,-6,-1,-1,-1,1,3,-3,-8
1533864576457167,-2,-3,-3,0,0,-2,-3,-1
1533864576469135,-1,1,-1,-1,-1,-1,-2,-2
1533864576469135,1,1,-3,0,-3,-3,-3,1
1533864576476118,1,-2,-1,-2,-2,-2,0,-1
1533864576476118,-2,0,-1,0,0,-1,0,0
1533864576493080,-2,-3,-1,-2,0,-3,0,-1
1533864576493080,1,0,-2,-1,-2,-2,0,0
1533864576494067,0,-2,-2,-1,-1,-4,-2,2
1533864576494067,1,1,-2,0,-1,-1,-1,0
1533864576515038,-2,-1,0,-3,-2,0,-1,-1
1533864576515038,-1,-3,-1,-1,-1,0,-2,-4
1533864576517005,0,-2,0,-3,-2,0,-2,0
1533864576517005,-3,-2,-5,1,-1,-1,-1,-2
1533864576529972,1,0,2,1,0,-2,-1,0
1533864576529972,1,0,-1,-1,0,0,-2,9
1533864576535957,-4,-2,0,0,0,-2,-3,-12
1533864576535957,-3,-4,-4,-1,1,0,2,1
1533864576552910,-2,1,-1,-3,-3,-2,-2,-2
1533864576552910,-1,-1,-1,-2,-1,-1,-2,0
1533864576553928,-2,-1,-1,-1,-1,-1,-1,-2
1533864576553928,-2,0,-1,0,-1,-2,-1,-3
1533864576574855,-2,-3,-3,0,0,1,-1,-2
1533864576574855,-2,-2,0,-3,-1,-1,-2,-5
1533864576576846,-1,-1,-2,-2,-1,-1,-2,0
1533864576576846,1,-1,2,-3,-1,-2,-1,-2
1533864576589815,0,-2,-5,-2,-2,-1,-1,0
1533864576589815,0,2,-1,1,0,-4,-1,-3
1533864576596796,-3,-2,-3,0,1,2,0,-1
1533864576596796,-1,-3,-2,-1,0,-2,-1,1
1533864576612750,2,-1,-1,0,2,-3,-1,2
1533864576612750,-7,-3,-3,0,-1,-2,-1,-10
1533864576614745,-1,-1,-1,0,-3,-1,-2,3
1533864576614745,0,-1,2,-2,-2,0,-1,-4
1533864576634692,1,-1,-2,-3,-1,-1,0,2
1533864576634692,1,-3,-2,0,-1,0,1,-1
1533864576636688,-2,-1,0,-2,-2,-2,1,0
1533864576636688,-2,-2,2,-1,-2,0,-1,-1
1533864576649742,-3,-3,0,0,1,-3,-1,-2
1533864576649742,-1,-1,-3,-2,0,0,0,0
1533864576656633,0,-1,0,0,-2,-3,-1,0
1533864576656633,-1,0,-7,1,-1,0,0,0
1533864576672593,-4,0,0,-1,-3,0,-3,-4
1533864576672593,1,-1,-1,-3,-1,0,-2,0
1533864576674585,-2,0,-1,-1,-2,-2,-2,-3
1533864576674585,0,0,-1,-1,0,-1,-3,2
1533864576695528,-1,-2,-1,0,-1,0,0,-4
1533864576695528,-3,-2,0,-2,0,-2,0,0
1533864576696544,3,0,0,-1,-2,-1,-1,2
1533864576696544,-4,2,3,1,0,0,-2,-3
1533864576709534,2,1,0,-3,-3,-1,-2,-6
1533864576709534,1,-1,-1,-1,-1,-1,-1,1
1533864576716476,-1,0,-2,-2,-1,0,1,-1
1533864576716476,0,-1,-2,-2,-1,-1,0,-1
1533864576732433,0,-4,-3,0,-2,-2,0,2
1533864576732433,0,0,0,-2,-3,-3,-1,1
1533864576734425,-1,-2,-1,-1,1,-2,-1,-6
1533864576734425,-1,-2,0,-2,0,-3,-2,-3
1533864576755372,-2,0,-3,-1,-1,1,0,-1
1533864576755372,2,-2,-3,-1,-1,0,-1,2
1533864576756366,-2,-2,-3,-1,-2,-2,-1,-3
1533864576756366,-2,-2,0,-4,-2,-2,-1,0
1533864576769337,-1,-1,1,-1,0,-1,-2,0
1533864576769337,-1,-1,-1,-1,-1,-2,0,-1
1533864576777310,1,-3,-2,-1,-1,-2,-1,0
1533864576777310,-2,-4,-2,0,-1,-1,-1,-3
1533864576792274,-1,0,4,1,1,-1,-2,6
1533864576792274,0,1,-1,-1,0,-2,-2,-6
1533864576794265,-6,0,-1,-1,-1,-1,-1,-6
1533864576794265,-1,1,-1,-1,-2,0,0,1
1533864576815212,-1,0,-1,-1,-1,0,-1,1
1533864576815212,0,-3,-2,-2,-3,2,-1,0
1533864576817207,-1,-2,1,-1,-4,-2,-3,0
1533864576817207,1,-1,-1,-1,-2,-3,-1,2
1533864576829171,-5,-3,-4,-2,-2,-1,-1,-4
1533864576829171,-2,0,2,0,0,-3,0,-1
1533864576838147,2,0,-3,-1,-1,-2,-1,-2
1533864576838147,1,-1,0,-1,-2,-1,-2,1
1533864576852110,2,-1,-1,0,1,-4,-2,-1
1533864576852110,-1,-1,1,-2,-2,-1,-1,0
1533864576854105,-1,-1,-1,0,0,0,-2,1
1533864576854105,-1,1,1,-1,-3,-1,1,-1
1533864576875051,-1,0,-3,-2,-1,-1,-1,1
1533864576875051,-6,-3,-2,-1,-2,-1,-2,-7
1533864576877043,2,0,-2,-1,0,0,0,1
1533864576877043,-2,-1,-2,0,-2,0,-2,0
1533864576897991,-4,-3,-2,-1,-1,-1,-2,-1
1533864576897991,-2,1,1,-3,0,-1,-3,0
1533864576898984,-2,1,-1,0,-1,-1,-2,-1
1533864576898984,0,-2,-2,-3,0,-2,1,1
1533864576912950,-1,0,0,-1,-2,-2,1,-1
1533864576912950,0,1,-3,1,-2,-1,-1,2
1533864576913944,-1,1,0,-3,-1,-1,-1,-1
1533864576913944,-2,1,-1,0,0,1,-1,-1
1533864576934888,-1,1,-2,-1,-2,0,-2,-4
1533864576934888,-2,-2,0,-1,-1,1,-1,-3
1533864576936883,0,-4,-3,-3,-2,0,-1,0
1533864576936883,-2,-3,0,-2,0,-3,1,-1
1533864576948854,-2,-1,0,1,-1,-1,-1,-2
1533864576948854,0,-2,-3,-1,0,-1,0,2
1533864576957827,-1,-2,-2,-1,0,-2,-1,0
1533864576957827,-1,-1,0,-1,-1,-3,-2,-1
1533864576979789,0,-2,-1,-1,-1,-1,-2,-1
1533864576979789,0,0,0,-1,0,-2,0,-1
1533864576981764,-1,2,-1,-1,-1,0,-2,-2
1533864576981764,-2,-3,0,-1,0,0,-2,-4
1533864576994729,-1,-1,-1,-1,-1,-2,2,2
1533864576994729,-5,-1,-1,-1,-3,0,-1,-6
1533864576996724,-3,-2,-1,-1,0,-2,-2,0
1533864576996724,-1,-2,-2,-2,-1,-1,-2,-1
1533864577008692,2,-1,-2,-2,-3,-1,-2,3
1533864577008692,-3,-2,-1,-1,-1,-1,-3,-2
1533864577017682,2,-1,1,1,-3,0,-1,-1
1533864577017682,-3,-3,-1,1,-2,1,-2,0
1533864577032665,-2,0,0,-1,1,-2,-1,-1
1533864577032665,0,-1,-2,0,4,-2,-2,5
1533864577034621,-1,-2,0,-2,-1,-3,0,-1
1533864577034621,2,3,2,-1,-1,-1,0,1
1533864577055571,-1,-3,-2,-1,-2,0,0,-8
1533864577055571,-2,0,-1,1,0,0,1,1
1533864577056564,-2,-1,-3,-3,0,-1,1,-2
1533864577056564,1,-3,-2,-2,-1,-3,-3,0
1533864577077510,-1,0,0,1,0,-3,-2,0
1533864577077510,-1,-1,0,-1,-1,-1,-3,1
1533864577079501,3,-3,0,-2,-2,2,-2,0
1533864577079501,0,-1,-2,-1,-1,-2,-1,-2
1533864577091470,-1,-2,0,-1,-3,0,-1,-1
1533864577091470,-1,-3,0,-1,-1,1,-2,-4
1533864577092594,0,-1,-1,0,2,-2,-2,2
1533864577092594,-1,-1,-2,-2,-1,0,0,-3
1533864577114411,-3,-1,0,-1,0,0,-3,-3
1533864577114411,2,-1,-3,-3,-3,-2,0,3
1533864577115406,-3,-1,0,-1,-3,-2,-1,-3
1533864577115406,-1,-1,-2,-1,-1,-2,-1,-1
1533864577137363,-1,-2,-1,-1,-1,-3,1,-2
1533864577137363,-1,-1,-2,-3,-1,-2,-2,0
1533864577137363,-1,-1,-1,-2,-1,-1,0,1
1533864577137363,-1,-1,0,-1,0,-2,-3,-3
1533864577152308,0,-1,0,-1,-2,-1,1,-1
1533864577152308,0,-1,-2,0,-3,-5,-2,-1
1533864577152308,-3,0,-1,1,-1,0,-1,-1
1533864577152308,-3,-1,-3,-2,-1,0,-1,2
1533864577174248,-3,-3,0,-3,-1,-2,-1,0
1533864577174248,-2,0,-2,1,-1,-1,0,-6
1533864577175246,-4,-3,-1,-1,0,-2,-1,-4
1533864577175246,0,-4,-3,-1,-2,0,-2,-2
1533864577197213,0,0,-1,1,-1,1,-2,-1
1533864577197213,-1,-4,-4,0,-4,-1,-1,0
1533864577197213,-2,1,5,2,0,-2,-1,-1
1533864577197213,-3,0,-1,1,0,-1,0,-1
1533864577212147,-3,-1,-4,0,0,-2,-2,-8
1533864577212147,0,-1,-2,-2,2,-1,-1,-1
1533864577213145,0,0,-5,0,0,-2,-2,1
1533864577213145,-2,-3,-1,-1,-3,-2,0,-2
1533864577234091,0,1,0,0,-3,-3,-1,-1
1533864577234091,0,-2,-1,-1,-2,1,0,1
1533864577235085,-2,-1,-1,-1,-1,-1,-2,-2
1533864577235085,0,2,-1,0,0,-3,-1,-1
1533864577257030,-1,-2,-3,0,-1,1,-2,0
1533864577257030,-2,-3,0,0,0,-1,-2,-2
1533864577258024,-1,-1,-2,-1,-2,-1,-1,-1
1533864577258024,-1,-2,-3,-2,-2,0,-1,4
1533864577271990,-5,0,0,-3,-1,-2,-2,-2
1533864577271990,0,1,2,-3,0,-2,-1,-1
1533864577272985,0,-1,0,1,0,0,1,0
1533864577272985,-4,-2,1,1,-2,-2,-1,-3
1533864577293928,0,-3,-1,-1,-2,-2,-2,-6
1533864577293928,-1,0,-2,0,0,-1,-1,-3
1533864577294925,0,-2,0,-3,-4,-1,-1,-1
1533864577294925,-1,0,-1,-1,-1,0,-1,2
1533864577316870,-1,-4,-3,-2,-1,-1,-2,-5
1533864577316870,0,-2,-1,-1,-2,-1,-1,-1
1533864577317864,-1,0,-3,-2,1,-1,-2,-3
1533864577317864,1,-2,-1,0,-1,-1,-1,-1
1533864577331831,-1,1,-1,0,0,0,-2,2
1533864577331831,1,-2,1,-1,-2,-1,0,1
1533864577332837,-1,0,-3,-1,-3,-3,-1,-1
1533864577332837,-1,-2,-2,-2,-2,-1,-1,-2
1533864577354769,-1,-2,-2,-2,-1,1,1,1
1533864577354769,-3,0,-1,-1,1,0,-2,-5
1533864577354769,-1,-2,-2,-1,0,0,0,-2
1533864577354769,-1,-1,0,-2,-1,-3,-3,-4
1533864577376813,0,-5,0,0,-1,-1,-2,1
1533864577376813,-2,0,-1,-4,-1,-3,0,1
1533864577377720,-1,-2,-1,-1,-1,-2,-2,-3
1533864577377720,-3,0,-2,0,-1,2,2,-2
1533864577391863,-2,2,0,0,-2,-1,-1,-1
1533864577391863,1,2,4,1,-3,0,-3,4
1533864577392680,-6,-2,0,0,-1,-1,-1,-3
1533864577392680,-2,-2,-1,-2,-1,-1,-3,-1
1533864577414609,0,-2,-1,0,1,1,0,2
1533864577414609,-2,-1,-5,0,-3,-1,-1,-2
1533864577415608,2,-1,0,-1,-1,-3,-1,4
1533864577415608,-3,-1,0,-1,0,1,-1,-3
1533864577436564,-1,1,0,-3,-1,-2,1,1
1533864577436564,-3,-1,-2,-1,2,1,1,2
1533864577437544,-1,-2,-1,-2,0,1,1,3
1533864577437544,2,2,-1,1,2,0,-1,-2
1533864577453502,1,1,-1,-2,0,-3,-1,3
1533864577453502,-2,-2,-2,-2,0,-1,0,-3
1533864577454512,-1,-1,0,-1,-3,0,-1,-1
1533864577454512,-1,-2,-2,-1,-1,1,-1,0
1533864577474448,-4,0,-2,-2,-1,1,-1,-3
1533864577474448,0,0,-1,-1,-1,-1,-2,0
1533864577475443,0,-2,-1,-2,-4,-1,-1,-3
1533864577475443,0,-2,-1,-2,-2,-1,-1,2
1533864577497403,1,0,-2,-1,1,-1,-1,0
1533864577497403,-2,-3,0,-1,0,1,-1,-5
1533864577497403,1,1,0,-2,-2,-1,-1,-1
1533864577497403,1,0,1,0,-3,-3,0,-1
1533864577512344,-1,-1,0,-2,-1,0,-1,1
1533864577512344,-2,-3,-3,-1,-2,-1,-3,-11
1533864577512344,1,1,0,1,1,-2,0,2
1533864577512344,-2,-1,-1,-3,0,-4,-1,-5
1533864577534288,-3,0,-3,-2,-1,-3,-2,-1
1533864577534288,-1,-1,2,-3,-2,-2,-1,2
1533864577535282,-3,0,-1,-3,-3,-1,-2,-2
1533864577535282,-2,-2,-1,-2,0,-1,-2,-3
1533864577557227,0,-3,0,1,-2,2,1,-1
1533864577557227,-1,-1,-2,1,-3,0,0,-1
1533864577558239,-2,-1,-4,0,0,-1,1,-3
1533864577558239,-1,-1,-2,0,-1,0,1,-1
1533864577572188,1,-1,-3,1,-1,-3,-3,-1
1533864577572188,-2,-2,-2,0,0,-5,-3,0
1533864577573181,2,1,1,0,-2,-1,-1,-1
1533864577573181,-2,0,0,-2,-1,-1,-2,-2
1533864577594128,-2,-1,0,0,-2,-1,-1,0
1533864577594128,0,0,-1,-1,0,1,0,0
1533864577595122,-2,-2,-1,-1,1,-2,0,0
1533864577595122,-1,-1,-1,0,-1,-2,-1,0
1533864577617097,-2,-2,-2,0,-2,0,-1,-2
1533864577617097,-1,-1,-1,-2,-1,1,-1,1
1533864577618063,2,-1,-4,-2,-1,1,-3,5
1533864577618063,-5,-2,-2,-1,-1,-1,-1,-8
1533864577632027,0,-2,-1,-3,-2,-2,-1,-1
1533864577632027,0,0,-3,-2,0,-3,0,-1
1533864577633021,-1,-1,-1,-3,0,-2,-3,-1
1533864577633021,-1,-3,-1,0,-1,-1,1,3
1533864577653965,0,-2,-1,-1,-1,-2,0,-3
1533864577653965,1,-1,-2,0,0,-3,0,2
1533864577654963,-6,-2,1,0,-3,-1,-3,-7
1533864577654963,1,1,-1,2,-2,-1,-2,1
1533864577676904,-3,2,0,-1,-1,1,-1,-1
1533864577676904,0,0,-2,-2,-1,-2,-2,5
1533864577677902,-1,-1,-1,-1,-1,-3,0,-8
1533864577677902,1,-1,0,-2,-2,1,-2,-2
1533864577691982,-1,-4,-1,-2,1,-1,-1,-2
1533864577691982,1,-3,-3,-2,-2,-2,-1,1
1533864577692862,-1,-3,0,-1,-3,-1,0,1
1533864577692862,-1,0,0,-2,-2,-2,0,0
1533864577714805,1,0,-1,-1,-1,1,-1,0
1533864577714805,-3,1,0,0,-1,1,-2,-8
1533864577714805,-1,-1,-1,0,1,-2,-1,4
1533864577714805,0,0,-2,-1,1,-3,0,-3
1533864577736744,-2,-2,-1,-1,0,-4,-1,-2
1533864577736744,-1,0,-1,0,-1,-2,0,-3
1533864577737741,1,0,-1,-2,-2,0,-1,1
1533864577737741,-3,-2,-1,-4,-1,1,-1,1
1533864577751704,0,0,-1,0,-1,-3,-1,2
1533864577751704,-1,-1,0,-2,-1,0,-1,-1
1533864577752701,0,-3,-3,0,-1,-1,-2,-3
1533864577752701,1,0,-1,0,-2,-3,0,1
1533864577774646,-2,1,-2,-2,-1,1,0,-1
1533864577774646,-1,-1,-2,-2,-2,-1,-1,0
1533864577775644,-2,-2,-1,-1,0,-3,0,-2
1533864577775644,-3,-2,-1,-2,-2,-4,-3,-3
1533864577797617,-3,-2,0,-2,-1,-2,-1,-1
1533864577797617,-2,-1,-2,0,0,-1,0,-5
1533864577797617,-2,-1,-1,0,1,-1,-1,1
1533864577797617,1,-2,-2,1,0,-2,-1,-1
1533864577811545,0,0,-1,-1,-1,0,-1,2
1533864577811545,-8,-2,1,0,-1,1,-1,-9
1533864577812552,1,0,-2,0,-2,-2,0,0
1533864577812552,0,0,-1,-2,-1,-2,-3,2
1533864577834482,1,0,-1,0,-3,-1,1,-7
1533864577834482,1,-1,-2,-1,-2,-2,-1,3
1533864577835481,0,-3,-2,-1,-3,2,0,1
1533864577835481,-2,-3,-2,0,0,1,0,0
1533864577856424,1,-1,0,-2,-1,-1,-1,-1
1533864577856424,0,0,0,-1,1,-3,-1,-1
1533864577857442,-1,-2,-2,2,-2,-2,-4,-5
1533864577857442,0,0,0,0,0,1,0,-1
1533864577871385,-1,-1,-1,1,-1,0,0,6
1533864577871385,0,-1,-1,-2,-2,-2,-1,-7
1533864577879366,2,1,0,-4,-1,1,0,4
1533864577879366,-5,-3,-1,-2,-1,0,-3,-3
1533864577894325,-1,-2,-2,0,-1,0,-3,0
1533864577894325,-1,-1,-3,-2,1,1,-1,2
1533864577895335,1,0,-1,0,-2,1,-1,-2
1533864577895335,0,-3,0,-1,-1,-2,-1,-1
1533864577917261,-3,-1,-1,-2,-1,-2,-3,-3
1533864577917261,-1,0,0,2,-1,-4,-2,1
1533864577917261,-3,0,-1,-2,-1,-1,0,-3
1533864577917261,-1,-2,-3,-1,-3,0,-1,-2
1533864577931226,-2,-1,-2,-3,-4,-2,0,1
1533864577931226,1,0,0,-1,-1,1,-2,3
1533864577939202,-7,-4,-2,-4,-1,-3,-1,-9
1533864577939202,1,-1,-2,-1,0,1,-1,3
1533864577954166,-1,-3,-1,0,0,-1,-1,-11
1533864577954166,-1,-1,0,0,-3,0,-2,3
1533864577955181,1,0,-2,0,1,-1,0,1
1533864577955181,-3,-1,0,-2,-2,-2,0,-3
1533864577977111,-5,-1,-1,-2,0,-1,-1,-3
1533864577977111,0,-1,-1,0,-1,1,0,2
1533864577978098,-2,0,-4,-2,-1,-2,-4,-7
1533864577978098,2,0,0,1,-3,-2,-1,2
1533864577991283,-4,1,-1,-2,0,-2,-1,-1
1533864577991283,-2,-2,1,-3,-1,-2,-1,-4
1533864578007024,-2,-1,-2,-1,0,-1,0,1
1533864578007024,0,-1,0,-1,0,-3,-2,-1
1533864578014003,0,-5,0,0,-3,0,2,4
1533864578014003,-6,-5,-4,-3,-1,1,0,-8
1533864578015000,-1,1,0,-2,-3,0,0,1
1533864578015000,1,2,-1,-1,-1,-1,-1,-1
1533864578036941,0,2,0,-3,0,-2,0,-2
1533864578036941,1,0,-1,-2,0,-2,0,-2
1533864578037939,-2,-3,-2,-1,2,-2,-1,-1
1533864578037939,-1,-2,-3,1,0,0,-1,-1
1533864578051064,-1,-2,0,2,-1,-2,-1,3
1533864578051064,-2,-1,0,-1,-3,-3,0,-1
1533864578059879,-1,-1,-2,-3,-2,-1,0,1
1533864578059879,-4,0,0,-2,-2,-1,-1,-3
1533864578074839,-2,-1,-2,-5,-1,1,-2,-3
1533864578074839,0,-3,-3,-2,0,1,0,1
1533864578074839,1,-2,3,2,2,0,0,0
1533864578074839,1,1,-2,-2,-4,-1,-2,1
1533864578096784,-5,-1,-1,-1,-2,-1,0,-3
1533864578096784,1,0,-3,-1,-1,-1,-1,0
1533864578097778,1,-1,-1,0,-1,-1,-1,1
1533864578097778,1,-3,-2,-1,1,-3,1,2
1533864578111744,0,-6,-2,-1,0,-1,-1,-3
1533864578111744,-1,-1,-2,2,-3,-2,-3,1
1533864578119723,-2,-4,-1,0,1,-2,-3,-3
1533864578119723,-2,-3,1,-2,0,-1,-1,-1
1533864578134680,0,1,-1,-2,-2,-2,0,-1
1533864578134680,0,-2,-2,-1,-2,-2,-1,0
1533864578135685,-2,-1,-3,0,-3,2,1,0
1533864578135685,-3,1,-2,-1,-4,0,-1,-3
1533864578156634,2,-1,0,-2,-1,-1,-3,1
1533864578156634,-1,-2,-1,-1,-1,-1,0,-3
1533864578157619,-1,-1,0,-1,-1,-1,-1,-1
1533864578157619,-1,-2,-1,-1,0,-1,0,-3
1533864578180560,-1,-1,-2,0,0,0,-1,2
1533864578180560,2,0,1,-2,0,-1,-1,4
1533864578180560,-3,0,0,-1,-3,-1,1,-6
1533864578180560,-3,-1,-2,0,-2,-1,0,-2
1533864578194523,0,-2,0,-3,-1,-3,-1,0
1533864578194523,0,-3,2,-2,-1,0,0,3
1533864578195517,-1,0,-2,-2,1,-1,0,0
1533864578195517,-2,0,-2,-1,-3,1,-4,-1
1533864578217458,0,-1,-2,0,-1,-1,-1,-1
1533864578217458,-1,1,-1,0,-1,-1,-1,4
1533864578217458,-4,-2,0,-2,-1,0,-4,-8
1533864578217458,-1,-1,-1,-2,-1,-2,-1,-4
1533864578240396,0,-2,-2,-2,-3,-2,0,1
1533864578240396,-2,-2,-3,-2,-2,-1,-1,-1
1533864578241395,0,1,-1,2,0,-2,1,0
1533864578241395,0,0,0,-1,2,-2,-2,-3
1533864578254359,-1,2,-1,-1,-1,-1,-1,-3
1533864578254359,-2,-2,-1,-3,0,1,-1,-3
1533864578255360,1,-1,-1,-1,-3,-1,-1,2
1533864578255360,-4,-2,-1,-2,-2,-1,-2,-6
1533864578285292,1,-1,-1,1,2,-1,-1,3
1533864578285292,-4,-1,-2,-1,-2,-1,-2,-10
1533864578286276,-2,-2,-3,-4,0,-2,-2,0
1533864578286276,0,-2,-2,-2,0,0,0,2
1533864578300236,-2,-1,0,1,-1,-3,0,-1
1533864578300236,-3,-2,-2,-1,-2,-1,0,-4
1533864578301233,0,-2,0,0,-3,0,-2,2
1533864578301233,1,-1,-2,0,-1,0,-1,3
1533864578314203,-3,-2,-1,-2,-1,0,0,-3
1533864578314203,-1,1,-2,0,-1,0,1,0
1533864578315196,-1,0,0,-1,-1,0,-1,-5
1533864578315196,-2,1,-2,0,0,-1,-1,2
1533864578337148,0,-1,-1,-2,-1,0,-3,-2
1533864578337148,1,-1,-2,-1,0,-1,-1,3
1533864578338140,-7,-1,-1,-2,-2,-2,-1,-6
1533864578338140,0,-1,2,-1,-1,-1,-2,-4
1533864578360080,-1,0,-2,-1,-2,-2,0,1
1533864578360080,-1,-1,0,0,-2,1,0,-1
1533864578361078,2,-1,0,-2,0,-2,0,2
1533864578361078,-1,-1,-1,-1,0,-1,-1,-1
1533864578374042,-1,-1,-1,-3,-3,-2,-1,-1
1533864578374042,2,-2,-3,0,1,-2,-4,0
1533864578375036,-1,-1,0,-1,1,0,-3,-2
1533864578375036,-3,-2,-1,0,0,-2,0,-1
1533864578396981,0,-4,-4,0,-1,-1,-3,0
1533864578396981,-1,-1,1,-1,-1,-2,0,-1
1533864578397975,-2,-1,-2,-1,-2,-1,-3,1
1533864578397975,0,0,-2,-2,0,-1,-1,2
1533864578419916,-2,0,2,-1,-2,-2,-1,-5
1533864578419916,-1,0,-1,-3,-1,-2,-1,-3
1533864578420914,0,0,-1,-1,-1,-2,-1,0
1533864578420914,2,0,0,-1,-2,1,0,4
1533864578434876,-10,-1,-2,-3,-2,1,-2,-10
1533864578434876,-1,-2,0,-2,-1,0,-4,-2
1533864578434876,2,-1,-2,-1,-1,-2,0,7
1533864578434876,-2,-1,-2,-1,-4,-2,-1,-10
1533864578456821,1,-1,-3,-1,0,-2,0,2
1533864578456821,-3,-1,0,0,-1,-2,-2,-3
1533864578457815,-1,-1,-1,-3,-1,-1,-1,0
1533864578457815,-1,0,0,-2,-1,-1,-2,0
1533864578480757,0,-1,-3,-1,1,0,0,0
1533864578480757,0,-1,-2,-2,0,-1,0,0
1533864578480757,-3,-1,-2,0,-3,-2,-1,-4
1533864578480757,1,1,-1,1,-2,-2,1,0
1533864578494720,-1,0,-2,1,-2,-2,-3,-6
1533864578494720,-2,0,-1,-2,-2,-3,-1,1
1533864578494720,0,-1,-2,-1,0,-1,-1,-2
1533864578494720,-1,-3,-1,-3,0,-1,-1,-1
1533864578516661,-1,-1,-1,-3,-3,-2,-1,2
1533864578516661,0,-1,-2,0,0,0,0,-2
1533864578517668,-1,-2,-2,0,-3,-2,-1,-3
1533864578517668,0,-2,-2,-1,-2,1,-1,4
1533864578540599,-3,-2,1,0,1,1,1,-8
1533864578540599,2,-1,-1,-1,-2,0,-1,1
1533864578541603,3,-1,-1,-1,0,0,-1,3
1533864578541603,-4,-3,-2,-2,1,-1,-2,-1
1533864578562535,0,1,0,-1,-2,-1,-2,3
1533864578562535,-3,-1,-2,-3,-1,0,-1,-3
1533864578563532,-3,0,-3,0,-2,-2,0,-3
1533864578563532,-1,0,-2,0,-3,-1,-2,1
1533864578577498,-1,-3,-2,-2,-1,1,0,2
1533864578577498,-3,-2,0,-3,-1,-1,-1,-4
1533864578578492,1,0,-2,-1,0,1,0,1
1533864578578492,-1,-2,-2,-2,0,0,-1,-4
1533864578600437,1,1,0,0,-1,-2,-2,2
1533864578600437,-3,-1,-2,-1,-3,-3,-1,2
1533864578600437,-1,0,1,-2,0,-1,-1,-2
1533864578600437,-1,0,-1,0,0,-2,-1,-1
1533864578614516,-1,-3,0,2,0,-1,-1,-1
1533864578614516,1,0,-1,-1,-2,-2,-1,1
1533864578615394,-1,-1,-1,-2,-3,-1,-2,-6
1533864578615394,-4,-1,-1,-2,0,-4,-2,-9
1533864578637338,2,-1,-3,-2,-2,1,0,6
1533864578637338,-3,-1,-1,0,1,0,-1,-3
1533864578637338,-3,-2,-2,-1,-2,0,1,-1
1533864578637338,-1,1,2,-2,-1,-1,-1,1
1533864578660277,-2,0,0,-2,0,0,-1,-3
1533864578660277,0,-3,-2,-1,-1,-2,-1,-2
1533864578661271,-2,-1,-3,1,-2,-1,-2,0
1533864578661271,-2,-2,-2,0,1,-1,0,-1
1533864578674308,0,1,0,-1,0,-2,-1,-2
1533864578674308,-1,-1,0,-1,0,0,-2,-2
1533864578675235,-1,-2,-1,0,1,-1,0,1
1533864578675235,1,-1,-1,-3,-3,-1,-1,0
1533864578697387,-1,-2,0,0,-1,-2,0,-1
1533864578697387,-1,0,-2,-2,-3,1,-1,2
1533864578698174,1,-2,-2,-1,0,0,-2,-3
1533864578698174,-3,-2,-2,-1,-1,1,0,-2
1533864578719116,-1,-1,0,-1,-1,-1,0,1
1533864578719116,1,-1,1,-2,-1,-3,1,0
1533864578727099,-2,-2,1,-2,0,-1,-2,3
1533864578727099,-6,-3,-1,0,-1,-2,-1,-5
1533864578734082,-2,0,-2,-1,0,2,0,0
1533864578734082,-2,-2,-3,1,1,0,-2,-4
1533864578735089,-1,-1,-1,-2,0,0,-1,1
1533864578735089,1,-1,0,-1,-2,-2,0,-1
1533864578757184,0,0,0,-1,-4,-3,-1,-3
1533864578757184,-2,0,1,0,-1,-2,-2,-2
1533864578758013,-3,-2,-2,-2,0,-1,-2,0
1533864578758013,1,-2,-2,0,-1,0,-1,1
1533864578779957,-1,-2,-1,-1,-1,-1,-3,3
1533864578779957,1,-1,-2,-2,2,-2,0,0
1533864578780951,-3,-3,0,-1,-2,0,-2,-7
1533864578780951,0,0,-2,-2,1,0,-1,1
1533864578794916,-1,-4,-4,0,-3,0,0,-1
1533864578794916,-1,1,-1,0,-2,0,-2,0
1533864578794916,0,-4,-2,1,1,-3,0,0
1533864578794916,2,-1,-3,-1,-2,-1,0,0
1533864578816858,-3,-1,0,-1,-2,-3,-4,-9
1533864578816858,-1,-1,-1,-1,0,-2,0,-2
1533864578817853,-1,-2,-1,-3,-1,0,0,0
1533864578817853,0,-3,-1,0,1,-1,-1,1
1533864578839797,0,0,-1,-1,1,0,0,1
1533864578839797,-2,0,2,0,-3,-3,-3,1
1533864578840791,0,0,-1,-1,0,0,0,-1
1533864578840791,-1,0,-1,1,-1,0,0,1
1533864578853756,-1,0,-1,-1,-1,0,-1,-1
1533864578853756,-2,-1,-1,1,-2,0,-1,1
1533864578861747,-5,-1,-2,-4,-2,-3,-2,-7
1533864578861747,0,-1,0,-1,-2,-2,-2,-1
1533864578876695,1,-2,-1,-1,-1,0,-1,-1
1533864578876695,1,-2,-2,-3,-2,0,-1,-4
1533864578877696,-1,-1,-2,-1,-2,-3,-1,-1
1533864578877696,0,-2,-2,-2,0,-1,-1,1
1533864578899637,-2,-1,1,-1,0,-3,-1,-1
1533864578899637,-1,-3,-1,0,0,0,-2,0
1533864578900631,2,-1,0,0,-3,-1,1,2
1533864578900631,-1,-1,-2,0,-2,-3,-2,-3
1533864578913599,0,0,-2,0,-1,-2,-1,4
1533864578913599,-1,-2,-1,-2,0,0,2,-2
1533864578921578,-2,-1,-1,0,0,0,0,-2
1533864578921578,0,0,1,0,-3,-1,-1,-1
1533864578936546,-1,-1,0,-1,-2,0,0,-1
1533864578936546,-1,-2,-5,2,-2,-1,-1,-1
1533864578937540,0,0,0,0,0,0,-2,-2
1533864578937540,-3,-1,-2,-1,-2,-2,1,0
1533864578960475,-2,-1,-3,-1,-2,-1,0,-2
1533864578960475,-1,0,-1,-1,-2,-1,-1,-3
1533864578960475,4,1,-2,0,-2,-1,-1,1
1533864578960475,1,-2,3,1,0,2,-2,0
1533864578973439,-5,-2,0,-2,1,-1,0,-4
1533864578973439,-2,-1,-2,-1,-1,-2,-2,0
1533864578982422,-1,0,-2,-2,-3,0,-1,2
1533864578982422,-3,-2,0,-3,-1,1,-1,-2
1533864578997547,0,-3,-2,-2,-1,-2,0,0
1533864578997547,-1,0,-1,0,-1,-1,-2,0
1533864578997547,-1,-2,-1,-1,0,-3,-2,-3
1533864578997547,0,0,-2,0,-2,-2,-1,-3
1533864579020483,-1,-1,-3,0,-1,0,0,-1
1533864579020483,-1,1,-1,-1,0,-4,-2,-2
1533864579021310,-1,-2,-2,0,-2,-1,-1,-1
1533864579021310,-1,1,0,-1,-2,-2,-2,-1
1533864579034284,0,0,-2,-3,0,1,0,0
1533864579034284,-1,-2,0,-2,-1,1,1,1
1533864579042252,-4,-2,-1,-1,0,0,-2,-3
1533864579042252,2,0,-1,1,-3,-1,1,8
1533864579057419,0,0,0,0,-3,0,-3,-4
1533864579057419,1,-1,-1,-2,-2,0,0,0
1533864579058210,-2,-2,-1,-2,-1,-2,-1,-1
1533864579058210,0,-2,-2,-3,0,1,-2,-1
1533864579080347,0,-2,-1,-1,-1,-2,0,1
1533864579080347,1,-1,-3,-3,-3,1,-1,-3
1533864579081175,1,0,-1,-1,0,-2,-2,0
1533864579081175,-2,-1,-2,-2,0,-4,0,-3
1533864579094308,-1,0,1,-1,-3,-2,1,-1
1533864579094308,-1,-3,-2,-1,-1,0,-1,-2
1533864579102110,-2,1,0,0,-2,0,0,-1
1533864579102110,-1,-2,-3,-1,-1,0,-1,-2
1533864579117055,0,-2,-3,0,1,-2,-2,-1
1533864579117055,0,0,1,1,-1,0,-1,-1
1533864579118050,0,-1,0,-2,-2,-1,0,-1
1533864579118050,-2,-1,-2,0,-1,0,-2,-4
1533864579139995,0,-1,-1,-1,-4,-2,1,1
1533864579139995,-7,-3,-3,-1,-1,0,1,-6
1533864579140989,0,-2,-1,-2,-1,-3,-1,1
1533864579140989,1,-1,-1,-2,-1,-1,-1,-1
1533864579162932,-3,0,0,0,0,-2,-4,-5
1533864579162932,0,-2,-1,1,1,-1,-1,2
1533864579162932,-1,0,0,-1,0,-2,-1,1
1533864579162932,0,-1,1,-1,0,0,0,1
1533864579176892,0,-1,-2,-2,-3,1,-1,-4
1533864579176892,0,1,0,0,0,-1,-1,1
1533864579177889,-2,0,-1,-1,0,0,0,-2
1533864579177889,-2,-3,0,0,-1,-3,-1,-1
1533864579199833,-3,-3,-1,-2,0,-1,-2,0
1533864579199833,0,-2,0,-1,0,-3,0,0
1533864579200828,-1,-2,-4,0,-2,-1,-1,-2
1533864579200828,-2,-4,-1,1,-1,-1,-2,0
1533864579222954,1,0,1,-2,-1,-1,1,1
1533864579222954,-1,0,-2,-3,-3,2,-1,0
1533864579223768,0,0,-1,0,0,2,-1,2
1533864579223768,-3,-2,-3,-1,-1,0,0,-3
1533864579236735,1,0,-2,0,-3,-2,-2,-1
1533864579236735,-3,-4,-2,-3,0,-1,-1,-2
1533864579237737,1,0,0,-1,-1,-3,0,2
1533864579237737,0,-1,-2,0,-3,0,-1,0
1533864579259894,-3,-1,0,-1,2,-3,-2,-6
1533864579259894,0,-1,1,-3,-1,-3,-2,0
1533864579260667,-2,-1,1,0,-3,-1,0,-2
1533864579260667,0,0,-1,-1,-2,-2,-1,-1
1533864579282612,0,0,-1,-1,-3,0,1,1
1533864579282612,0,-2,-1,1,2,-1,-3,3
1533864579283618,-6,-3,-2,-1,-1,0,-2,-6
1533864579283618,-4,-1,-2,-2,1,0,-2,-2
1533864579297590,0,-2,-2,-3,-1,-1,-1,0
1533864579297590,-3,1,-3,0,-2,-2,-1,1
1533864579297590,1,-1,-2,-4,-1,-3,-3,0
1533864579297590,-1,1,-1,-1,-1,-2,-1,-1
1533864579320508,-2,-4,0,1,0,0,0,-1
1533864579320508,-1,-4,-2,-2,-1,-1,-2,-2
1533864579320508,0,-2,-1,-1,0,-2,-1,1
1533864579320508,-2,-3,-1,-2,-2,1,0,-3
1533864579342465,2,1,0,-1,0,1,0,-1
1533864579342465,1,0,0,0,0,-1,0,-1
1533864579343447,-2,-1,-3,0,1,0,0,-2
1533864579343447,-1,1,-1,-1,0,-3,-2,0
1533864579357412,-2,-1,1,0,-2,-4,-3,1
1533864579357412,-3,-2,-1,1,-2,-1,-3,-2
1533864579357412,0,-1,-1,-1,-3,1,-2,-1
1533864579357412,-1,-2,-3,-2,0,-1,-2,-3
1533864579380348,0,0,-1,-1,-3,-1,-1,0
1533864579380348,0,-1,-1,-2,-1,-4,0,0
1533864579381345,2,-2,-1,-3,0,-4,-1,3
1533864579381345,-1,-4,0,-2,-3,-4,0,-2
1533864579402289,-2,-3,-1,-1,0,-1,-1,-1
1533864579402289,2,-1,0,-3,-2,2,-1,-2
1533864579403287,0,-2,-1,-3,1,0,0,-1
1533864579403287,-2,-2,-3,-1,0,0,-1,-1
1533864579417249,-2,1,-1,-2,-3,-2,0,-4
1533864579417249,0,0,0,0,-2,-1,-1,-1
1533864579417249,-2,-2,-2,0,-2,0,-1,-3
1533864579417249,-1,-1,0,-1,-2,0,-1,-1
1533864579440188,-2,-1,-3,-2,-2,2,0,1
1533864579440188,-1,0,-1,-1,-2,-2,0,-2
1533864579441186,0,0,-1,0,-1,-4,0,1
1533864579441186,-2,-1,0,0,-1,-2,-1,-3
1533864579463138,-1,-2,-1,-2,0,-1,0,1
1533864579463138,-3,-2,0,-2,0,0,0,-3
1533864579463138,-1,-1,-1,-2,-1,2,-1,-1
1533864579463138,-1,1,-2,1,-2,1,-2,-2
1533864579478163,0,-2,0,0,0,-3,-2,1
1533864579478163,3,-2,-3,-1,1,-3,-1,4
1533864579478163,-6,-1,0,-1,-1,-2,0,-6
1533864579478163,0,-2,-2,-2,-2,-2,-1,0
1533864579500031,-2,1,-2,0,-1,1,-1,-1
1533864579500031,-2,0,-1,0,-2,-1,-1,0
1533864579501038,2,1,-2,0,-2,0,-2,0
1533864579501038,0,-2,-1,-2,-2,-1,0,0
1533864579522970,-2,-4,-1,-1,1,-2,0,-1
1533864579522970,-2,-2,-3,0,-1,1,-2,-1
1533864579522970,1,-1,-3,-1,-1,-1,-2,0
1533864579522970,-3,-2,0,0,-1,0,-1,0
1533864579536933,0,-1,0,1,-2,0,-3,-1
1533864579536933,-1,-1,-1,0,-1,-3,0,-2
1533864579537927,-1,-5,-2,0,1,-2,-2,-1
1533864579537927,0,-1,0,-2,1,-2,1,4
1533864579559871,-2,0,-3,-3,1,0,-3,-5
1533864579559871,-3,-1,-2,-2,-2,-2,0,-2
1533864579560865,-1,1,-1,-3,-1,0,-3,-2
1533864579560865,0,0,-2,-2,2,-1,-1,-4
1533864579582809,-1,0,-2,-1,-1,-2,-1,1
1533864579582809,1,-1,-1,-1,1,-2,-1,2
1533864579583804,-4,0,-1,-2,-4,-2,0,-6
1533864579583804,1,-1,-1,-2,0,-1,1,2
1533864579596772,-1,-2,0,-1,-2,-1,0,-2
1533864579596772,0,-1,-2,-2,-2,0,-1,0
1533864579597766,-1,0,0,0,-2,-2,-2,1
1533864579597766,-3,0,-2,0,-1,-1,0,-1
1533864579620708,-1,-2,0,0,0,0,-1,-1
1533864579620708,-1,0,-2,1,0,0,-1,-2
1533864579620708,0,1,0,-1,1,-1,0,0
1533864579620708,1,1,-1,-1,-3,-1,-1,1
1533864579642646,-5,-1,-2,-2,-1,-1,0,-2
1533864579642646,-2,-3,-2,-1,-1,-1,-1,-2
1533864579643645,-2,-2,-1,-2,0,-2,-1,-2
1533864579643645,1,0,-2,0,1,-1,-3,-2
1533864579656636,-1,-2,0,-2,-2,-3,-1,2
1533864579656636,-2,-2,-1,-2,-1,-1,-1,-3
1533864579664621,1,0,-1,0,0,-3,1,2
1533864579664621,-1,-1,1,0,-4,-2,-1,0
1533864579680572,0,0,-3,0,-1,0,-1,-3
1533864579680572,-1,0,-4,0,-1,-1,-1,-2
1533864579680572,0,-2,-1,-1,-2,1,-2,0
1533864579680572,0,-1,1,-1,-1,-1,-2,-3
1533864579702513,0,-2,0,0,-2,-4,-1,1
1533864579702513,-2,-1,-1,-1,-2,-2,0,-1
1533864579703485,0,-2,-2,-1,1,1,-1,0
1533864579703485,-3,-1,-2,-2,-1,-1,0,-3
1533864579717518,0,0,-2,-3,-1,1,0,-1
1533864579717518,0,1,1,-2,-3,1,-1,0
1533864579717518,0,-3,-2,0,-2,-3,1,2
1533864579717518,-5,-2,-1,0,-3,-4,-3,-7
1533864579740388,1,-1,-1,-2,-1,-1,0,-1
1533864579740388,0,-2,0,1,-1,0,0,-1
1533864579741382,-2,0,0,-2,-1,0,-2,1
1533864579741382,0,-3,0,-1,-1,0,-2,4
1533864579762330,1,0,-1,0,-1,-3,-1,-1
1533864579762330,-2,-2,1,-2,-1,0,-2,-5
1533864579763335,1,-1,-2,-2,0,-1,-2,1
1533864579763335,-1,1,-3,-1,-1,-3,-1,-1
1533864579776292,-4,-4,-2,-1,0,0,-1,2
1533864579776292,1,1,0,-3,-3,-3,0,1
1533864579785283,-1,0,-1,-1,-2,-2,0,-3
1533864579785283,-1,1,0,-2,-1,1,-2,0
1533864579800228,4,1,-2,-1,-2,-1,-1,3
1533864579800228,-1,0,-1,0,0,-2,-3,-2
1533864579802220,-2,-1,-1,-2,0,-2,0,0
1533864579802220,-1,-2,0,-2,-2,-2,-1,-3
1533864579823164,0,0,-1,-1,-4,-2,1,0
1533864579823164,-1,-1,-1,0,-2,-1,0,-1
1533864579824167,-1,1,-1,1,-2,-2,-2,-2
1533864579824167,-1,0,-1,0,2,0,0,1
1533864579836133,-2,-2,-2,-1,0,-2,-4,-2
1533864579836133,-3,-2,-1,0,-1,0,-1,-3
1533864579845116,-3,-4,-1,-1,-1,-1,-3,-4
1533864579845116,0,0,-2,-1,-3,-1,-1,1
1533864579860064,-2,0,-2,0,0,-1,-1,-4
1533864579860064,-3,-1,-2,0,-1,0,-2,-3
1533864579862059,2,-1,-1,-1,-1,-2,0,0
1533864579862059,-2,0,-1,-2,1,-2,-1,-3
1533864579883183,-2,-3,-2,-1,0,1,0,-1
1533864579883183,1,-3,0,0,-1,-2,-2,0
1533864579884001,-1,-1,-1,-1,-2,1,-1,0
1533864579884001,0,-1,-1,-1,-3,0,-1,-3
1533864579896147,-1,0,-2,-2,-3,-2,-5,-4
1533864579896147,0,-1,0,-2,-1,-2,0,3
1533864579904948,-4,0,1,-1,0,-2,0,-6
1533864579904948,0,-3,-3,0,0,-1,0,0
1533864579919908,-1,-1,-1,-1,0,-1,-1,-1
1533864579919908,2,-1,-2,-1,0,-1,1,1
1533864579921900,-1,0,-1,-1,-2,0,-2,-1
1533864579921900,-1,0,-1,1,0,-3,0,0
1533864579950822,-4,-1,1,-1,-2,0,1,-1
1533864579950822,-1,0,-3,-3,-1,-1,-2,-3
1533864579951827,0,0,2,-3,-3,0,-1,0
1533864579951827,-1,-3,1,-1,-1,-3,-1,-1
1533864579955811,-1,0,-3,-2,-2,0,-1,1
1533864579955811,-3,0,-1,1,-1,-1,-3,-3
1533864579964788,-2,-1,-3,1,-2,-2,-2,0
1533864579964788,0,-1,-1,-1,-2,-1,0,0
1533864579979745,0,0,-1,0,-1,-2,-2,-4
1533864579979745,-2,-3,-4,-4,0,-1,1,-3
1533864579981740,0,-1,-4,-1,-1,1,-1,-3
1533864579981740,-3,-2,-3,-2,-1,0,-1,-1
1533864580002710,-2,-1,-1,0,-1,-2,-1,-1
1533864580002710,0,-3,0,-2,0,-1,0,1
1533864580004690,0,-3,-4,-3,3,0,-2,-3
1533864580004690,-1,-1,1,-1,-1,-2,4,4
1533864580016688,-2,0,1,0,-5,-1,-8,-12
1533864580016688,1,0,1,-2,-3,-1,-2,2
1533864580025622,-2,-1,0,-1,-2,-3,-2,-2
1533864580025622,0,-2,-2,-2,0,1,-1,-3
1533864580040587,-1,-2,-2,0,0,-2,1,1
1533864580040587,-1,1,-2,-1,-1,0,-1,-1
1533864580041580,3,1,0,-1,-1,1,-1,-1
1533864580041580,-2,0,-1,-2,-2,1,-1,2
1533864580062529,-6,-3,-1,0,-1,1,-2,-2
1533864580062529,-1,-1,0,-2,-3,1,-1,-3
1533864580064518,0,-3,-2,-3,0,-2,0,1
1533864580064518,-1,-1,0,-2,-3,0,-1,-2
1533864580085462,3,0,-2,-4,0,-2,0,1
1533864580085462,-3,-2,-1,0,-2,-2,-2,-2
1533864580086459,-3,-2,0,1,-1,2,0,-3
1533864580086459,-1,-1,-2,0,-3,-1,-3,0
1533864580100425,0,-2,0,-1,0,-1,-1,2
1533864580100425,-1,-2,-1,-2,-1,-2,-2,1
1533864580101420,1,0,-1,-1,1,-1,-1,-1
1533864580101420,0,0,-1,0,0,-1,-1,-3
1533864580122396,-1,-2,0,1,0,-2,0,0
1533864580122396,-2,0,0,1,-2,-2,0,0
1533864580124359,-2,-1,-1,0,-2,-2,-3,1
1533864580124359,-3,-2,-3,0,-1,-1,-2,-4
1533864580145305,0,0,-3,-2,-2,0,2,1
1533864580145305,0,-2,-1,0,-2,-2,0,-3
1533864580147300,-3,-1,-3,0,-1,-1,-1,0
1533864580147300,-1,-3,0,-1,-1,-1,-3,-2
1533864580159267,-1,-2,-1,0,-1,1,-2,1
1533864580159267,-2,-2,0,-1,0,-1,-2,-4
1533864580168240,-2,-1,-3,-1,-2,0,-2,0
1533864580168240,0,-2,1,-2,-2,-1,-2,0
1533864580183240,-1,-2,0,-3,-1,-1,0,0
1533864580183240,0,-3,-3,-3,-1,0,0,4
1533864580184198,-4,1,-1,0,-2,-3,0,-2
1533864580184198,-2,0,-2,-1,-3,-3,-2,-6
1533864580205186,-1,1,-3,-1,-1,-2,0,0
1533864580205186,-2,0,-1,-2,-1,0,-2,-2
1533864580207138,1,-4,0,-2,1,1,-1,-6
1533864580207138,-1,-1,-1,-1,2,1,1,1
1533864580219112,-1,-2,-1,-1,-2,-1,-3,-3
1533864580219112,-2,-1,-2,0,-2,-2,-1,-1
1533864580228080,0,0,-1,-1,-2,1,-1,2
1533864580228080,-1,1,-1,-1,0,-1,-2,-1
1533864580243041,1,1,-3,-1,-1,0,0,-1
1533864580243041,0,-1,-3,-2,-1,-2,-1,-1
1533864580244049,0,1,3,-1,-1,-1,-1,1
1533864580244049,-1,-3,2,0,-1,0,-2,0
1533864580264985,-2,-3,-2,-1,0,1,-2,-3
1533864580264985,0,-2,-2,1,-1,1,-1,-2
1533864580266976,0,-2,-3,0,-2,-1,0,-1
1533864580266976,-1,-1,-3,-2,-2,-2,0,0
1533864580279993,-2,0,0,-1,-3,-3,0,0
1533864580279993,-2,-1,0,-3,-2,-3,-2,-2
1533864580286978,-1,0,-4,-2,0,-2,0,0
1533864580286978,-1,-1,-1,-1,-2,-1,0,1
1533864580302880,1,-2,-1,-2,4,2,1,-1
1533864580302880,-1,0,-1,0,1,-1,-2,-2
1533864580303878,-1,-2,0,-3,-7,-3,-4,1
1533864580303878,-1,-1,-1,1,-1,0,-2,-2
1533864580324821,-3,0,-1,-3,-2,-3,-2,-2
1533864580324821,-2,1,-1,1,2,1,-2,0
1533864580326816,1,-1,-1,-1,0,-3,0,-1
1533864580326816,-1,-4,-3,-1,-1,-1,0,-3
1533864580339785,0,-1,-2,-1,-2,-1,0,0
1533864580339785,0,-1,-1,-2,0,-1,-1,1
1533864580346766,0,-1,-1,-1,-2,0,-2,-3
1533864580346766,1,0,-3,-2,0,-3,-2,-1
1533864580362937,-2,-2,-3,1,2,-1,-1,-1
1533864580362937,-1,-2,-2,-3,-3,0,0,-2
1533864580364715,-3,-1,0,0,0,-1,-3,-1
1533864580364715,-1,-2,0,-2,-3,0,1,-1
1533864580385659,1,-1,1,0,-5,-1,-1,1
1533864580385659,-1,-2,-1,-1,-3,1,-1,0
1533864580386657,-1,-2,-1,-2,0,0,1,-2
1533864580386657,-1,-2,-2,-1,0,-4,-2,0
1533864580399792,-1,-1,-2,-2,0,-2,-2,-1
1533864580399792,-1,-1,0,1,0,1,0,-1
1533864580406678,1,-1,-1,2,-2,0,0,-2
1533864580406678,-3,-1,-1,-1,-2,0,-2,-2
1533864580422639,0,0,-1,-1,-1,-1,-1,-1
1533864580422639,-2,-3,-1,-4,-2,-2,0,-3
1533864580424630,-2,0,-3,1,-1,-1,-1,-2
1533864580424630,0,0,-3,-2,-2,-1,-1,-4
1533864580445709,-2,-4,0,1,-1,-2,-1,-1
1533864580445709,-2,1,-1,0,-2,0,1,0
1533864580446585,-2,-2,1,-2,-2,-2,-1,0
1533864580446585,2,0,-2,1,-1,0,-2,5
1533864580459536,-1,2,-1,-1,-3,0,-2,-3
1533864580459536,-1,1,0,-2,-1,-2,-1,0
1533864580466521,-3,-5,-2,-3,-4,-3,-1,-2
1533864580466521,1,-1,-1,-2,0,-1,-1,-1
1533864580482478,0,-2,-1,-2,0,0,0,0
1533864580482478,-3,-3,-1,-1,0,-3,0,-3
1533864580484470,-3,0,-2,1,2,0,1,0
1533864580484470,-2,0,1,-1,-3,-1,-1,-2
1533864580505414,-2,-2,0,1,-2,-4,-2,0
1533864580505414,-1,-3,-1,0,-1,-2,-2,-2
1533864580507408,0,3,-1,-2,-1,-3,-2,-1
1533864580507408,-4,-2,-2,-2,-2,-1,-1,-1
1533864580519377,0,1,1,0,-2,-1,-2,-1
1533864580519377,0,1,-2,0,0,-1,-2,1
1533864580526358,2,-2,0,0,0,0,-2,-1
1533864580526358,-3,-1,0,1,0,-1,-2,-3
1533864580542315,1,-2,-3,0,1,-1,0,-1
1533864580542315,1,-2,-1,2,-2,0,0,2
1533864580544317,-1,-4,-2,-3,-4,-1,-2,-2
1533864580544317,-7,-1,2,-2,-2,0,-1,-6
1533864580565254,-2,-1,-2,-1,1,1,-1,-1
1533864580565254,0,2,-1,1,1,-2,1,6
1533864580567248,0,-4,-3,-3,0,-3,-1,-1
1533864580567248,2,-1,-1,-3,-2,-4,-2,1
1533864580579376,-4,-1,0,-1,-1,1,-1,-1
1533864580579376,-2,-2,-2,-3,-1,0,-3,-1
1533864580588193,-2,1,-2,1,-1,2,-1,0
1533864580588193,1,1,0,0,-1,0,-2,-2
1533864580603151,0,-1,-2,-2,-2,-1,1,-1
1533864580603151,0,1,-1,-2,-1,-3,-1,-3
1533864580604150,-3,-2,-2,0,-2,0,-3,-4
1533864580604150,-1,0,-2,1,0,0,-1,-3
1533864580625093,1,0,-2,-1,-2,-1,0,1
1533864580625093,1,-3,-2,-1,-2,-2,0,2
1533864580627088,-6,-1,-3,-1,0,-1,0,-6
1533864580627088,0,-3,-1,-1,1,-1,2,2
1533864580639056,-5,-2,-1,-2,-1,-2,-3,-3
1533864580639056,2,-2,-2,-2,-1,-1,-5,-2
1533864580648032,-3,2,-2,-3,-2,0,0,-2
1533864580648032,0,0,-3,-1,-7,0,-1,0
1533864580663000,-2,2,0,0,-2,-1,0,-1
1533864580663000,-3,-2,2,0,-1,-1,1,-4
1533864580668976,0,-6,0,-2,0,-1,-1,1
1533864580668976,-1,0,-2,-1,0,0,-1,0
1533864580684934,-1,-2,-2,-1,-3,-2,-1,-1
1533864580684934,-3,0,-3,-1,-2,-1,-1,-3
1533864580686928,2,-1,1,0,-1,-2,-1,2
1533864580686928,-1,-1,0,-3,0,-2,-1,-1
1533864580699076,0,-1,-2,-1,2,0,-1,3
1533864580699076,-5,-1,-2,-2,1,1,-3,-11
1533864580707872,-1,0,-1,0,-1,-1,1,0
1533864580707872,-1,-2,-2,2,-1,0,-2,-2
1533864580722835,-1,1,0,0,-2,-1,-2,-2
1533864580722835,2,-1,-1,-3,-1,0,0,0
1533864580723829,-1,0,-3,0,-1,0,-1,-2
1533864580723829,-2,-5,-30,-1,-1,-2,-1,-3
1533864580744773,0,0,21,-2,0,-3,-2,0
1533864580744773,-1,0,0,-2,-2,-1,-1,1
1533864580746768,0,-1,-2,-1,-1,-1,-2,-1
1533864580746768,-3,-2,-4,0,0,0,1,2
1533864580758736,-1,-1,-9,-1,0,2,-3,-1
1533864580758736,-1,-1,0,1,0,1,0,-2
1533864580767726,-2,1,7,1,-2,-1,-2,1
1533864580767726,-1,-3,7,-2,0,-2,-1,-1
1533864580782702,-2,-4,-4,-4,-1,-3,1,2
1533864580782702,3,2,2,-1,-4,-2,0,1
1533864580784668,-2,-2,-6,-1,1,-3,0,-2
1533864580784668,-1,1,4,-2,1,1,-2,0
1533864580805744,0,-3,-6,0,-1,1,-1,-2
1533864580805744,1,-2,-7,-1,-3,0,-2,3
1533864580806609,0,1,-1,0,-2,-3,1,0
1533864580806609,-1,-1,6,-2,-3,-2,-1,-3
1533864580818579,-1,0,-2,-1,-1,-3,-2,0
1533864580818579,-2,-3,-1,0,-2,-2,-1,-2
1533864580827558,0,-1,-2,-1,-1,2,-2,-3
1533864580827558,-1,-2,5,0,-1,-1,-2,-1
1533864580842516,-2,-4,-4,-1,0,-1,0,-3
1533864580842516,-1,0,0,-1,-1,-3,-1,-2
1533864580844506,0,0,-2,-2,-2,-2,-1,-1
1533864580844506,1,2,-1,-3,-2,-1,-1,2
1533864580865668,-1,1,0,-1,-1,0,-2,-3
1533864580865668,-5,-3,-1,-1,1,-2,-2,-3
1533864580866449,-1,-2,-1,0,-2,-2,-2,0
1533864580866449,1,-2,-1,2,-2,1,1,-2
1533864580879413,-4,-3,-4,1,-5,-2,-3,-3
1533864580879413,1,-1,1,-1,-2,0,-1,7
1533864580887392,-3,-2,0,-2,0,-3,-1,-5
1533864580887392,-1,-2,2,0,2,-1,-1,-2
1533864580902352,-1,1,-1,0,2,-1,1,-2
1533864580902352,0,-1,0,0,-1,0,0,0
1533864580904371,-2,0,-3,-2,-2,-1,-2,-1
1533864580904371,-1,-1,-1,1,-1,0,-1,-2
1533864580925308,0,-2,-2,-3,0,-1,0,0
1533864580925308,-2,-1,-1,1,-1,0,-3,-3
1533864580927338,1,-2,-1,-3,-2,1,0,-1
1533864580927338,-1,-1,-2,-2,-2,0,-1,-2
1533864580939415,-1,0,0,-3,-2,-2,-2,-1
1533864580939415,-3,0,-1,0,-1,-1,-1,-4
1533864580948237,0,-2,0,-1,-2,0,-2,-2
1533864580948237,0,-1,-1,0,-1,-1,-1,-1
1533864580962196,1,0,-2,-2,0,-3,-2,0
1533864580962196,-2,-3,-2,-1,1,-3,0,-2
1533864580964186,-1,-1,0,0,1,0,-2,1
1533864580964186,-1,-1,-1,-1,-3,-1,-1,0
1533864580985131,-1,1,-1,1,-2,0,0,1
1533864580985131,-5,-1,-1,-3,0,1,0,-7
1533864580987127,-1,-4,-1,0,-1,-1,0,6
1533864580987127,-1,-2,-1,-2,-2,-2,-2,-7
1533864580999094,-1,-1,2,-4,-4,-2,-2,0
1533864580999094,0,1,-3,-2,0,-1,-3,0
1533864581008070,0,-2,-1,-2,-1,0,1,0
1533864581008070,-5,-3,-3,-2,-3,-3,-3,-4
1533864581023070,-1,-2,-3,-2,-2,0,0,-1
1533864581023070,-2,-1,-1,0,0,0,1,-1
1533864581024086,-1,0,0,-2,0,-2,-2,-3
1533864581024086,1,1,0,-2,0,-3,1,0
1533864581044971,-1,-2,0,0,1,0,-1,-2
1533864581044971,0,-2,-2,-1,-1,0,0,2
1533864581046965,-2,-1,1,-3,0,-3,0,-2
1533864581046965,-2,-1,1,-1,0,0,-2,-1
1533864581067909,0,-1,-3,0,-3,0,-1,-1
1533864581067909,1,-3,-4,0,-3,0,-1,-1
1533864581068907,-4,0,-3,0,-1,-1,-1,-3
1533864581068907,-3,-1,-1,-1,1,-1,-2,-1
1533864581082870,-1,0,-1,0,1,1,-2,-3
1533864581082870,0,0,2,-2,-1,-3,0,1
1533864581083882,0,0,-1,-2,-2,-2,-2,-3
1533864581083882,0,0,2,-1,0,-1,-2,1
1533864581104833,-1,-4,-3,-1,-1,-3,-1,3
1533864581104833,-6,-2,-2,-1,1,-1,0,-1
1533864581106806,0,0,0,0,0,-1,-1,-3
1533864581106806,2,-1,-1,0,-2,-2,1,1
1533864581127768,-2,-2,-2,0,-3,-1,-2,-2
1533864581127768,-1,-6,-21,0,-3,0,-1,-1
1533864581129743,-1,3,31,-1,-3,0,-1,0
1533864581129743,-3,0,1,-1,-1,0,0,-1
1533864581142712,-2,0,0,-2,-1,0,0,-1
1533864581142712,-1,-1,0,-2,-1,-3,-1,-1
1533864581144709,0,-1,-10,-1,0,1,-2,-2
1533864581144709,0,-1,-3,-1,0,0,-1,1
1533864581165656,0,0,7,-2,-3,-2,-2,-1
1533864581165656,0,2,4,-3,-3,-3,-1,-2
1533864581166662,1,1,-6,-1,0,-4,-1,0
1533864581166662,-3,-6,-2,-1,-1,-2,-1,-1
1533864581187592,0,-1,-5,-3,1,0,0,-1
1533864581187592,-2,15,3,-1,0,0,-1,-1
1533864581189584,-2,-14,-13,-2,-2,0,0,0
1533864581189584,-5,-1,-1,0,-1,0,-2,-5
1533864581202550,-2,-6,-2,-2,-1,-3,-1,-1
1533864581202550,1,1,3,-1,0,0,-3,0
1533864581208579,-2,0,-3,-1,0,-2,-1,-1
1533864581208579,2,2,1,-2,-4,-2,-3,-1
1533864581225522,-2,-4,2,-1,1,-1,0,-1
1533864581225522,-1,-3,4,1,-2,0,0,0
1533864581226487,-2,0,-5,0,-1,0,0,0
1533864581226487,-1,-3,-3,-2,-2,-1,-1,1
1533864581247432,0,3,-2,0,0,1,-1,-2
1533864581247432,0,-4,-2,-1,-2,-1,-2,-4
1533864581249424,-1,0,-3,-3,1,0,-1,-1
1533864581249424,1,-5,-3,-2,1,-1,0,1
1533864581262502,0,3,-1,-2,-3,-2,-1,-2
1533864581262502,0,-3,0,0,0,-1,-3,-1
1533864581268372,-2,-2,-3,-1,0,-1,-1,-2
1533864581268372,-1,5,0,-3,0,-3,0,-2
1533864581285327,-2,-2,-3,1,0,0,0,1
1533864581285327,-1,-9,-30,-3,-2,-3,-2,-4
1533864581286324,0,4,21,-1,-1,-2,-1,-1
1533864581286324,-1,0,0,-2,2,-3,0,-2
1533864581308279,-2,-2,-2,-1,-2,-2,-1,-3
1533864581308279,-2,-1,-2,-1,-1,0,-1,-2
1533864581309282,-1,0,-8,-1,-3,-1,0,-1
1533864581309282,0,-2,-4,-1,-1,0,-1,0
1533864581322233,0,-1,3,-1,-1,-1,-1,3
1533864581322233,-6,-2,7,-1,-2,-2,-3,-8
1533864581336192,-1,-4,-7,1,-2,-2,-1,-1
1533864581336192,-1,12,1,-3,-1,0,0,-1
1533864581345169,1,0,-6,0,-1,-3,-1,-2
1533864581345169,0,-1,4,0,-1,-1,2,2
1533864581347164,0,-2,-5,-1,-2,-2,-1,-1
1533864581347164,-2,-5,-5,0,-3,-2,0,-2
1533864581368105,-3,-1,-1,0,1,0,-3,-2
1533864581368105,0,2,5,0,-1,2,-1,0
1533864581369105,-2,0,-1,0,-1,-2,0,-1
1533864581369105,0,-1,2,-2,-2,-1,-3,2
1533864581382073,-2,-2,-4,-2,0,0,1,-3
1533864581382073,0,-2,4,-2,-1,0,1,1
1533864581389057,-2,2,-5,-3,0,-2,-2,-1
1533864581389057,-2,-4,-3,-1,0,-1,0,-1
1533864581405120,0,-7,1,1,0,-2,-3,-2
1533864581405120,-2,1,-1,-1,-2,-2,-1,0
1533864581407115,1,-1,-2,1,1,-2,2,1
1533864581407115,-3,-2,-1,-2,-1,-1,-3,-7
1533864581428058,-1,-2,0,-3,0,0,0,-1
1533864581428058,-1,-1,0,-2,0,0,0,0
1533864581429056,-3,1,-3,-4,-3,0,0,0
1533864581429056,0,-3,0,0,0,-1,-2,0
1533864581442024,-2,1,-4,-1,-2,1,-2,-1
1533864581442024,0,-1,3,-2,-1,0,-1,-2
1533864581449006,-2,-1,0,-1,0,-1,-1,0
1533864581449006,0,0,-1,-1,1,-2,-2,-2
1533864581464963,-2,1,-1,-1,-1,-3,0,-1
1533864581464963,0,2,-2,0,0,-2,-2,2
1533864581466954,-1,0,-18,-3,-3,-1,-2,-1
1533864581466954,1,-6,87,6,1,-1,0,2
1533864581487898,-2,-1,4,0,-2,-2,0,-1
1533864581487898,-3,-2,3,1,-1,-1,-1,-2
1533864581488896,-2,-1,9,1,1,0,0,-2
1533864581488896,0,-3,-28,-4,-2,-1,-2,-1
1533864581501861,-1,2,-6,-1,-2,-2,-2,-1
1533864581501861,-1,-3,10,2,0,0,-1,-1
1533864581508843,1,0,-8,-1,-3,1,-2,-2
1533864581508843,-2,1,-18,-3,-2,1,-1,-2
1533864581524834,-1,-4,0,-1,1,-4,-1,-1
1533864581524834,-1,1,-14,-3,-1,-5,-2,-2
1533864581526794,-1,-2,1,-1,-2,-4,-2,1
1533864581526794,-2,-1,-13,0,-1,-1,-2,0
1533864581547772,-1,0,1,-1,-1,4,0,-1
1533864581547772,-1,-2,0,0,-1,-1,-1,-1
1533864581549783,-2,-3,0,0,0,-1,-1,-1
1533864581549783,0,-1,-3,0,-2,-1,0,0
1533864581561708,0,-1,-7,-2,1,-1,0,0
1533864581561708,0,-3,-4,-2,2,1,-1,0
1533864581570676,-1,-3,1,0,0,0,-1,-2
1533864581570676,-2,1,-13,0,-3,-1,-2,0
1533864581585651,2,-1,0,-1,-1,-2,0,3
1533864581585651,-2,-3,-3,-3,-2,-2,-1,-4
1533864581586641,-1,-2,3,0,-2,-2,-1,-2
1533864581586641,-2,-3,-7,-1,-1,-3,0,-3
1533864581615560,2,1,1,-3,-3,-1,-1,-2
1533864581615560,-1,-1,3,0,-1,-2,-2,0
1533864581616556,-1,0,-3,-1,-1,-1,-1,1
1533864581616556,-1,-1,-6,-3,-2,-1,-1,1
1533864581621544,-1,-3,0,-1,-1,-2,1,-1
1533864581621544,-1,-1,-4,-1,-2,-1,0,-2
1533864581630517,-1,-1,0,0,-1,0,-1,-4
1533864581630517,0,-2,-4,-1,-1,0,-2,-1
1533864581645680,-2,0,-2,-1,-2,-3,-1,0
1533864581645680,-1,-2,-2,-1,1,1,0,-1
1533864581646475,-1,-2,-2,-3,-3,0,0,-1
1533864581646475,0,0,-2,-1,-1,-1,-1,1
1533864581667418,-3,-1,-1,-1,-1,-2,-4,-7
1533864581667418,1,-1,-2,-1,-2,-3,-1,0
1533864581669428,-1,-1,0,-2,1,-2,-2,-1
1533864581669428,-1,-1,-5,-3,-1,-2,-1,0
1533864581681384,-2,0,0,-2,1,-2,-1,3
1533864581681384,1,1,3,-2,-1,-1,1,-2
1533864581690356,1,-1,-2,0,-1,-2,-1,-2
1533864581690356,-1,0,-3,-1,1,0,-1,-1
1533864581705320,0,0,-2,1,-1,1,-1,0
1533864581705320,-2,-2,-1,-2,-2,-3,-2,-1
1533864581706314,0,0,-4,0,0,-1,0,-1
1533864581706314,-1,-10,11,1,0,-1,-1,1
1533864581727258,0,-1,1,1,-3,1,-2,-2
1533864581727258,-1,-2,-1,-2,0,0,-2,-3
1533864581729253,1,-5,0,-2,-2,2,-1,0
1533864581729253,-1,2,-5,-2,-1,-2,-1,-4
1533864581741221,-1,-1,-1,0,0,-1,-1,0
1533864581741221,-2,-1,2,0,-1,-1,-2,2
1533864581750197,-3,-1,-4,-1,-1,-1,-2,-3
1533864581750197,0,0,-3,0,-3,0,0,-2
1533864581765191,-1,0,-1,-1,0,1,-2,-2
1533864581765191,0,0,-3,0,-1,0,0,-1
1533864581767183,-2,-1,-1,-2,1,0,1,-1
1533864581767183,-2,-3,-5,0,0,-1,0,0
1533864581788130,0,-2,-2,-2,-2,-1,0,-1
1533864581788130,-1,-2,-3,-2,-2,-1,-1,1
1533864581789140,0,-2,0,0,-2,0,-1,0
1533864581789140,-2,-1,-1,-2,-3,-2,-2,-2
1533864581801092,0,10,-16,-1,-4,-1,-1,-1
1533864581801092,-3,-11,6,0,2,0,-1,-5
1533864581810071,-1,-2,-1,-3,1,-2,-3,0
1533864581810071,-1,2,-1,0,0,-3,-1,-2
1533864581825031,-1,1,-6,-3,-2,-4,-1,-2
1533864581825031,1,8,38,1,-2,1,-1,0
1533864581827023,-1,-2,1,-1,0,-1,-1,1
1533864581827023,0,-1,-3,0,-1,2,0,0
1533864581848132,-3,-6,3,0,-1,0,-2,-2
1533864581848132,0,-1,-15,-2,-2,-5,0,0
1533864581848966,-2,-2,0,0,-2,-2,-2,-1
1533864581848966,-1,2,4,-3,-1,0,-2,0
1533864581861970,0,-2,-1,-1,0,0,0,0
1533864581861970,-1,-2,-11,-2,0,1,-4,-2
1533864581869920,-1,2,-3,-3,-2,0,-2,0
1533864581869920,-1,-2,-7,-2,-2,-1,-1,-2
1533864581892869,-2,-4,1,0,-1,1,-2,-1
1533864581892869,-2,-1,-9,-3,-1,0,-1,-1
1533864581893850,-1,-1,-3,0,0,-2,-2,-2
1533864581893850,0,11,5,-3,-4,-3,-1,-2
1533864581907810,-2,-8,5,1,-2,-2,-2,0
1533864581907810,-1,-1,-3,-1,0,-3,1,2
1533864581908808,-1,-6,-17,-2,-3,0,-1,-1
1533864581908808,0,2,-14,-1,-2,-1,-1,-2
1533864581921773,1,8,48,2,2,5,2,1
1533864581921773,-1,1,3,-3,3,-3,-1,-2
1533864581930746,-3,-2,-12,-4,-10,-5,0,0
1533864581930746,-3,-3,16,6,10,2,-2,-1
1533864581944711,-2,-4,-24,-10,-2,-1,-2,-2
1533864581944711,-1,-6,-23,-8,-23,-4,-2,0
1533864581951689,-3,-4,-4,1,1,-1,0,-2
1533864581951689,-2,2,20,-4,1,-2,-1,0
1533864581967647,2,6,-11,30,28,6,0,1
1533864581967647,1,1,51,-46,-28,-7,-3,1
1533864581969641,-5,-1,50,48,3,-4,1,0
1533864581969641,0,-11,-30,-32,-12,-3,1,-2
1533864581990589,-6,-22,-32,-4,-7,-2,-1,-3
1533864581990589,0,0,-6,2,16,6,2,0
1533864581991582,2,1,-8,-1,-8,-1,-3,-1
1533864581991582,-4,-4,-1,-3,5,1,-1,0
1533864582004551,1,5,16,0,0,-4,-1,1
1533864582004551,-3,0,-22,17,5,-3,-3,-3
1533864582011529,1,2,10,-4,5,2,-1,-2
1533864582011529,-1,-3,-63,-1,2,0,1,-1
1533864582027701,-7,2,48,-15,1,-1,0,-2
1533864582027701,-1,0,2,-13,14,-1,1,-3
1533864582029501,-3,-11,-31,-35,-26,-10,-7,-3
1533864582029501,2,1,23,27,-15,0,1,3
1533864582050428,-6,3,-24,24,-10,-3,-2,-5
1533864582050428,-1,-4,-5,-48,3,3,-2,-1
1533864582051423,3,0,33,-18,13,4,2,-2
1533864582051423,2,-12,-19,14,2,-3,-3,-4
1533864582064391,4,-5,0,0,-4,-4,0,-1
1533864582064391,3,13,-25,32,9,-1,0,5
1533864582071406,-2,-6,-17,-32,-14,-1,1,1
1533864582071406,-7,2,22,7,-8,-2,-3,1
1533864582087327,-2,3,-6,1,3,-1,0,-7
1533864582087327,-2,-3,1,12,1,0,-3,-3
1533864582089321,-1,5,-7,2,4,0,0,0
1533864582089321,9,8,13,28,24,6,0,-1
1533864582110265,-1,-9,1,-22,9,0,0,2
1533864582110265,-18,-11,-19,15,-14,-6,-3,-6
1533864582112260,-3,-4,-3,10,-35,-6,-2,-3
1533864582112260,-2,0,16,-31,-7,-6,-3,-2
1533864582124234,2,3,-22,8,8,-1,-1,-6
1533864582124234,6,-7,26,21,18,7,4,2
1533864582131212,-3,-1,6,20,27,-1,1,1
1533864582131212,-6,-2,-9,-7,-45,-7,-6,-4
1533864582148167,-1,-3,-3,-46,-10,-4,-1,4
1533864582148167,-1,1,3,27,5,4,3,0
1533864582149161,2,1,-8,52,34,0,-1,-2
1533864582149161,2,-8,-3,-28,-11,-1,0,-1
1533864582171106,-6,-4,-5,-9,-24,-4,-3,0
1533864582171106,4,3,24,-42,-9,-2,-1,-1
1533864582172099,-8,-1,12,18,4,0,0,6
1533864582172099,20,8,-3,-7,15,1,1,0
1533864582185065,-42,-2,-39,13,-20,-3,-4,-4
1533864582185065,-4,0,63,10,6,2,-2,-8
1533864582191049,36,20,12,-10,1,5,10,38
1533864582191049,-27,-21,8,-7,-1,-3,0,1
1533864582208004,-28,5,-17,16,5,-2,-24,-57
1533864582208004,-14,-31,-32,-1,-11,-4,-4,-4
1533864582209021,-3,-13,-26,2,-5,-2,-9,-24
1533864582209021,6,1,15,11,8,2,10,26
1533864582229948,25,20,26,6,-1,-3,3,8
1533864582229948,10,9,-34,-22,-2,1,0,9
1533864582231940,-1,2,12,-8,-2,2,3,0
1533864582231940,6,13,2,2,10,1,1,-3
1533864582243911,0,-12,-14,-15,-6,-6,0,5
1533864582243911,0,-10,8,33,1,-3,-3,-2
1533864582252883,-5,-2,-4,-9,4,2,1,4
1533864582252883,-15,-10,-23,-10,-13,-5,-6,-20
1533864582267844,13,-3,9,-11,-11,1,1,10
1533864582267844,-3,3,-6,0,5,-2,2,6
1533864582268841,-3,10,6,13,8,1,-3,-12
1533864582268841,-1,-4,-20,-20,3,-5,-5,-6
1533864582289796,8,-2,26,40,-1,-1,2,10
1533864582289796,5,7,-9,-32,-8,-4,-3,-2
1533864582291792,-11,-7,-19,-18,-3,-1,-3,-8
1533864582291792,0,4,-5,11,5,2,-1,-3
1533864582303751,8,-1,4,-10,2,0,3,9
1533864582303751,-3,-1,-15,16,-2,-1,-2,-7
1533864582312723,-1,-2,1,-5,-6,-1,-3,-3
1533864582312723,-4,-1,9,1,-1,-3,-1,1
1533864582327687,3,-2,1,22,23,1,0,2
1533864582327687,2,8,46,3,-2,2,1,1
1533864582329693,-8,-7,-12,-34,-34,-13,-7,-7
1533864582329693,-1,3,11,16,12,2,-2,0
1533864582350622,4,24,-35,-15,-3,0,0,-1
1533864582350622,5,2,-10,28,29,2,2,1
1533864582352617,2,1,7,38,15,5,4,3
1533864582352617,-10,-8,-2,-67,-58,-14,-8,-8
1533864582363588,4,-2,4,43,45,4,0,3
1533864582363588,0,-1,-22,-35,12,-2,-2,-1
1533864582372564,-2,2,19,4,-7,-7,0,-2
1533864582372564,-2,-1,-12,37,-9,-12,-13,-9
1533864582387524,-4,-10,3,-26,2,2,5,3
1533864582387524,-3,5,0,-3,-42,-10,-3,2
1533864582389519,1,-3,0,-6,25,8,-3,-2
1533864582389519,1,4,-2,11,14,17,13,-4
1533864582410656,8,4,19,5,-18,6,1,7
1533864582410656,2,-3,-10,19,33,-6,-15,-10
1533864582411476,-5,-8,-16,-33,-21,1,18,7
1533864582411476,1,2,6,9,-13,16,11,12
1533864582423646,-3,-5,1,-7,3,3,7,3
1533864582423646,-8,-6,-16,-14,-23,-9,-5,-7
1533864582432405,0,-4,-2,-6,-9,-24,-18,-4
1533864582432405,-1,-3,1,2,22,1,-7,-2
1533864582448361,3,-3,3,-10,-5,-18,-7,3
1533864582448361,-3,1,-7,1,-7,19,8,-3
1533864582450355,-4,2,0,-5,3,11,5,-1
1533864582450355,-4,-3,0,5,14,-12,-6,-6
1533864582470306,-2,-3,-5,-16,-22,-14,-12,-7
1533864582470306,3,0,-4,-1,-14,-11,-4,2
1533864582471299,-3,0,-2,0,22,23,32,-4
1533864582471299,-1,4,2,-2,-10,9,-2,13
1533864582484265,-6,-4,-4,-8,-11,-19,-15,-3
1533864582484265,-4,-1,-2,2,-2,-3,-10,3
1533864582493241,1,-4,0,6,23,3,-9,-9
1533864582493241,4,-2,1,-4,-11,-10,3,-4
1533864582507260,-3,-10,-4,-10,-2,4,5,1
1533864582507260,-3,-2,-4,1,-30,-1,2,-5
1533864582509198,-2,2,-5,-8,7,6,-2,4
1533864582509198,1,-5,-1,12,14,-9,-4,-3
1533864582530142,1,-7,0,-2,7,2,-4,-10
1533864582530142,-4,-6,-9,-19,-7,3,-3,-3
1533864582532137,-2,-5,-3,4,-9,-31,-13,-6
1533864582532137,3,2,4,17,30,25,18,4
1533864582544108,-1,-2,-1,-18,-20,4,5,-5
1533864582544108,-6,-2,-8,-8,-13,-7,-6,6
1533864582553080,-3,4,-3,-4,-21,-18,-8,3
1533864582553080,-1,3,0,5,2,-1,3,0
1533864582568042,5,4,5,10,14,25,13,5
1533864582568042,-3,-7,2,4,25,-4,9,2
1533864582569046,-7,-4,-4,-7,-17,8,-10,-2
1533864582569046,-3,-6,-2,-4,5,-26,-13,-12
1533864582589985,0,-1,-3,4,-3,-1,-5,-4
1533864582589985,3,3,1,0,-5,-8,-6,-4
1533864582591977,3,0,0,0,-6,-8,-5,-1
1533864582591977,2,4,-2,-6,7,6,13,3
1533864582612924,-2,2,1,-3,11,16,-4,6
1533864582612924,-4,0,-2,2,-16,-17,-11,-3
1533864582613918,-1,-3,-7,-9,0,-27,-16,-14
1533864582613918,4,6,3,4,0,41,19,7
1533864582627889,-1,1,2,0,17,6,4,2
1533864582627889,0,1,0,10,27,24,23,9
1533864582629879,-7,0,-2,-1,-22,2,-2,3
1533864582629879,-6,-6,-4,-15,-23,-40,-23,-9
1533864582649827,-2,-5,-5,3,-12,-33,-19,-11
1533864582649827,4,4,3,-3,4,29,19,3
1533864582651822,1,5,2,12,18,15,12,7
1533864582651822,-6,-1,-3,-6,10,15,8,2
1533864582663790,-5,-2,-3,-5,2,-10,-23,-3
1533864582663790,-1,-3,-4,3,-19,-42,-9,-12
1533864582672761,2,-6,-62,-4,10,24,10,-2
1533864582672761,5,8,69,3,-1,4,-19,4
1533864582687724,-4,-4,2,7,-8,-5,5,-2
1533864582687724,-1,0,0,-2,5,-5,-13,-4
1533864582689715,-1,0,0,-3,-13,0,6,1
1533864582689715,0,1,-22,-3,15,6,4,-1
1533864582710660,-1,-2,-6,-4,-13,-4,8,2
1533864582710660,2,-5,-69,2,17,6,0,-2
1533864582711657,-3,-8,41,0,-4,4,-2,0
1533864582711657,-6,5,82,3,-19,-23,-7,-4
1533864582723628,-3,-7,11,-11,-14,0,2,-2
1533864582723628,-4,-5,-20,-1,12,3,-5,0
1533864582732605,6,-7,-6,-17,-5,-9,-6,-4
1533864582732605,-5,2,23,1,-2,-4,-6,-3
1533864582747563,-1,-1,-44,-7,1,5,6,2
1533864582747563,7,25,94,1,-5,0,-5,-1
1533864582753549,1,29,28,-1,7,2,5,6
1533864582753549,-1,-18,78,10,0,-5,-2,3
1533864582770502,-7,-2,15,4,-11,-3,-4,-20
1533864582770502,-2,-15,-89,-13,-10,2,7,11
1533864582771497,-2,1,-19,0,13,-6,-17,-27
1533864582771497,-2,-9,-121,-6,-9,-5,7,-1
1533864582783468,8,14,59,6,3,1,-13,-7
1533864582783468,-5,1,-81,-47,2,-2,-7,-16
1533864582792444,0,-26,47,22,-3,2,8,14
1533864582792444,-9,-11,-36,3,-17,-18,-13,-6
1533864582807586,1,-6,-35,-5,16,6,4,2
1533864582807586,0,2,-7,6,-2,16,19,22
1533864582814385,-1,12,-22,-9,-6,4,-4,-6
1533864582814385,-1,-3,-20,-6,6,-2,-5,-6
1533864582830342,-1,-2,-1,4,-4,-9,-4,0
1533864582830342,1,-1,58,12,-4,-1,5,19
1533864582831336,0,12,-1,0,1,3,-3,-2
1533864582831336,-3,-5,-55,0,3,-4,-4,-6
1533864582844305,-2,-1,-88,-12,-6,-1,-2,0
1533864582844305,3,5,59,11,6,-2,-2,0
1533864582853277,-6,-13,-9,0,-17,-7,-10,-9
1533864582853277,2,4,-26,-16,-1,2,3,-2
1533864582867245,-5,-2,8,-1,3,-4,7,4
1533864582867245,3,3,64,-4,5,7,-5,-3
1533864582874234,-6,-10,-102,-2,-7,-6,0,3
1533864582874234,2,12,115,9,-23,-2,-8,0
1533864582890182,-2,-9,-101,-7,27,2,3,-2
1533864582890182,3,-3,81,7,4,-1,5,-5
1533864582892173,-9,-16,21,-5,-29,-5,-2,1
1533864582892173,2,-4,25,9,9,1,1,2
1533864582904274,-2,-1,5,2,-12,0,-10,3
1533864582904274,-3,-5,-68,-8,-18,-12,-2,-12
1533864582913118,6,2,6,-4,22,5,5,5
1533864582913118,-2,-1,-70,7,12,22,17,6
1533864582927084,3,-2,24,3,11,2,3,6
1533864582927084,-5,-3,-48,0,-19,-5,-14,-7
1533864582934078,1,0,35,-4,-2,-14,-12,-4
1533864582934078,0,-2,-23,-16,-16,-19,-9,-3
1533864582950019,0,8,-4,1,43,14,8,2
1533864582950019,-1,-5,25,17,-18,18,16,3
1533864582952014,4,2,89,24,7,-6,6,4
1533864582952014,-4,-3,-35,-9,-30,-25,-28,-6
1533864582963985,16,-1,27,-5,66,12,5,1
1533864582963985,-7,-7,-40,22,-10,6,23,6
1533864582972957,-7,-1,-38,5,-15,27,11,2
1533864582972957,6,3,15,12,104,15,10,3
1533864582986939,-16,-6,31,26,-117,-41,-20,-9
1533864582986939,-3,0,-8,-37,10,-12,-10,-7
1533864582993902,3,5,-4,-12,16,4,0,2
1533864582993902,-1,6,-17,0,9,1,-1,-2
1533864583009858,19,27,35,-34,47,12,4,-2
1533864583009858,-4,-4,71,53,-17,-20,-15,-8
1533864583011863,-13,-6,-4,-14,-23,-13,-9,0
1533864583011863,-5,-17,25,9,-16,9,9,6
1533864583032839,-8,-5,-32,-6,-15,4,3,1
1533864583032839,7,1,-37,-17,-5,3,-6,-4
1533864583033795,9,11,-60,-19,10,-7,-7,-5
1533864583033795,-1,5,-80,1,-3,-1,4,0
1533864583046804,-11,-25,-9,2,-27,-1,4,1
1533864583046804,-1,14,23,2,14,-4,-9,-5
1533864583053743,-4,-17,-25,6,11,6,10,8
1533864583053743,0,-2,-20,-17,-20,-2,-1,-9
1533864583069699,-4,7,-44,-9,-18,-3,-6,-12
1533864583069699,-2,-16,-98,-9,11,-7,-6,-14
1533864583071693,9,1,-67,-22,-4,-3,1,-5
1533864583071693,-6,-1,-32,3,-12,0,-11,5
1533864583092638,-11,-15,123,16,-3,1,10,-4
1533864583092638,-25,11,-100,-30,-5,-5,-12,10
1533864583094633,-33,0,82,11,-1,-5,-2,-12
1533864583094633,10,-31,-46,-12,-5,1,5,0
1533864583106629,-18,-2,-18,5,-4,0,0,12
1533864583106629,-5,-8,9,-4,0,0,-2,-10
1533864583113582,9,1,5,6,-2,-2,-3,0
1533864583113582,-7,10,-30,-8,-6,-3,-3,1
1533864583130536,13,15,72,10,-4,-3,-1,-3
1533864583130536,8,-2,68,12,5,3,5,3
1533864583131535,0,2,-28,-6,2,-3,-7,1
1533864583131535,1,6,28,-4,-9,-4,-3,-11
1533864583152478,9,-6,-41,-5,-5,0,1,6
1533864583152478,-1,-10,-66,5,10,3,0,-1
1533864583154472,4,-10,-58,-24,-4,-4,-5,-2
1533864583154472,5,39,102,29,-1,5,2,2
1533864583166440,2,-36,101,-2,5,5,10,6
1533864583166440,-7,-13,-14,1,-3,-4,-2,1
1533864583175419,1,-12,-53,6,-1,-1,1,-5
1533864583175419,-1,-25,-51,-18,-5,-1,3,-1
1533864583190377,-2,23,-44,22,-5,-5,-7,-3
1533864583190377,5,-1,35,-10,6,2,1,-1
1533864583191379,1,-5,-4,3,0,0,2,5
1533864583191379,-5,-3,-92,2,9,-2,-6,-4
1533864583212318,5,4,-83,2,-6,-3,-3,0
1533864583212318,-1,-4,0,5,5,6,4,3
1533864583214312,2,33,86,-12,-1,6,2,5
1533864583214312,5,-34,119,-4,-5,-5,-3,3
1533864583226296,-7,-21,-105,-7,2,0,4,-3
1533864583226296,6,7,58,85,43,10,-1,-4
1533864583235258,8,-5,-89,-73,-58,-12,-9,5
1533864583235258,-15,-11,-51,-17,-1,5,5,12
1533864583250217,1,23,-13,-26,-8,-2,-6,-4
1533864583250217,0,3,113,27,-1,-7,16,8
1533864583252220,-5,13,41,30,41,0,-11,-21
1533864583252220,-8,-7,-5,19,-25,-8,-2,-6
1533864583272186,2,8,88,-22,4,-2,-4,-6
1533864583272186,3,-8,-4,-49,3,5,5,-2
1533864583274153,-3,-3,40,31,-20,-7,-3,1
1533864583274153,-6,13,14,-12,3,1,-4,-6
1533864583286154,9,-8,100,13,11,-2,3,4
1533864583286154,-1,5,-16,31,-12,-19,-19,-13
1533864583295097,-1,-9,-15,15,13,16,8,0
1533864583295097,30,13,-43,-2,0,7,1,-2
1533864583310084,-14,-1,-62,-7,-31,-4,-4,6
1533864583310084,-13,5,17,20,44,9,4,3
1533864583312079,-7,-11,125,41,-7,-12,0,1
1533864583312079,-5,-11,-64,-64,-8,-9,-5,6
1533864583333016,8,18,91,-7,-22,-7,-5,-16
1533864583333016,9,19,-23,-37,-39,0,-5,3
1533864583333992,8,-15,-48,55,40,2,5,3
1533864583333992,-4,23,15,-15,23,1,-3,-2
1533864583345986,-10,-28,-59,-11,-12,-4,-7,2
1533864583345986,-12,-3,-4,-11,-15,-4,-4,-4
1533864583354937,18,26,24,-16,8,3,-1,0
1533864583354937,-1,23,-85,8,-13,-8,-2,-2
1533864583369937,0,-9,-3,-3,-2,0,7,11
1533864583369937,-9,-10,106,-26,0,-4,-2,2
1533864583371892,-5,3,-56,0,-1,1,5,9
1533864583371892,-1,-4,11,18,-18,-5,-3,-8
1533864583392862,-1,3,-39,29,35,9,-1,-2
1533864583392862,5,-1,-102,-42,-37,-3,-4,-1
1533864583393833,-5,-11,-6,-9,-15,-8,-4,-4
1533864583393833,0,-8,60,-2,-7,1,2,0
1533864583405829,-5,-3,-89,19,27,0,-5,-5
1533864583405829,-4,-9,11,-28,-20,-3,-1,-1
1533864583415774,-1,0,-2,-5,10,0,-1,0
1533864583415774,-2,-2,49,-15,0,6,1,-3
1533864583431736,6,-9,-55,-3,-3,-5,0,5
1533864583431736,7,7,-100,5,2,-6,-4,-10
1533864583433727,2,-1,-50,27,3,1,1,-2
1533864583433727,-4,2,74,12,22,2,5,3
1533864583452713,-5,3,93,-27,-26,-1,8,6
1533864583452713,-2,2,26,12,4,-2,-11,-10
1533864583454670,-2,-1,-24,-54,-8,-1,0,-1
1533864583454670,1,8,69,32,2,4,4,6
1533864583466666,-4,4,-64,4,11,-11,-12,-13
1533864583466666,-2,-7,-7,-5,-5,-2,0,6
1533864583475614,-2,6,-10,7,11,7,4,6
1533864583475614,3,-5,-24,26,21,18,3,-2
1533864583490612,5,11,77,-11,-23,-2,3,5
1533864583490612,6,11,-2,8,21,-7,-3,-4
1533864583491570,-8,-9,54,1,-28,-12,-3,-1
1533864583491570,-11,-11,-19,-13,37,-4,0,1
1533864583512536,-6,-9,-77,-9,-26,7,-2,-5
1533864583512536,0,5,21,5,-1,5,3,3
1533864583514510,-2,-12,-92,-20,-4,0,-5,-7
1533864583514510,3,-12,8,1,-18,-8,-2,-3
1533864583526507,-14,-5,-1,0,14,3,1,1
1533864583526507,-3,-16,-61,2,4,-2,-2,-1
1533864583535470,-2,-7,-8,9,5,-2,0,-1
1533864583535470,2,13,-8,6,-23,-9,-4,-3
1533864583550414,7,0,-36,14,14,-9,-5,-4
1533864583550414,-1,-7,0,-33,8,4,5,4
1533864583551412,-2,6,13,-8,-4,7,0,-2
1533864583551412,0,-3,-51,14,-14,-8,-2,-3
1533864583572355,5,7,14,-1,29,15,1,-2
1533864583572355,2,9,10,7,-17,0,-1,-1
1533864583574349,-2,-5,30,24,7,-7,-2,1
1533864583574349,-6,22,68,-37,-23,-1,0,-8
1533864583586317,6,24,18,38,5,-3,2,4
1533864583586317,-9,-31,102,15,-1,4,10,15
1533864583595293,-4,-8,-85,-26,10,-3,-8,0
1533864583595293,1,8,72,-4,-11,-7,-6,-3
1533864583610256,0,35,29,-17,7,0,-5,-10
1533864583610256,-1,-26,65,72,3,0,2,2
1533864583612248,1,-9,-30,-66,-39,-8,6,10
1533864583612248,3,-15,-58,-20,18,1,-8,-4
1533864583632198,-8,-15,-66,-38,-36,-7,-5,-3
1533864583632198,4,15,-60,-7,4,3,4,5
1533864583634190,5,-2,19,11,6,-3,-2,7
1533864583634190,-2,-5,-32,13,2,1,-6,-27
1533864583646157,0,-12,3,13,9,0,-2,0
1533864583646157,-6,3,-40,5,-8,-2,-5,-13
1533864583655133,-2,0,35,-1,-7,-3,3,1
1533864583655133,1,-11,-66,5,5,0,9,12
1533864583670093,-1,8,-36,9,-6,0,-7,3
1533864583670093,4,5,-23,-61,-14,-8,-3,4
1533864583672087,-7,-2,8,20,6,1,-1,-6
1533864583672087,-5,-12,-25,-4,-8,-3,-3,-1
1533864583693032,-3,-7,60,8,2,-6,1,2
1533864583693032,-1,-4,-16,-28,-8,-1,1,7
1533864583694030,5,14,54,7,13,1,-6,-10
1533864583694030,-3,-10,-19,1,-10,-3,1,7
1533864583706003,6,22,-76,4,16,-1,-1,-2
1533864583706003,4,16,44,5,7,4,-2,-4
1533864583714973,-7,-4,-5,24,7,0,0,-5
1533864583714973,0,-5,-18,-28,5,0,0,2
1533864583729933,-3,-13,-17,-16,-15,1,3,1
1533864583729933,-1,-1,-44,28,11,-6,-7,-10
1533864583735935,4,-1,-21,-6,-16,-3,0,-3
1533864583735935,3,16,-57,5,-2,-7,-1,7
1533864583752872,4,-13,42,-13,-3,2,-1,1
1533864583752872,-6,-11,-5,10,-5,-2,1,1
1533864583753870,0,-5,-1,-13,2,-1,-7,-11
1533864583753870,6,-2,21,19,0,-3,-5,0
1533864583766835,-6,-11,-11,3,2,2,4,3
1533864583766835,12,-7,1,20,4,-1,-2,-3
1533864583774813,-11,13,22,-46,-13,-4,-1,-2
1533864583774813,-4,-22,9,2,-11,-1,0,0
1533864583789777,-2,-22,24,-3,-1,-2,-1,-1
1533864583789777,0,-3,-43,-6,7,3,-2,1
1533864583796760,-3,-3,68,34,-10,-9,-5,-3
1533864583796760,-5,-3,6,-24,-10,1,-1,0
1533864583813712,0,-3,33,24,-13,-6,0,-2
1533864583813712,-6,1,-28,8,14,1,-3,-6
1533864583818695,-1,-4,-23,-41,-19,1,2,3
1533864583818695,-2,5,12,21,2,2,1,-2
1533864583826675,-1,4,15,-34,0,0,2,-1
1533864583826675,-3,-4,-27,-7,-3,-5,-7,-5
1533864583835650,0,0,-6,14,13,5,0,1
1533864583835650,-1,-1,-6,11,7,-2,0,1
1533864583849616,-1,-2,-29,9,-1,-1,0,-2
1533864583849616,-2,4,1,-23,-11,0,-2,-2
1533864583856606,-1,-3,-26,-2,3,1,0,-1
1533864583856606,-5,-3,-4,0,-1,3,-1,-2
1533864583872552,2,-1,2,12,-1,1,-1,-1
1533864583872552,1,4,4,-12,13,0,-1,-4
1533864583874547,-2,0,5,54,3,-5,-4,-2
1533864583874547,0,0,7,-5,-21,-7,-6,-3
1533864583886518,-4,6,-23,-32,11,0,0,-1
1533864583886518,-1,1,-2,-12,-27,-2,-2,-1
1533864583895491,2,0,-11,-14,5,1,2,0
1533864583895491,0,-3,15,14,13,3,0,0
1533864583909456,1,-3,-15,5,-3,1,-1,-3
1533864583909456,-3,-2,-8,-7,3,1,1,1
1533864583916435,3,4,-76,7,-1,0,0,-2
1533864583916435,-5,1,29,-10,3,3,0,1
1533864583932393,-2,-10,6,6,-7,-4,-4,-5
1533864583932393,-2,-1,-3,12,5,-1,-3,-4
1533864583934387,2,2,2,11,2,3,0,3
1533864583934387,1,-5,-26,30,8,0,-1,-2
1533864583956331,-3,-4,-3,-76,-14,-2,-3,1
1533864583956331,-7,-7,-12,37,-12,-9,-4,-2
1533864583956331,-2,1,17,27,11,-3,0,1
1533864583956331,-1,1,-18,-12,-9,-4,-1,-3
1533864583970321,0,-2,13,30,2,0,1,1
1533864583970321,3,5,-3,-15,-7,2,8,9
1533864583971288,-2,-2,19,-23,1,1,-11,-21
1533864583971288,-3,-2,6,13,9,3,3,1
1533864583993230,-1,-2,-5,10,-4,-4,-2,-1
1533864583993230,1,0,7,-20,-5,-5,-2,-2
1533864583994226,2,0,14,16,8,2,2,5
1533864583994226,-1,1,7,-48,0,1,1,1
1533864584015170,1,-5,6,2,-5,-2,-3,-1
1533864584015170,-7,-5,11,18,3,-3,-2,-1
1533864584017165,-1,-3,1,6,-5,-1,1,2
1533864584017165,0,1,3,-23,-12,-6,-4,-4
1533864584030130,2,0,-4,-2,-2,-2,1,3
1533864584030130,-1,2,2,0,20,4,0,-1
1533864584032159,-2,0,-1,-1,-11,-3,2,4
1533864584032159,2,10,-21,5,-13,-8,-12,-7
1533864584053093,-3,-5,-7,8,3,2,5,7
1533864584053093,1,-20,9,-7,-2,-1,-7,-13
1533864584054084,0,-2,9,-32,2,1,1,-3
1533864584054084,1,4,-10,-22,7,1,2,2
1533864584075013,-6,-8,-9,38,-15,-11,-5,-3
1533864584075013,-4,5,4,6,4,3,3,3
1533864584077019,2,-1,-5,13,-2,1,-3,3
1533864584077019,-2,-6,4,0,11,0,2,-1
1533864584089971,-3,2,-4,-5,-2,-2,-3,-3
1533864584089971,2,4,-5,-12,-6,1,1,-1
1533864584095955,-2,-6,3,10,0,-4,-4,-1
1533864584095955,0,-3,-6,5,-11,2,1,3
1533864584112909,1,2,4,1,16,2,-2,-7
1533864584112909,-3,2,-7,12,-12,-3,0,1
1533864584114904,-3,-2,-10,13,3,-1,0,2
1533864584114904,-6,-8,1,-2,-15,-6,-2,-4
1533864584134850,1,-1,-10,-22,1,1,-2,-1
1533864584134850,0,1,-2,-24,-3,-4,-2,-2
1533864584136846,0,1,3,24,26,1,-2,-1
1533864584136846,-6,-7,-6,-16,-35,-1,1,0
1533864584149982,0,2,5,29,7,0,0,1
1533864584149982,-6,-3,-18,-29,-11,-2,0,-4
1533864584156792,0,-1,11,-17,1,1,1,0
1533864584156792,-1,0,-3,16,16,1,1,13
1533864584172752,-2,0,1,-10,-6,0,-4,-7
1533864584172752,2,0,-6,0,-1,0,0,3
1533864584174743,-3,-2,1,-14,-7,-5,-2,-1
1533864584174743,-2,0,11,18,15,1,2,-2
1533864584195691,-1,-2,-5,-14,-9,-4,-2,0
1533864584195691,-2,0,-1,8,0,-2,-2,-2
1533864584196685,3,1,5,-7,-9,-2,2,0
1533864584196685,0,-3,-3,7,7,0,0,-2
1533864584209653,1,14,-6,0,8,0,-1,-3
1533864584209653,0,-5,5,19,11,-1,-1,-2
1533864584216635,-6,-9,-26,-37,-32,-4,-1,-1
1533864584216635,3,0,-4,-3,1,-2,-3,-4
1533864584232589,-4,-2,-15,34,5,2,-2,0
1533864584232589,1,2,12,25,11,0,-1,2
1533864584234584,3,0,-4,-24,18,2,0,-2
1533864584234584,-2,-1,14,7,-15,-2,-3,-4
1533864584255531,-1,-10,1,-28,-2,0,-1,-1
1533864584255531,-2,1,-9,-4,-14,-4,-2,-1
1533864584256525,0,-1,-3,13,13,0,-1,3
1533864584256525,-1,1,-4,-7,7,-1,-2,-6
1533864584269491,0,-2,8,-6,-4,0,-1,2
1533864584269491,0,1,2,6,2,1,0,-2
1533864584276471,0,0,-8,-8,-7,-2,3,13
1533864584276471,-3,-1,3,2,0,-1,-6,-19
1533864584292429,-5,-2,9,4,-4,0,-1,0
1533864584292429,1,0,-12,-7,-3,0,-2,-2
1533864584294423,-1,2,7,-29,-8,2,3,4
1533864584294423,-1,1,-3,26,6,-2,0,4
1533864584315371,2,0,-4,16,7,-2,-2,-2
1533864584315371,-2,-2,-8,-24,-2,-1,0,-1
1533864584316365,-4,-1,12,7,-21,-3,-5,-8
1533864584316365,-4,-7,-9,-14,0,3,0,0
1533864584329330,0,-2,-2,15,28,4,-1,-3
1533864584329330,-1,2,2,-1,-33,-9,1,4
1533864584336312,-4,0,-2,4,2,-1,-3,-7
1533864584336312,1,1,2,-10,5,0,1,1
1533864584352285,-2,-1,2,-8,-10,-1,2,3
1533864584352285,1,-1,-5,-9,13,1,-2,-4
1533864584354264,0,-1,1,13,8,1,-2,-5
1533864584354264,-1,0,-5,-4,-7,-1,1,2
1533864584375223,-3,-1,5,-30,-1,-3,-1,-1
1533864584375223,0,-1,1,7,1,0,-2,0
1533864584377202,-2,-2,-1,-35,-11,-7,-5,-6
1533864584377202,4,0,3,6,11,2,2,3
1533864584389170,-5,-8,-16,15,-12,0,-4,-4
1533864584389170,-3,-3,6,-19,-5,1,-1,-1
1533864584396165,-2,-3,-5,-1,2,-3,0,-3
1533864584396165,-2,0,-2,2,0,-4,-2,0
1533864584413106,0,0,4,-10,-1,-2,-1,1
1533864584413106,-1,0,-1,3,-1,-2,-1,-1
1533864584414103,-2,-2,0,13,6,1,-2,0
1533864584414103,-1,0,3,-6,-4,-1,-1,0
1533864584435052,-1,-1,3,-2,-13,-7,0,-2
1533864584435052,-1,-2,-4,0,6,0,-2,0
1533864584437042,2,0,0,-24,-6,-1,-1,-1
1533864584437042,-2,-4,-5,-2,-6,-4,-2,-1
1533864584449010,0,-1,0,5,-8,0,-1,0
1533864584449010,1,1,4,5,8,2,0,-1
1533864584457986,-1,-2,-4,1,5,-1,-3,-2
1533864584457986,-4,0,0,10,-2,0,0,0
1533864584472946,0,-2,-15,-6,6,0,0,-2
1533864584472946,-4,-1,-6,-8,-8,-2,1,-1
1533864584473965,2,0,2,22,5,0,-1,-1
1533864584473965,-2,-3,-6,-8,-9,-2,-1,-2
1533864584494887,1,2,9,17,8,0,3,0
1533864584494887,0,-2,-4,-10,0,-2,-2,-1
1533864584496882,-1,1,4,29,3,3,1,1
1533864584496882,-2,-1,0,-20,-12,-3,-2,-1
1533864584508921,1,0,-7,-53,-33,-3,-1,-1
1533864584508921,-9,-5,-6,5,-5,-5,-3,-2
1533864584517867,-1,1,-1,3,6,-1,-2,0
1533864584517867,1,-2,5,2,5,-2,-1,1
1533864584532789,0,0,2,1,0,-1,-2,0
1533864584532789,2,0,-3,-7,6,0,-2,-2
1533864584533784,-2,-3,1,-2,-14,0,0,-1
1533864584533784,1,2,3,-2,13,2,1,0
1533864584555728,-8,-8,3,17,-2,-3,-3,-2
1533864584555728,-3,-4,-21,-17,-3,-2,-1,-2
1533864584556732,-1,-2,-13,-12,-10,-5,-1,-2
1533864584556732,2,1,7,30,3,0,0,1
1533864584568690,0,2,8,18,28,0,0,0
1533864584568690,1,-3,-6,-47,-30,-5,-4,-4
1533864584577666,-5,-2,-3,3,18,-1,-2,-2
1533864584577666,-5,-4,-7,2,-37,-6,-3,-3
1533864584592625,1,2,-1,4,6,3,0,-2
1533864584592625,1,2,12,16,8,2,1,0
1533864584594657,4,-1,-2,-3,-1,1,-1,-2
1533864584594657,-1,1,-1,-5,8,-2,-3,-1
1533864584615568,0,-1,-1,0,2,0,2,0
1533864584615568,-1,-3,3,5,-2,-3,-4,0
1533864584616562,1,-1,2,-8,-9,1,2,2
1533864584616562,-1,0,-1,1,10,2,-2,-3
1533864584628530,-3,-1,-5,-8,-9,-2,-1,-3
1533864584628530,2,2,5,6,10,1,3,1
1533864584637508,-7,-4,-5,18,-12,-7,-6,-5
1533864584637508,-3,0,-7,-27,3,0,-1,-3
1533864584652466,-1,-3,-3,-1,4,-2,1,1
1533864584652466,0,-2,4,18,4,2,1,1
1533864584654460,-6,-2,-1,-16,-14,-6,-4,-3
1533864584654460,1,2,-1,3,1,4,0,-1
1533864584675408,0,1,3,-4,-2,0,-3,-2
1533864584675408,0,1,3,6,1,0,-1,-2
1533864584676405,1,1,2,2,3,1,-1,0
1533864584676405,-1,-2,1,-1,-2,-2,1,2
1533864584688370,-5,-4,-4,-4,-4,-4,-4,-8
1533864584688370,-1,-2,0,1,-3,-1,2,-1
1533864584697346,-2,1,-6,-5,2,-1,2,1
1533864584697346,-2,-3,6,3,1,-4,-6,4
1533864584712321,4,-1,1,2,-3,1,-1,-5
1533864584712321,-4,-5,1,3,-2,0,-2,-3
1533864584714301,0,-1,-7,-7,0,1,-1,-1
1533864584714301,2,-6,-36,5,4,-3,1,3
1533864584735244,-4,-1,-1,-2,-10,-4,-5,-7
1533864584735244,0,-1,2,-4,2,-2,-2,-1
1533864584737238,-1,-5,-18,1,-1,-1,3,3
1533864584737238,3,0,-1,-4,-1,1,19,32
1533864584749207,-10,0,-2,-6,-6,-4,-25,-36
1533864584749207,-4,-1,-3,1,0,-2,-7,-11
1533864584758183,3,-4,2,-3,3,1,-1,-4
1533864584758183,-4,-2,4,2,-2,-2,-4,-15
1533864584773147,-1,-1,-10,4,-2,-4,11,28
1533864584773147,-3,-1,2,-2,2,0,-3,-4
1533864584774140,-2,1,6,0,-1,0,-5,-8
1533864584774140,7,-4,6,-3,-3,1,-6,-8
1533864584795087,-2,2,5,1,1,3,6,9
1533864584795087,3,-1,-9,7,3,-3,-1,0
1533864584797079,2,0,4,12,5,-2,5,9
1533864584797079,-3,-1,-5,-25,-13,-3,-2,-9
1533864584809048,4,2,3,4,-1,0,0,1
1533864584809048,-3,-2,-6,-9,0,-6,2,3
1533864584818023,2,-1,3,-1,0,-1,-2,-2
1533864584818023,-7,-4,3,18,6,-4,-7,-6
1533864584833010,8,5,10,18,45,10,6,3
1533864584833010,-3,-2,-6,-28,-45,-7,-2,2
1533864584833982,-4,-1,-1,4,0,0,-3,0
1533864584833982,-7,-2,-2,4,-28,-5,-5,-6
1533864584854930,-4,-5,-10,-23,-8,-6,-1,3
1533864584854930,5,6,14,19,51,10,4,1
1533864584856919,-1,1,2,-4,-14,-1,-1,0
1533864584856919,-2,-1,-1,3,2,-5,-2,-4
1533864584877863,1,-1,1,-27,-4,-2,-1,-1
1533864584877863,0,0,-2,7,3,2,0,1
1533864584878860,-3,0,0,4,-10,-1,-2,-2
1533864584878860,2,0,2,2,19,5,-1,0
1533864584891829,-3,-4,-1,-2,-16,-3,-1,0
1533864584891829,-1,0,-4,-7,-5,0,-3,-1
1533864584898810,0,-2,-2,-1,4,-2,-2,-1
1533864584898810,0,1,6,12,6,-1,1,-2
1533864584914764,-3,-4,-4,-11,-16,-5,-2,-2
1533864584914764,-2,-3,-5,5,-8,-1,0,1
1533864584916759,-1,0,3,-5,5,1,-1,-2
1533864584916759,2,2,3,-1,-10,-4,0,0
1533864584937703,0,-2,3,23,14,1,2,0
1533864584937703,-7,-3,-10,-21,-23,-6,-2,0
1533864584939699,-3,-2,0,-6,6,4,-1,-2
1533864584939699,1,1,1,-7,13,4,-3,-3
1533864584951667,0,0,5,9,-3,0,0,-2
1533864584951667,0,0,2,6,-5,-5,-2,-2
1533864584958648,1,-2,-5,1,3,-3,-1,-2
1533864584958648,-1,-2,0,-17,-14,-2,-2,0
1533864584974917,-2,-3,-6,-4,0,-1,-3,-1
1533864584974917,0,-1,0,13,10,0,-1,0
1533864584976885,-3,2,0,-12,-3,-1,0,-1
1533864584976885,1,0,0,3,12,-1,0,-1
1533864584997831,-3,-6,-9,-2,-25,-4,0,0
1533864584997831,-2,-1,-2,-38,-5,0,0,-1
1533864584999828,1,-1,0,42,9,-3,-1,0
1533864584999828,-1,-2,0,-5,9,-2,-2,-3
1533864585012789,-2,-1,-2,-3,-3,2,0,0
1533864585012789,0,-1,0,5,-4,-3,-1,-1
1533864585014791,5,2,3,-6,-11,-2,-1,1
1533864585014791,-5,-4,-4,-20,4,-2,-3,-6
1533864585035728,-4,-5,-5,8,-3,-2,0,-4
1533864585035728,-1,-2,0,6,5,1,2,6
1533864585036725,0,0,1,3,0,-4,-5,-12
1533864585036725,2,0,1,-2,-6,2,9,7
1533864585057674,0,0,1,1,2,-3,-12,-13
1533864585057674,-6,-1,-2,-21,0,-6,-4,-8
1533864585059664,3,-3,-2,10,1,-4,0,3
1533864585059664,-2,-2,-5,17,-4,-2,-2,-3
1533864585072631,2,0,0,-4,-6,-1,3,7
1533864585072631,4,4,4,2,8,4,-1,-1
1533864585078619,-6,-2,-4,-9,-15,-3,-2,-3
1533864585078619,0,0,-2,6,3,5,2,1
1533864585095572,0,-2,-1,-6,-5,-2,4,3
1533864585095572,-2,-2,0,20,2,-2,-1,-2
1533864585096566,0,1,1,-19,1,1,1,4
1533864585096566,-3,0,-4,12,1,-2,-2,-1
1533864585117517,0,2,1,-1,4,-2,-2,0
1533864585117517,-1,-3,1,-1,-5,0,-4,-4
1533864585119505,0,-5,-2,-10,3,0,1,-1
1533864585119505,-2,-2,0,-3,-2,-1,-3,-3
1533864585133468,-2,1,-3,-1,0,-4,-3,-3
1533864585133468,-1,-1,-1,1,-2,-1,1,1
1533864585138463,0,3,4,-10,4,2,2,2
1533864585138463,-6,-3,-1,7,-9,-5,-4,-3
1533864585155408,-1,-4,-6,-10,-3,-2,0,2
1533864585155408,-1,0,0,22,-1,0,-1,-1
1533864585156405,-5,-2,-4,-19,-2,-2,-2,-7
1533864585156405,0,-1,-5,-12,-4,-1,-2,-2
1533864585177350,3,1,1,-1,1,2,1,3
1533864585177350,0,-1,1,-4,-6,-2,4,1
1533864585179345,-4,-2,2,14,-2,-2,-7,-3
1533864585179345,2,0,0,6,-2,-1,-3,-3
1533864585192313,0,0,0,-3,3,1,1,0
1533864585192313,-1,-2,-3,2,8,1,-3,-1
1533864585198297,0,-1,0,4,0,-1,3,3
1533864585198297,-2,-2,-6,-30,-10,-2,-1,2
1533864585223231,-3,-3,-1,3,-14,-6,-5,-5
1533864585223231,4,-2,0,-7,3,0,0,6
1533864585224224,-3,-2,-4,-5,-3,-3,-3,-6
1533864585224224,2,2,3,3,11,2,-4,1
1533864585238187,-2,-1,1,3,4,2,-1,-1
1533864585238187,-2,-2,-3,-9,-7,-3,-1,5
1533864585239184,0,-2,-4,-3,-2,-2,-2,-11
1533864585239184,0,-1,2,12,3,-1,0,1
1533864585252156,5,3,1,-10,4,-2,0,2
1533864585252156,-7,-1,-3,-3,-7,-3,0,-6
1533864585259140,-2,0,1,12,14,1,1,6
1533864585259140,-1,1,-3,-39,-19,-2,-1,-2
1533864585275091,1,-3,-4,10,-3,-2,-2,-1
1533864585275091,-8,-2,-5,16,7,-1,-7,-7
1533864585277083,0,0,-6,-18,-13,-4,-1,2
1533864585277083,1,0,5,31,26,5,1,-1
1533864585298030,-3,0,-4,-13,-10,-6,1,-1
1533864585298030,0,-8,-36,-14,-25,-2,-4,-5
1533864585299024,-5,-4,-1,-2,5,2,0,2
1533864585299024,0,-3,-2,-3,-14,-2,0,-1
1533864585311992,-2,1,12,2,13,1,-1,0
1533864585311992,1,1,0,2,5,-2,2,-2
1533864585318971,1,-4,-5,-2,-4,2,-1,2
1533864585318971,1,0,2,-1,2,-2,-1,-2
1533864585334934,-4,-4,-13,6,5,-1,-1,-3
1533864585334934,-1,2,9,-7,-4,-3,-2,-2
1533864585336923,-1,-3,-1,-18,-5,-2,-2,0
1533864585336923,-2,1,2,-11,-1,-4,0,-4
1533864585357867,-2,-3,-5,35,-1,-3,-4,-4
1533864585357867,0,-1,0,-65,-9,-4,-1,-2
1533864585358886,0,-1,3,10,9,-1,0,-2
1533864585358886,-2,0,-2,-4,-14,-3,0,0
1533864585370833,-3,-2,-2,-17,-4,-3,-3,-2
1533864585370833,0,0,2,33,7,-1,-1,0
1533864585379808,-1,2,-4,-11,-4,2,-1,1
1533864585379808,-5,-5,-5,-8,4,1,-1,-1
1533864585394769,1,2,5,-6,1,2,0,-3
1533864585394769,1,-2,2,2,-10,-5,4,8
1533864585396764,-4,-1,0,14,18,-1,-7,-18
1533864585396764,-2,-1,1,-16,-15,-3,1,-1
1533864585417707,-2,-1,-6,-6,-12,-4,-1,0
1533864585417707,2,2,7,2,11,2,1,2
1533864585419702,-2,-1,-1,8,-8,-2,-1,2
1533864585419702,2,-1,2,8,21,2,2,1
1533864585440659,-3,0,1,-11,1,1,-1,-3
1533864585440659,0,0,2,-4,-9,1,-2,-3
1533864585440659,-2,-1,-4,6,-1,-5,-2,1
1533864585440659,-3,-1,-3,4,-3,-3,-3,-3
1533864585454626,1,1,1,-13,-4,0,1,3
1533864585454626,2,-2,0,18,4,-2,-3,-3
1533864585455609,-1,0,0,-3,-8,1,-1,-1
1533864585455609,1,-3,-3,0,-2,-1,1,4
1533864585476549,-4,-2,-3,-10,0,-3,-4,-9
1533864585476549,-1,-1,3,-1,13,1,-1,-2
1533864585477547,-2,0,-1,12,-8,-1,2,1
1533864585477547,-5,-2,-3,-13,-11,-1,-2,-1
1533864585500489,1,-1,3,7,4,0,1,0
1533864585500489,-2,0,4,19,1,0,-2,-2
1533864585501496,1,-1,-4,-16,-3,-2,0,0
1533864585501496,1,0,-4,-1,-1,-2,-2,0
1533864585514451,-8,-1,-4,3,-2,-1,-2,1
1533864585514451,-1,-2,0,-2,-1,-2,-3,-5
1533864585515445,1,0,4,15,4,-2,0,4
1533864585515445,2,1,0,5,3,-2,-4,0
1533864585537399,-2,-3,-5,-13,-10,-3,2,7
1533864585537399,-3,0,-5,11,-4,-3,-3,-6
1533864585537399,-1,-2,3,-18,-5,1,-1,2
1533864585537399,-2,-2,-2,33,7,0,-1,0
1533864585560329,-2,1,2,-2,-4,1,-2,-9
1533864585560329,-2,-2,0,-5,-3,0,0,-1
1533864585561327,0,-2,-5,10,6,0,0,-1
1533864585561327,-5,-4,-9,-35,-27,-5,-2,-4
1533864585574291,1,-2,-2,34,11,4,-3,-1
1533864585574291,-1,-5,-5,-25,-5,-3,-2,0
1533864585575286,-5,-5,2,-12,-8,-3,1,-1
1533864585575286,0,0,4,15,1,-1,-1,-1
1533864585597230,3,-1,-1,11,2,0,-1,0
1533864585597230,-1,1,-5,-23,1,-2,-4,-1
1533864585598223,2,1,1,-6,-2,-1,0,1
1533864585598223,1,3,6,9,2,1,2,-1
1533864585620167,-2,-2,-2,-32,-8,-3,0,-3
1533864585620167,-1,0,-2,7,-1,0,0,1
1533864585621163,-1,2,-5,4,-3,1,2,-1
1533864585621163,-1,-2,-5,-30,2,0,-1,-3
1533864585635126,4,1,5,12,11,1,3,-2
1533864585635126,1,1,0,0,-1,0,-1,1
1533864585635126,-5,0,-6,-11,-13,-4,-2,-2
1533864585635126,-1,0,2,19,0,-3,0,0
1533864585657067,-4,-4,-7,-49,-8,-2,-2,-4
1533864585657067,-1,0,0,6,2,1,0,0
1533864585658064,1,-1,2,6,0,3,-1,0
1533864585658064,-2,-1,-1,-3,0,1,-1,-4
1533864585680008,0,1,-2,1,-2,0,-1,1
1533864585680008,-1,-1,-2,10,2,-1,0,-4
1533864585680008,-1,0,-2,-8,-6,-3,-1,-2
1533864585680008,-2,-1,0,4,4,0,0,0
1533864585694965,0,-2,-1,1,-6,-5,-2,0
1533864585694965,0,-1,1,1,1,1,2,3
1533864585694965,2,-1,2,-7,1,1,0,1
1533864585694965,-3,-5,-5,1,-5,-3,-5,-3
1533864585716906,2,2,0,15,1,1,1,0
1533864585716906,0,1,2,0,-1,-1,-1,-2
1533864585717920,2,8,24,-3,5,1,-1,1
1533864585717920,-2,-2,-4,-2,-3,-1,-2,-1
1533864585739849,-3,-3,-1,-9,-2,-2,-2,0
1533864585739849,-1,0,15,4,2,0,-1,-1
1533864585739849,-1,-2,-2,-2,-8,-7,-1,-3
1533864585739849,-1,-1,3,0,1,1,1,-2
1533864585754806,1,0,0,10,1,0,0,2
1533864585754806,-5,4,-8,-1,-3,0,-1,-2
1533864585754806,-3,-4,-16,0,3,0,-2,-6
1533864585754806,0,0,-1,-6,1,-1,-1,-1
1533864585777747,-3,-3,-3,7,-1,-2,-1,-5
1533864585777747,-2,-4,-1,-1,-2,-5,-2,2
1533864585778741,4,-1,-5,6,0,1,-1,5
1533864585778741,-2,-2,2,-4,-2,-2,0,-4
1533864585799688,-1,0,3,-4,0,-1,-1,-1
1533864585799688,0,0,-3,-3,5,-2,-2,-4
1533864585800683,-2,-4,-3,1,1,-1,0,0
1533864585800683,0,1,-5,5,-6,-3,-2,1
1533864585814662,-1,0,-3,6,13,6,2,-2
1533864585814662,2,0,0,-9,-9,-3,0,1
1533864585815643,-11,-8,-13,0,-1,-8,-5,-3
1533864585815643,-2,0,-3,4,-2,0,0,-1
1533864585836587,1,-1,-1,-1,-2,-3,-2,2
1533864585836587,-1,-1,2,-11,-2,-1,-1,-2
1533864585837594,-3,-1,6,-5,2,0,-1,-6
1533864585837594,0,-1,2,32,7,-1,0,-1
1533864585859528,-2,-2,-1,-52,-15,1,1,3
1533864585859528,3,-1,-2,-6,-7,1,-1,10
1533864585860532,-1,0,-5,11,0,-3,-3,-17
1533864585860532,-3,-3,-5,-9,3,-1,-2,10
1533864585874488,-2,-1,-1,26,1,-3,-4,-2
1533864585874488,-7,-1,-2,-35,-7,2,2,-6
1533864585875482,-2,-2,4,-2,5,2,0,1
1533864585875482,1,-1,1,-6,-11,-2,-1,-2
1533864585897427,1,-1,3,5,0,-2,1,1
1533864585897427,0,-5,-7,18,1,-2,0,0
1533864585897427,-4,-2,-3,4,-7,-4,-1,-1
1533864585897427,0,1,1,-10,11,1,-2,-7
1533864585919366,-4,-3,-6,-7,-13,-9,-1,1
1533864585919366,1,0,-1,-3,0,-2,-2,-6
1533864585920365,1,-3,-5,-13,-8,-1,-1,3
1533864585920365,-3,-4,3,7,-5,-3,-2,-2
1533864585934327,0,-2,-3,-8,1,0,-2,-5
1533864585934327,-3,-2,1,23,5,0,0,-1
1533864585935340,2,2,-1,20,5,-1,1,4
1533864585935340,-1,0,-5,-20,-1,0,0,-4
1533864585957276,2,-1,-1,4,6,-2,-2,-2
1533864585957276,-1,-2,-2,-10,-2,-1,2,0
1533864585957276,-1,1,0,22,-6,-1,-4,-1
1533864585957276,-1,-3,0,-3,-2,-3,0,2
1533864585980202,-4,0,0,3,1,0,-4,-6
1533864585980202,5,-1,-2,3,-3,-1,1,7
1533864585980202,-1,2,0,-9,2,0,-4,0
1533864585980202,-1,-4,-2,1,3,2,2,-1
1533864585995162,-1,-2,0,2,-7,0,3,1
1533864585995162,-4,-2,-6,-8,0,1,1,-5
1533864585995162,-3,-2,3,-5,-6,-3,-2,-4
1533864585995162,0,-2,-3,-3,1,-1,-3,-2
1533864586017148,1,0,3,2,-2,1,-1,0
1533864586017148,0,-1,1,7,-3,-2,-1,-1
1533864586018105,2,-3,-3,-4,5,0,0,-3
1533864586018105,0,2,-2,1,-3,1,3,2
1533864586040045,-1,-1,2,8,3,3,-3,-5
1533864586040045,-3,-5,-9,-11,-7,-4,-4,0
1533864586040045,6,0,-2,-4,4,2,10,21
1533864586040045,-4,1,1,-4,-2,-4,-13,-28
1533864586056001,0,-2,-6,-5,-1,0,5,14
1533864586056001,-3,-1,1,12,-1,-4,-2,-9
1533864586056999,3,-1,3,-13,-1,1,1,-3
1533864586056999,-5,-4,-4,9,0,-1,-4,1
1533864586077149,0,-2,-1,1,1,-2,-3,-1
1533864586077149,-1,0,0,2,6,1,2,-3
1533864586078146,-3,1,-6,-17,-10,-1,-3,-8
1533864586078146,3,2,1,-4,2,0,4,4
1533864586100088,-2,2,0,-1,2,-5,-3,-6
1533864586100088,-4,-3,-2,5,-1,-1,-1,2
1533864586100088,-2,-1,0,6,0,-1,0,0
1533864586100088,0,-2,-3,-5,-6,-2,1,6
1533864586114050,-1,-1,1,16,8,0,-1,-3
1533864586114050,0,-1,-3,-21,2,1,-3,0
1533864586115048,-7,-6,-8,-14,-28,-6,-2,0
1533864586115048,-3,-2,-4,-15,-12,-1,0,-5
1533864586137002,0,-2,2,7,3,-1,-1,-2
1533864586137002,-1,-2,1,13,4,3,-2,-4
1533864586137993,1,-1,1,3,10,1,-1,5
1533864586137993,-1,-4,-3,-5,0,-3,-2,-2
1533864586159184,-4,2,-1,-1,-5,-3,2,1
1533864586159184,0,0,0,-11,-2,-3,-7,-9
1533864586160181,-2,-5,-3,-3,3,1,0,-3
1533864586160181,0,1,3,-2,-1,-1,1,3
1533864586174147,0,-1,-1,-9,-2,2,2,3
1533864586174147,0,1,-1,6,-4,-1,-1,-2
1533864586175141,-1,0,-2,-3,3,-1,-2,-1
1533864586175141,-2,1,-1,9,-8,-4,-1,-4
1533864586197085,-7,-6,-8,6,-5,-3,-4,-7
1533864586197085,-3,-3,4,1,-3,-1,3,8
1533864586198079,-2,3,6,25,4,1,-4,-12
1533864586198079,-1,-1,-2,-52,-1,-2,-1,-3
1533864586219024,0,-2,-4,-3,-6,-3,-2,1
1533864586219024,-6,-1,-5,4,-2,-3,-2,-6
1533864586220020,-1,-1,-1,4,-1,2,1,0
1533864586220020,0,1,2,8,4,0,0,1
1533864586234980,0,-2,-3,-8,-4,-1,-2,-1
1533864586234980,1,-1,1,1,1,1,4,5
1533864586234980,0,0,-1,-8,6,-1,-6,-12
1533864586234980,-3,-1,-2,14,-7,-3,1,6
1533864586257116,-3,-5,-4,-13,-10,-5,-7,-7
1533864586257116,-3,-4,-2,0,2,-3,0,-1
1533864586257920,-1,-2,0,-2,-3,-2,-2,0
1533864586257920,3,0,3,10,5,0,1,4
1533864586279951,0,2,0,-3,4,3,2,-1
1533864586279951,0,1,-1,3,-4,-2,-4,-3
1533864586280859,-2,-2,-5,-10,0,1,0,0
1533864586280859,-3,-1,1,-4,4,2,-1,-1
1533864586294824,1,0,1,14,-1,1,2,3
1533864586294824,-1,-2,-1,-9,0,-1,-5,-9
1533864586294824,4,0,1,4,-6,-2,1,5
1533864586294824,-7,3,-17,10,6,1,1,-5
1533864586316763,-5,-13,46,-10,2,-2,-1,-4
1533864586316763,0,-1,3,18,-5,2,2,6
1533864586317760,-3,-3,-7,-33,-6,-4,1,0
1533864586317760,1,-5,0,2,5,0,-3,0
1533864586339703,1,4,-10,-6,-5,-1,0,17
1533864586339703,-2,-1,-4,3,3,-2,-6,-10
1533864586340699,-2,-2,7,13,0,-1,-1,1
1533864586340699,3,-2,-2,-1,-9,-3,-1,1
1533864586354664,1,2,-8,-5,14,1,0,-1
1533864586354664,0,-1,-1,-3,-9,-2,-2,-1
1533864586355659,-1,1,-8,-2,-7,-5,1,7
1533864586355659,-1,-2,0,-2,2,2,-7,-5
1533864586376601,3,3,-7,13,-5,-1,1,15
1533864586376601,-5,-2,0,-14,10,1,0,-12
1533864586377599,3,-1,2,-1,6,1,10,4
1533864586377599,-4,-4,-2,-1,-5,-2,-15,-26
1533864586399560,-2,-3,3,27,-1,-1,2,-2
1533864586399560,4,1,-5,-37,-11,2,1,2
1533864586400538,-1,-4,0,-2,-2,-2,-2,0
1533864586400538,0,-3,-1,10,8,0,5,9
1533864586422483,-2,0,-9,0,1,-3,-4,-11
1533864586422483,-2,-1,1,2,-8,-1,-1,5
1533864586423477,-1,0,0,9,3,-2,-3,-2
1533864586423477,-2,0,0,-2,-7,2,3,4
1533864586437440,-3,1,-3,-2,3,3,-4,-9
1533864586437440,2,-1,3,6,1,-3,1,4
1533864586437440,-2,-1,-1,-6,-2,-3,-3,0
1533864586437440,4,-1,0,5,-1,-3,1,5
1533864586459381,-4,-2,-4,-12,-6,-4,-1,-10
1533864586459381,1,0,-2,5,2,1,1,5
1533864586460378,-5,-2,-2,-9,-2,3,-2,-6
1533864586460378,0,0,2,3,2,-1,-1,8
1533864586474416,1,-1,-7,-10,0,-1,0,4
1533864586474416,-1,-1,2,0,-2,-3,-3,-9
1533864586482322,-2,9,-11,16,2,0,-2,-10
1533864586482322,-6,-19,3,-12,-2,0,-2,0
1533864586497282,2,8,-3,-14,-5,-1,-1,3
1533864586497282,-2,-7,-33,8,1,-2,-4,-1
1533864586498276,-3,-3,-1,0,0,-1,1,0
1533864586498276,2,4,2,3,1,0,2,-2
1533864586519221,-2,0,-2,-2,-3,-1,-1,-5
1533864586519221,-2,-2,4,10,2,-2,0,0
1533864586520219,0,-4,-5,-9,-4,-2,-1,1
1533864586520219,2,5,-7,-2,-2,1,-1,15
1533864586534181,-1,-5,-4,-1,3,0,-3,-11
1533864586534181,0,5,4,2,-4,-2,5,22
1533864586542163,-5,-7,4,-3,-3,-1,-16,-34
1533864586542163,1,-1,3,-2,0,-3,2,-2
1533864586557122,0,-2,1,-3,-2,-1,3,10
1533864586557122,-2,-2,2,0,-2,-1,4,-13
1533864586558116,-2,0,0,-2,-1,-2,-8,10
1533864586558116,-5,0,-3,-2,-1,-1,1,0
1533864586580061,-4,-2,1,0,-2,-2,-9,-37
1533864586580061,0,-1,2,0,-1,2,0,-1
1533864586580061,-3,-2,0,-4,0,2,17,17
1533864586580061,4,2,1,0,-2,-2,-13,6
1533864586594023,2,-3,-2,-4,-1,-4,-1,5
1533864586594023,-4,-1,3,-3,0,-2,-2,-6
1533864586601998,0,-2,1,6,0,-2,-3,-9
1533864586601998,1,1,-9,-6,-1,0,7,5
1533864586616958,0,1,-1,-1,-2,-2,2,7
1533864586616958,-2,-3,-2,-3,-3,-1,-8,-6
1533864586617957,0,1,6,1,-2,2,3,11
1533864586617957,-1,0,-2,5,1,-1,0,-13
1533864586639933,-3,-6,-4,-13,0,-1,-6,-1
1533864586639933,-1,2,2,-2,0,-1,2,1
1533864586639933,0,-2,-5,8,5,-1,-3,0
1533864586639933,0,0,3,-11,-4,3,2,-3
1533864586653861,-5,-3,-5,14,-2,-4,-2,-4
1533864586653861,-4,-2,1,0,2,-1,-2,5
1533864586661846,-1,2,1,-5,-15,-2,-2,0
1533864586661846,-1,-2,-1,8,18,-1,-3,-9
1533864586676800,2,0,5,-2,14,0,4,6
1533864586676800,-1,-2,-3,-13,-17,-4,-3,-2
1533864586677799,2,1,2,-2,-9,0,-1,-1
1533864586677799,-3,-1,-7,-7,6,-6,-3,-6
1533864586699742,-4,-4,-6,-3,-4,1,0,0
1533864586699742,-3,-2,1,11,7,1,1,0
1533864586700735,1,-3,-2,-3,12,0,-1,-4
1533864586700735,0,0,3,-8,-14,-1,0,1
1533864586713723,0,1,0,-3,-6,-4,-1,1
1533864586713723,-3,0,1,-3,9,1,-3,-5
1533864586721680,5,0,2,2,-2,-2,0,5
1533864586721680,-4,-2,0,-4,-11,-5,-1,-5
1533864586737639,1,-1,-4,-8,0,0,-1,-2
1533864586737639,0,-3,-3,-7,-12,-3,-2,-1
1533864586737639,0,-4,-4,2,7,0,-2,0
1533864586737639,-4,-1,0,5,-4,-3,0,-1
1533864586759578,1,-2,3,-9,-2,0,1,1
1533864586759578,-2,2,3,17,1,-1,0,-1
1533864586760575,-5,-3,0,-18,2,0,1,-4
1533864586760575,-3,-3,-5,-1,-4,-1,-1,-2
1533864586782710,-1,0,2,10,3,0,-1,-4
1533864586782710,2,1,-2,1,3,-1,-1,0
1533864586783514,-5,-1,-3,-2,-7,-3,-5,-2
1533864586783514,-4,-1,2,-2,0,3,1,-3
1533864586796478,-2,-1,-5,-5,-6,-1,0,1
1533864586796478,1,-2,1,0,5,0,0,0
1533864586797476,-1,0,-1,7,-2,-3,-1,-3
1533864586797476,0,0,0,-4,-3,1,-3,2
1533864586819421,0,0,-1,4,3,-1,0,3
1533864586819421,-5,-3,-1,3,4,3,1,-8
1533864586820415,0,-3,-6,-15,-7,-5,-2,-1
1533864586820415,-3,-3,-2,0,-4,-3,-2,-1
1533864586842359,-1,-1,-2,-5,-2,-2,-3,-2
1533864586842359,-1,-2,-5,-6,-7,-3,-2,0
1533864586843354,0,0,0,1,0,2,1,0
1533864586843354,0,-1,0,2,2,0,0,-1
1533864586857319,-1,-1,-2,1,-3,-2,-1,1
1533864586857319,0,-2,0,-3,-2,0,1,1
1533864586858313,-2,0,-1,7,0,-1,-2,-4
1533864586858313,0,0,0,0,3,-1,-1,-1
1533864586879257,-4,-3,1,-1,-2,1,1,-1
1533864586879257,1,0,0,3,-3,0,-2,0
1533864586880254,-2,-4,-4,-8,4,-3,-4,-1
1533864586880254,-1,-2,-2,-3,-3,-3,0,-1
1533864586903195,0,-3,-3,-1,-2,-2,-2,-3
1533864586903195,-2,-2,-2,-6,1,-2,1,1
1533864586903195,-1,1,0,4,-4,-3,-1,-2
1533864586903195,1,0,0,3,-1,1,2,0
1533864586917156,-1,1,0,-11,-1,-2,-1,-3
1533864586917156,0,-2,-3,0,-5,-1,-2,1
1533864586918154,-1,-2,0,6,6,-4,-3,-2
1533864586918154,-2,-2,-3,-2,-8,1,-2,0
1533864586940098,-3,0,-2,6,3,1,0,-2
1533864586940098,1,2,1,-8,-1,-2,0,2
1533864586940098,-1,2,-2,-2,-1,2,1,1
1533864586940098,1,1,1,1,2,-1,-2,-1
1533864586963034,1,-4,-3,3,-3,-3,-1,-1
1533864586963034,-2,-2,0,3,0,-3,-3,-3
1533864586963034,-1,-2,0,-7,2,-1,0,-1
1533864586963034,-2,-1,-2,8,-7,-6,0,2
1533864586976996,-3,0,-3,-13,-2,2,-1,-2
1533864586976996,-3,0,-2,6,-1,-4,-2,-1
1533864586977994,-2,-1,-1,-2,1,-2,-3,-5
1533864586977994,-3,-3,-2,-1,2,1,-1,1
1533864586999935,-1,-1,-1,1,1,-2,-1,-4
1533864586999935,0,-2,-1,-1,0,0,-1,1
1533864586999935,3,1,4,19,2,1,-1,3
1533864586999935,-6,-1,-3,-9,0,-3,0,-6
1533864587023076,-3,-3,-4,-21,-12,-4,-2,-1
1533864587023076,-1,-3,-1,-5,3,-1,-1,-1
1533864587023871,-1,-2,-1,8,-6,-1,-1,2
1533864587023871,1,2,1,5,4,0,-3,0
1533864587036836,2,1,3,8,2,1,-1,-1
1533864587036836,-2,-1,-4,-8,-2,0,1,1
1533864587037833,0,-2,-3,-6,0,-2,-1,-2
1533864587037833,-1,-2,0,1,0,0,-1,-1
1533864587059774,-1,0,-3,6,-4,-1,-2,-1
1533864587059774,0,-2,-2,-3,0,1,-1,-1
1533864587060772,-1,-3,-3,-1,-3,-2,-1,-2
1533864587060772,1,-2,-1,-4,-5,-1,-1,-2
1533864587082713,0,2,1,2,-3,0,-1,2
1533864587082713,-1,-1,3,3,10,-1,0,-2
1533864587083711,-3,-5,-8,-18,-7,-3,1,-1
1533864587083711,1,0,-1,-7,-5,-1,-1,-2
1533864587096679,1,-3,-3,5,0,-4,-2,-1
1533864587096679,-2,-1,-1,5,-4,-2,-2,-3
1533864587097673,-1,1,2,2,-1,0,-1,-2
1533864587097673,-1,0,-1,1,1,-1,-1,-2
1533864587119615,0,1,0,1,1,-1,0,0
1533864587119615,0,-1,-2,-8,-2,-2,-2,-1
1533864587120611,-3,-1,-1,-4,0,0,-1,0
1533864587120611,-2,0,1,0,1,-1,0,1
1533864587142553,1,-2,3,3,-1,1,-1,4
1533864587142553,-2,-1,-1,4,0,0,0,-4
1533864587143551,2,7,9,21,19,5,2,-6
1533864587143551,-9,-13,-13,-12,-17,-6,-5,-2
1533864587165492,-6,-5,-9,3,-14,-8,-3,-1
1533864587165492,0,-2,-4,-11,-10,-3,-4,-1
1533864587166489,1,-1,0,13,1,-1,0,1
1533864587166489,3,4,6,-8,26,7,3,0
1533864587179458,-5,-1,3,-5,-3,-1,0,0
1533864587179458,-2,0,0,7,-3,1,-1,-2
1533864587180452,-2,-1,-2,-2,-8,-4,-3,-2
1533864587180452,-1,-1,-2,-21,-6,-3,-1,-2
1533864587203399,0,-1,-2,9,4,0,0,1
1533864587203399,3,2,0,5,-4,0,-1,0
1533864587203399,-2,-4,-2,-1,-4,-1,-3,-2
1533864587203399,5,1,2,11,9,0,1,2
1533864587217354,-2,-3,-2,-28,-17,-3,-1,0
1533864587217354,-5,-3,0,-3,0,-2,-2,-4
1533864587217354,-6,0,1,-15,-5,-1,0,-3
1533864587217354,-1,-1,-10,17,-5,-4,-4,-4
1533864587239298,1,1,-1,-10,7,2,0,2
1533864587239298,3,-2,0,26,3,-3,-1,1
1533864587240292,-2,-3,-7,-11,-8,-4,-2,1
1533864587240292,-2,-2,0,-28,-2,-1,1,-3
1533864587262233,-2,-1,0,-17,-4,0,0,-3
1533864587262233,-1,0,2,-12,-4,-1,-2,2
1533864587263231,-2,-2,0,13,2,0,-1,0
1533864587263231,0,3,4,11,9,0,-1,-2
1533864587277193,1,1,-2,-12,-7,-3,-3,-1
1533864587277193,-2,-3,-6,9,0,-1,-1,-4
1533864587278190,0,-3,-2,3,0,-2,0,0
1533864587278190,-1,-3,-4,0,-7,-3,-1,-3
1533864587299138,2,0,4,2,9,0,-1,-2
1533864587299138,-1,1,-3,-13,1,0,0,-1
1533864587300132,2,-2,-1,0,0,0,0,2
1533864587300132,-1,-4,-5,-14,-12,-3,-2,2
1533864587323070,-7,0,-1,12,7,-1,-1,-8
1533864587323070,1,0,1,-1,-1,1,0,3
1533864587324068,-2,-3,-6,-21,-8,0,-2,2
1533864587324068,0,1,2,7,11,3,1,0
1533864587337037,-2,-2,-2,2,-9,-2,0,0
1533864587337037,-2,-1,-2,-9,-2,-2,-1,3
1533864587338041,-3,-3,0,-21,-4,-1,2,-1
1533864587338041,-1,-1,1,12,-1,-1,-1,-1
1533864587359975,1,-2,-4,1,7,1,-2,-2
1533864587359975,-3,-1,-1,-1,3,-1,-1,-2
1533864587359975,2,2,3,17,3,-1,-1,1
1533864587359975,-7,-1,-2,-16,-6,-3,0,-2
1533864587382914,-1,-1,-2,3,-8,0,-2,-2
1533864587382914,-2,-1,1,0,-2,-3,-1,1
1533864587383920,0,2,0,-10,0,2,0,1
1533864587383920,1,-1,-1,10,1,-1,-2,1
1533864587396873,-3,-6,-1,4,3,-1,-2,-5
1533864587396873,-1,-1,-2,-9,-1,1,1,1
1533864587404852,0,1,-1,3,-2,-2,-2,-4
1533864587404852,-2,0,1,15,-1,-1,-2,-6
1533864587419812,2,-1,-2,3,2,-2,-1,3
1533864587419812,-4,-4,-5,-9,-3,-4,-1,-4
1533864587419812,-1,0,0,-3,-2,-2,-2,-2
1533864587419812,0,0,3,6,-2,1,-1,-1
1533864587442750,0,-1,1,0,3,1,1,3
1533864587442750,2,-1,-2,-6,3,0,-2,1
1533864587443748,-3,-4,-5,5,-7,-5,-3,-2
1533864587443748,-1,-1,-3,6,12,0,-1,1
1533864587456713,-1,0,2,6,-5,0,1,-1
1533864587456713,1,0,1,-13,-2,0,-1,-2
1533864587464692,-5,-6,-2,-6,-6,0,1,1
1533864587464692,-3,-3,0,10,0,-3,-1,-4
1533864587487647,1,1,0,0,8,2,-1,1
1533864587487647,0,-3,-2,3,-7,-2,0,-2
1533864587488628,2,1,-4,-8,4,-1,-2,-3
1533864587488628,0,-4,1,5,-2,-2,-1,3
1533864587502610,-3,-3,-2,1,-3,0,0,0
1533864587502610,0,-1,-1,-17,-7,-4,-1,3
1533864587503588,-3,0,-1,-4,-2,1,-1,-2
1533864587503588,2,-1,-3,-5,-2,-2,-1,-1
1533864587516553,-4,-3,-4,-4,-6,-1,-3,-3
1533864587516553,-2,-1,0,19,3,0,-3,2
1533864587524532,1,-2,0,-1,-2,-1,-2,1
1533864587524532,-2,0,0,-13,-5,-2,0,-2
1533864587539493,-1,-1,0,6,3,-1,1,1
1533864587539493,2,1,2,2,2,0,1,-1
1533864587540489,-4,-2,-3,5,-2,-3,-1,-1
1533864587540489,-1,-2,-1,-4,-7,-2,-1,-3
1533864587570410,-6,-3,-5,-17,-1,-1,-4,-9
1533864587570410,-3,0,-2,0,-2,1,-2,-1
1533864587571408,1,1,-1,0,4,0,-2,-2
1533864587571408,-1,-3,-1,-3,-5,-1,0,2
1533864587576428,2,-2,-1,14,2,0,2,5
1533864587576428,-2,-4,-4,-5,1,0,-4,-9
1533864587584371,0,2,1,1,-2,-2,0,3
1533864587584371,-1,1,0,6,-1,0,-1,-4
1533864587599537,2,1,-1,-16,-4,-4,0,0
1533864587599537,-4,-2,-4,-5,-2,-3,-2,-3
1533864587600329,-1,-3,0,12,-2,-2,-2,-1
1533864587600329,-2,-2,-1,-9,0,2,0,-1
1533864587622272,1,1,2,1,-3,-2,-2,2
1533864587622272,1,0,3,4,6,3,1,0
1533864587623269,-3,-2,-1,-1,-4,-3,-2,-1
1533864587623269,0,-1,-3,12,0,-2,-3,-1
1533864587636234,0,0,1,10,8,0,-2,-1
1533864587636234,0,0,1,-7,-10,0,0,4
1533864587645209,-6,-7,-7,-8,2,-3,-3,-7
1533864587645209,4,6,-54,-16,-7,-3,-2,-1
1533864587660169,-5,-3,11,14,-2,-1,-2,-1
1533864587660169,-4,-2,0,7,4,1,1,-2
1533864587660169,2,-3,2,-13,-2,-1,-1,1
1533864587660169,1,-1,1,2,-2,-2,-1,1
1533864587683147,0,-1,-6,-2,1,-4,-3,-5
1533864587683147,0,-1,-3,-7,-4,-2,-1,-1
1533864587683147,0,2,0,4,-2,0,0,0
1533864587683147,-4,-1,12,-9,0,0,-1,0
1533864587696073,2,1,-1,-6,1,-1,0,2
1533864587696073,-2,-3,4,0,-3,-2,-1,-2
1533864587705048,-1,-1,-2,2,0,-1,-1,-3
1533864587705048,2,1,12,12,12,0,1,3
1533864587720010,-5,-5,-8,-37,-16,-4,-1,-4
1533864587720010,-2,-4,-12,-10,-1,-2,-1,-2
1533864587721034,-2,-4,-8,-23,-11,-5,-1,2
1533864587721034,-3,9,-10,7,-5,-7,-3,-1
1533864587742947,1,-2,24,15,9,4,2,0
1533864587742947,-2,-2,-2,-4,2,-3,-2,-3
1533864587743945,-2,-2,0,-13,-16,0,-2,0
1533864587743945,-3,-1,15,15,-4,1,-1,1
1533864587765886,3,-1,-6,9,-2,-1,8,6
1533864587765886,1,2,0,2,0,-1,-11,-11
1533864587765886,1,1,4,6,10,1,2,-2
1533864587765886,0,-5,-6,-13,-6,-2,-3,-4
1533864587779852,1,1,-6,5,1,1,1,4
1533864587779852,-3,-4,1,2,-2,1,1,-5
1533864587779852,0,4,-3,-8,1,0,-3,5
1533864587779852,-3,-7,2,-3,-1,2,0,-3
1533864587802788,0,-3,-7,1,-1,-1,-2,4
1533864587802788,1,4,3,0,-2,-1,1,1
1533864587803786,2,-1,-1,10,0,0,-2,-2
1533864587803786,-1,-3,3,-7,-2,-1,1,2
1533864587825729,-1,4,-8,7,2,0,2,3
1533864587825729,-2,-17,0,5,-4,-2,-5,2
1533864587825729,-6,-1,2,5,4,0,-2,-16
1533864587825729,-4,-2,1,-9,-3,0,1,-3
1533864587839690,1,5,-4,-3,-4,-2,-1,-9
1533864587839690,3,3,-7,1,-1,-1,2,18
1533864587840687,0,-1,1,0,5,-1,-6,-12
1533864587840687,-1,-4,3,1,-1,-1,16,15
1533864587862627,-16,-6,1,-2,-2,-3,-27,-23
1533864587862627,3,9,-19,1,1,4,8,5
1533864587863625,0,-2,23,2,-4,-2,-5,-4
1533864587863625,-7,-1,1,-7,-2,-3,-10,-11
1533864587885566,2,-4,-6,-3,-1,-1,6,7
1533864587885566,-5,-1,-2,-3,-1,-1,0,4
1533864587885566,-1,-2,-12,2,0,-3,2,3
1533864587885566,2,-2,-1,-1,-1,0,-1,4
1533864587899529,2,-3,8,-4,-4,-3,-2,4
1533864587899529,-4,1,6,7,0,1,-4,-10
1533864587900534,-2,0,-9,6,2,-2,1,2
1533864587900534,-2,-3,4,-25,-2,-1,-2,-1
1533864587922469,0,5,-8,-20,-3,0,0,-1
1533864587922469,-3,-19,10,11,-5,-4,-1,-7
1533864587923467,4,1,1,-6,31,8,6,6
1533864587923467,1,-3,-5,25,-30,-4,-4,-2
1533864587945406,-7,-6,-8,-5,8,-3,-5,-6
1533864587945406,-1,3,-7,-17,-16,-5,1,0
1533864587946404,-4,-2,0,11,-1,-3,-1,5
1533864587946404,2,-3,3,-10,3,1,-3,-4
1533864587959368,6,3,3,20,-4,1,3,-1
1533864587959368,0,2,2,0,16,-2,0,0
1533864587960367,-1,-3,-4,8,-4,-2,-1,-2
1533864587960367,-1,2,-3,-4,-2,0,-3,-5
1533864587982309,3,0,1,-1,-1,0,0,0
1533864587982309,3,3,1,0,0,0,-2,3
1533864587983306,-7,-1,-4,-13,-13,-2,0,-7
1533864587983306,-1,-8,-33,0,2,-2,-1,0
1533864588005247,-1,0,13,5,-3,-1,1,4
1533864588005247,-3,-1,1,-7,6,1,-1,-7
1533864588006264,2,2,-3,-8,2,0,-1,2
1533864588006264,1,2,3,-11,-15,0,2,0
1533864588019219,-1,-4,-5,6,13,1,1,-3
1533864588019219,-2,1,-5,-7,-5,-1,-2,-3
1533864588020217,-2,-3,-2,-3,-10,-3,-1,2
1533864588020217,1,1,9,-1,14,1,-3,-4
1533864588043145,-1,-2,-5,-12,-12,-1,-1,-3
1533864588043145,1,0,5,1,-4,-2,2,0
1533864588043145,2,0,-4,-13,-3,-1,0,1
1533864588043145,1,1,9,12,9,-3,-1,0
1533864588065089,2,1,4,0,7,-1,0,-1
1533864588065089,0,0,-4,-7,1,0,-1,1
1533864588066083,-3,9,-17,-20,-9,-6,-5,-2
1533864588066083,-2,2,1,23,-8,-6,-5,-1
1533864588079049,-2,-1,0,15,-8,-1,-2,0
1533864588079049,1,1,3,0,3,1,1,0
1533864588080046,3,0,4,-1,2,2,0,0
1533864588080046,-1,1,2,-6,4,0,0,-1
1533864588103012,1,-1,-1,-10,-5,-1,-3,1
1533864588103012,-5,1,-7,0,-3,-5,-1,-6
1533864588103981,2,-5,-1,14,20,4,-1,0
1533864588103981,-5,-7,-6,-6,-16,-3,-3,-2
1533864588124925,-4,-3,-1,1,8,2,-1,-1
1533864588124925,0,-1,0,-5,-7,0,-1,-2
1533864588126955,0,-2,1,6,-5,-1,0,0
1533864588126955,-2,-1,3,-1,7,-1,1,1
1533864588139091,-3,0,-4,-5,-5,-1,-1,-1
1533864588139091,1,0,0,6,0,1,-1,2
1533864588147864,-2,-4,-1,-18,-7,-2,0,10
1533864588147864,-8,-3,-8,2,1,-7,-6,-13
1533864588162824,-1,-1,0,1,-18,-5,-2,-3
1533864588162824,-2,1,0,-10,3,-1,-3,5
1533864588164819,0,-4,2,18,-5,-4,0,-4
1533864588164819,2,2,3,-2,7,2,3,2
1533864588185768,-2,-2,-3,-10,5,-1,-3,0
1533864588185768,-1,-2,-1,4,0,-2,2,0
1533864588186778,1,1,0,-7,-7,2,-1,-3
1533864588186778,-1,1,2,-13,-1,-2,-1,0
1533864588198732,-2,-2,-5,2,10,2,-1,-4
1533864588198732,-1,1,0,7,-11,-1,-2,0
1533864588207708,-2,3,-6,-6,-4,-3,-2,-2
1533864588207708,-4,-19,16,-36,2,1,1,-3
1533864588222664,0,-6,-2,14,-5,-4,1,2
1533864588222664,0,-2,1,24,4,-2,-3,-2
1533864588224659,-1,-5,-4,-11,-2,-1,-1,-1
1533864588224659,2,4,-6,13,-4,-1,-4,-5
1533864588245805,0,2,-1,-24,-1,-1,0,-2
1533864588245805,-2,-6,-2,-5,-3,-2,-1,-3
1533864588246600,1,2,4,13,-1,1,0,0
1533864588246600,2,3,-2,3,5,1,0,5
1533864588258572,-3,0,-1,1,3,-2,-4,-7
1533864588258572,0,2,-3,-7,-9,0,-2,2
1533864588275522,-3,-4,0,-5,-4,-1,-2,-1
1533864588275522,-1,1,-6,-6,-4,-1,0,1
1533864588282505,-3,-4,-4,4,0,-3,0,1
1533864588282505,-2,-2,1,-4,2,-3,0,-2
1533864588284508,-2,0,8,26,4,-3,-4,-1
1533864588284508,-1,-1,-3,-33,-7,0,-2,-2
1533864588305443,-1,-3,-1,-2,-4,0,1,-1
1533864588305443,0,1,-3,-12,1,0,1,-2
1533864588306455,-6,-3,-6,6,-3,-2,-1,-1
1533864588306455,1,3,2,6,2,2,-1,0
1533864588319408,-1,-1,1,9,-2,0,0,1
1533864588319408,-1,-1,-1,-15,-1,-4,-1,-2
1533864588327385,-1,-2,-1,-9,-7,-3,2,-3
1533864588327385,-4,1,-2,7,1,-4,-1,8
1533864588342348,-2,1,-3,-4,0,0,-2,-7
1533864588342348,1,-1,-1,9,2,0,-3,-3
1533864588344375,1,1,0,-1,-1,-1,-2,-2
1533864588344375,1,-2,-1,7,0,-1,0,1
1533864588365288,-2,-1,3,0,-6,-2,0,1
1533864588365288,-2,-2,-5,0,-2,-2,-3,-3
1533864588367280,-1,-3,-3,-11,1,0,1,1
1533864588367280,0,0,-3,9,1,0,0,9
1533864588379245,2,1,7,5,9,2,-2,-2
1533864588379245,-3,-3,6,-47,-9,-3,-3,-3
1533864588388226,-3,-4,-7,28,-4,-4,-3,-2
1533864588388226,-2,-6,-7,2,-10,-2,-3,-3
1533864588403307,0,0,-3,-1,-4,-4,-2,0
1533864588403307,-2,1,-3,12,9,1,-1,0
1533864588404180,3,3,5,-3,4,5,2,3
1533864588404180,1,3,3,3,3,1,-2,-1
1533864588425124,-5,-2,-4,4,-5,-2,-1,-4
1533864588425124,1,-1,0,-1,0,-1,1,-2
1533864588427139,1,1,-1,-8,-2,-3,3,4
1533864588427139,-3,0,2,10,0,-2,-8,-5
1533864588439086,1,-3,0,-19,1,0,5,6
1533864588439086,-3,0,-2,19,-2,-4,-6,-1
1533864588448061,1,-1,-9,0,0,0,-3,-4
1533864588448061,-4,-18,11,-9,2,0,3,8
1533864588463021,2,3,9,-1,-1,-2,-2,3
1533864588463021,-3,-3,-3,2,-4,-1,-3,-12
1533864588464029,-2,-1,-4,-2,-1,-1,-1,4
1533864588464029,1,6,10,13,2,1,1,-2
1533864588484975,-1,-2,-7,-15,-5,0,0,3
1533864588484975,-1,-3,0,1,1,3,2,5
1533864588486958,-3,-2,-1,-8,-7,-3,-4,-8
1533864588486958,-1,-1,-12,5,3,-2,0,-4
1533864588498929,-3,-5,-8,6,3,-1,-2,-1
1533864588498929,-2,1,-5,7,-6,-2,-2,-5
1533864588507901,-2,-1,6,-8,1,1,0,-2
1533864588507901,5,5,0,-14,10,4,1,-1
1533864588522864,-5,-3,-1,66,-4,-6,-4,2
1533864588522864,-4,-7,-3,-19,-15,-6,-3,0
1533864588524868,-2,0,0,3,0,-1,-2,-1
1533864588524868,0,1,-4,-1,-3,0,1,-7
1533864588552782,2,6,2,-12,9,2,1,-4
1533864588552782,-1,-2,-10,15,2,-3,-2,-1
1533864588554777,-2,-1,1,-1,-4,-2,0,-3
1533864588554777,0,0,3,0,8,-1,0,0
1533864588558778,-2,-2,-4,-14,-17,-4,-4,-3
1533864588558778,1,0,1,-4,-2,-1,2,6
1533864588567749,1,7,-8,-5,2,-1,5,2
1533864588567749,-6,-16,4,6,-3,-4,-12,-19
1533864588582705,-1,0,34,-17,-2,0,4,1
1533864588582705,3,0,2,-3,2,0,-6,9
1533864588584697,-5,0,-2,8,4,0,2,-8
1533864588584697,3,3,-9,-4,-5,-2,6,23
1533864588605640,-4,-1,-10,-9,-2,-4,-19,-35
1533864588605640,-2,0,1,2,2,1,3,-3
1533864588606644,3,-3,0,-6,-2,0,-6,4
1533864588606644,-2,-1,-5,-6,-7,-2,5,7
1533864588618606,-4,-1,-11,-9,-1,0,2,8
1533864588618606,-1,-1,3,4,3,2,6,6
1533864588627582,3,-5,-8,-3,-2,-1,-8,-9
1533864588627582,-6,-3,1,-2,-3,-3,-2,-10
1533864588642544,4,-1,-9,-2,0,-3,2,5
1533864588642544,1,3,-1,-4,1,-2,-2,-6
1533864588649522,-1,-1,8,-4,-3,-1,0,8
1533864588649522,-4,7,8,3,-4,0,-2,-6
1533864588665480,0,1,0,-4,-2,1,2,4
1533864588665480,-3,-2,5,2,-1,0,1,-7
1533864588666478,0,-7,-7,-4,-4,0,4,20
1533864588666478,-4,5,-4,11,0,-4,-13,-37
1533864588687429,9,1,-10,-25,-1,-3,4,9
1533864588687429,-10,-1,0,8,-3,-1,-1,2
1533864588689432,-3,-5,-36,-3,1,-2,-11,-33
1533864588689432,2,-5,4,4,1,0,2,2
1533864588702382,-1,-3,2,-13,-7,1,-2,0
1533864588702382,5,-2,-4,2,2,0,2,-1
1533864588704377,-7,0,1,4,-2,-3,-4,2
1533864588704377,-1,0,-8,2,-2,0,1,8
1533864588725320,0,-4,1,12,11,-1,0,-5
1533864588725320,1,5,-1,-1,-16,-1,0,3
1533864588727315,-4,-3,4,-28,-23,-4,1,-2
1533864588727315,2,-2,0,8,44,2,-1,0
1533864588747262,-1,1,0,12,-26,-2,1,4
1533864588747262,-6,-5,-11,-12,7,-5,-7,-7
1533864588749271,1,0,12,10,1,1,-1,0
1533864588749271,-1,-2,-8,-15,-22,-2,1,2
1533864588770201,-2,-2,-4,-1,15,-1,-2,-1
1533864588770201,1,-2,0,-2,6,1,0,1
1533864588772195,1,-1,5,5,-3,-1,-1,-1
1533864588772195,2,2,0,-10,-2,0,-1,2
1533864588785160,-4,-3,-3,5,2,-1,-1,-2
1533864588785160,-2,0,2,-3,-7,-1,-1,-2
1533864588787159,4,1,5,6,9,2,1,4
1533864588787159,-8,-2,-17,-15,-6,0,-1,1
1533864588808121,1,3,30,2,0,-5,-3,-1
1533864588808121,-2,-3,-2,-7,-2,-3,-3,-4
1533864588809114,0,-6,-2,10,8,0,1,-1
1533864588809114,-11,0,-5,9,-6,-1,-1,-3
1533864588822062,13,2,-11,-3,-6,-1,-4,-4
1533864588822062,-2,0,-4,-3,2,0,-2,-2
1533864588829043,-2,2,10,1,4,2,0,-2
1533864588829043,3,-4,2,13,-7,-4,0,4
1533864588845000,-8,-5,-6,-21,-7,-3,-3,-12
1533864588845000,1,0,2,3,2,2,0,-2
1533864588846995,-2,4,-2,22,-2,-4,-3,-1
1533864588846995,0,-1,3,-1,-4,2,0,0
1533864588867951,-5,-4,-9,-15,5,1,-1,2
1533864588867951,4,-3,9,-9,0,-3,-1,-2
1533864588868940,-5,-1,-2,4,-4,-5,-1,-1
1533864588868940,3,2,2,-6,0,-2,-1,0
1533864588881904,-3,-2,-5,12,3,-2,0,2
1533864588881904,-1,3,-4,3,-11,-1,-4,-1
1533864588888884,0,-1,3,-10,12,1,1,1
1533864588888884,1,0,3,-10,-4,-2,-1,0
1533864588905905,-4,-3,-7,23,-5,1,-1,-2
1533864588905905,0,-4,-3,2,5,1,1,-1
1533864588906855,-1,-2,0,-4,-1,-2,-1,0
1533864588906855,1,-1,0,-12,-3,-1,-2,-2
1533864588927781,-1,0,0,-5,0,-1,-1,-1
1533864588927781,-1,-1,-2,3,3,-2,0,1
1533864588929777,-2,-1,-1,-2,-4,0,0,-1
1533864588929777,3,2,0,-4,-2,2,0,-2
1533864588941956,-3,-6,-11,5,-2,-5,-2,-2
1533864588941956,-2,0,0,-2,-7,-1,0,-1
1533864588948889,0,-2,-3,-11,-3,-4,-2,1
1533864588948889,0,-1,-1,5,23,8,2,2
1533864588965681,-1,-3,-1,-9,-19,-1,1,-1
1533864588965681,-4,-6,-4,19,5,0,-2,0
1533864588966675,-2,-1,0,-9,-7,0,0,0
1533864588966675,0,0,-2,10,-3,-3,-2,0
1533864588987619,-1,1,1,-5,12,2,0,1
1533864588987619,-4,-1,-4,-18,-4,0,-2,-6
1533864588989613,0,0,-2,-6,-1,-1,-2,0
1533864588989613,-3,-2,-1,19,-8,-5,-2,-3
1533864589002579,-1,1,-1,-6,3,3,-1,-1
1533864589002579,2,9,2,-9,1,-2,-3,-1
1533864589008562,-5,-4,-2,27,7,4,1,-4
1533864589008562,-1,-3,-3,-17,-15,-2,1,-3
1533864589025556,-2,-2,2,-1,2,-3,1,0
1533864589025556,0,-2,-3,3,0,-2,1,0
1533864589026522,0,3,4,-10,0,-1,-1,-2
1533864589026522,-1,1,-2,18,-2,-3,-1,1
1533864589047459,1,3,-3,-8,1,-3,-3,1
1533864589047459,-2,-5,-3,-2,-3,0,-2,0
1533864589049455,-2,-3,-1,-9,-3,0,-1,-1
1533864589049455,2,-1,2,6,-3,1,-1,-3
1533864589062418,-1,-1,-3,-8,-5,0,1,4
1533864589062418,-3,-5,-3,10,-2,1,-2,-2
1533864589069400,-4,-7,-6,2,-3,-3,-1,-2
1533864589069400,0,2,-1,-11,-3,-3,0,0
1533864589085361,0,-1,2,19,15,2,0,-2
1533864589085361,2,0,3,-28,-8,0,2,1
1533864589087358,-3,0,-5,-1,-5,-4,-1,-1
1533864589087358,-2,-3,-3,-10,0,-2,-1,1
1533864589108299,-4,-3,2,-8,-2,-1,-3,-1
1533864589108299,-1,-3,0,17,3,-1,-1,-4
1533864589110294,1,-1,-2,-3,5,-2,-1,-1
1533864589110294,-2,-1,1,3,-1,-4,-1,-2
1533864589122477,0,2,-10,-20,-4,-3,5,7
1533864589122477,-3,-17,12,-4,-1,-2,-8,-13
1533864589129240,2,-1,2,-1,1,1,1,-3
1533864589129240,-3,-4,-6,1,-2,-2,-2,0
1533864589145226,-3,-1,-1,9,-3,-1,-1,-2
1533864589145226,1,5,-4,2,0,-3,2,8
1533864589147192,-3,-2,1,-14,-7,-1,-4,-6
1533864589147192,1,-1,3,9,-1,-2,1,-4
1533864589168145,-2,-1,0,-5,-5,-1,-5,-1
1533864589168145,0,3,-5,0,0,2,1,10
1533864589169145,1,0,1,-7,5,1,-4,-4
1533864589169145,-2,0,-7,-2,-2,0,-3,1
1533864589181101,0,0,-1,3,-1,-1,-2,-5
1533864589181101,0,-1,-3,-8,-2,-2,1,-1
1533864589190080,1,0,0,7,2,1,2,2
1533864589190080,2,1,4,-35,0,-1,0,-2
1533864589205036,-2,-2,0,29,-10,-4,-2,-2
1533864589205036,0,-3,-6,-15,2,-2,0,-4
1533864589207031,-4,0,-3,-3,-23,-5,-2,-3
1533864589207031,-2,-5,-3,3,4,-2,-2,-2
1533864589227979,-1,-3,5,-1,1,3,0,-2
1533864589227979,3,1,-1,2,1,1,1,3
1533864589228973,8,1,2,-4,0,-1,-1,4
1533864589228973,-18,5,-3,-6,-2,-2,-3,-1
1533864589240941,6,0,-2,3,4,-2,2,4
1533864589240941,-9,2,-3,5,0,-4,-3,-13
1533864589250915,-6,-10,-5,-5,1,0,-1,-1
1533864589250915,3,-3,-4,-1,-6,-2,-2,-3
1533864589265885,-1,-2,0,0,0,-3,-2,-1
1533864589265885,-3,-1,2,0,-2,0,-1,1
1533864589266871,2,3,2,-1,0,0,-1,0
1533864589266871,-2,-3,4,-1,-1,0,1,-3
1533864589287817,-2,-2,-7,-3,-1,-1,-1,-4
1533864589287817,3,-1,-1,-5,-2,-2,1,0
1533864589289822,-3,0,-3,12,6,-1,-1,-2
1533864589289822,4,-3,-5,-2,-6,-2,-1,1
1533864589301779,2,3,1,-7,-5,0,-2,-2
1533864589301779,2,2,3,-4,1,1,-1,-1
1533864589310755,-6,-3,0,36,1,-4,-3,-1
1533864589310755,-2,1,-3,-2,1,0,-1,-2
1533864589324720,0,-13,12,-29,-3,-1,-1,-2
1533864589324720,-2,-1,-6,3,3,-2,-3,1
1533864589326711,-1,1,-1,-4,-2,-4,0,3
1533864589326711,2,-6,3,-4,1,-1,1,0
1533864589347655,-3,0,-5,7,-1,0,0,-4
1533864589347655,0,-2,0,1,-3,0,0,0
1533864589349651,1,-2,2,-12,-2,-1,-1,-3
1533864589349651,0,1,-2,7,-5,-1,-1,0
1533864589361618,-3,0,-6,0,2,2,-2,-1
1533864589361618,1,-2,1,2,-1,-1,-1,2
1533864589370595,-1,3,-10,-1,0,-5,-1,-2
1533864589370595,-3,-2,2,-14,-9,-1,-1,-1
1533864589385563,-4,1,-5,20,2,0,-2,-2
1533864589385563,-3,-4,-1,-13,-3,-1,-4,-3
1533864589387549,-1,0,2,16,1,2,1,1
1533864589387549,3,-1,-3,-37,-2,-2,-3,-2
1533864589407495,0,-1,4,-4,2,-2,-1,-1
1533864589407495,1,1,-5,5,-2,-2,-3,0
1533864589409490,0,1,1,-6,0,-1,0,0
1533864589409490,-4,-1,-4,17,2,-3,0,0
1533864589421462,-4,1,-4,-8,-7,-1,0,-1
1533864589421462,-1,0,-2,6,4,-2,-2,-2
1533864589430434,-2,-2,1,-16,-12,-1,-3,-5
1533864589430434,2,-3,-3,10,1,2,0,1
1533864589445394,1,1,2,8,7,-1,-2,-1
1533864589445394,-1,-2,-2,5,-2,-4,1,4
1533864589446411,-5,-4,-1,-6,-1,-2,-3,-5
1533864589446411,-1,-1,0,2,2,0,0,-1
1533864589467335,-4,0,-3,6,0,-1,-2,-4
1533864589467335,1,2,1,-10,0,3,0,-2
1533864589469331,-2,-2,-5,-5,1,-3,-1,1
1533864589469331,-1,1,-5,4,0,0,1,1
1533864589481298,-1,-1,-3,4,0,0,-4,5
1533864589481298,-3,3,6,6,0,-1,-2,-1
1533864589490280,0,-1,6,-7,-1,0,-1,0
1533864589490280,1,0,-2,9,10,2,-3,-2
1533864589505237,1,-1,-6,-43,-3,2,2,2
1533864589505237,-7,-6,-13,39,7,-5,-3,-3
1533864589507229,1,0,10,5,-4,-1,-1,1
1533864589507229,1,-6,2,17,-4,-3,2,-2
1533864589528176,1,-1,-1,-12,0,0,-1,-1
1533864589528176,0,0,1,3,9,4,1,-1
1533864589529170,-1,0,-10,-33,-5,-4,1,0
1533864589529170,-1,-1,1,-2,-2,-2,-2,-3
1533864589541138,1,0,-1,5,1,-5,-1,0
1533864589541138,2,-1,-1,0,-4,0,5,1
1533864589550114,-2,-2,-1,2,0,-2,-5,-9
1533864589550114,-3,3,-3,-12,-7,-2,0,-1
1533864589565082,-3,-5,0,5,-4,-2,-9,-12
1533864589565082,-1,-2,0,-6,-7,0,2,0
1533864589567069,-3,0,-2,0,0,1,-7,-6
1533864589567069,1,1,3,-13,11,3,-2,-7
1533864589588012,-1,-7,-8,14,-16,-4,-1,9
1533864589588012,-8,-3,-3,-8,0,-1,0,-2
1533864589589011,3,-1,5,4,5,-1,3,1
1533864589589011,0,-1,-1,-24,-3,-2,-1,4
1533864589609957,0,3,8,6,4,1,3,3
1533864589609957,-2,-5,-13,-9,-7,-1,-7,-12
1533864589611948,-2,3,24,2,-1,0,0,-1
1533864589611948,-1,-4,13,-11,-7,-1,7,9
1533864589624916,2,0,1,-4,0,0,5,21
1533864589624916,-1,-2,-1,-3,-1,-3,-12,-12
1533864589626910,-11,-6,-16,-6,-3,-2,-15,-41
1533864589626910,7,9,15,12,-1,0,5,11
1533864589647854,-8,-1,2,9,0,0,9,18
1533864589647854,-7,-14,2,-7,-3,-4,4,-10
1533864589648852,6,2,6,7,3,0,-18,-30
1533864589648852,2,-2,-21,-7,-4,-4,-6,-17
1533864589669830,0,3,-5,8,4,1,3,-5
1533864589669830,3,6,3,-6,-2,0,6,16
1533864589671789,0,-4,-17,-5,-2,0,8,19
1533864589671789,-4,-3,-4,11,-1,-1,-4,0
1533864589684754,-1,-2,4,-3,4,0,-2,-5
1533864589684754,-2,1,-6,-9,-13,-2,-4,2
1533864589686753,2,-2,2,-10,1,2,4,9
1533864589686753,-4,-4,-6,19,2,-3,-5,2
1533864589707696,-2,0,0,7,1,1,-4,-11
1533864589707696,0,-2,3,-6,-2,-4,-3,-4
1533864589709687,2,-1,-6,0,-8,-1,5,13
1533864589709687,-1,1,2,-15,1,1,0,-2
1533864589730645,-5,-6,-13,16,5,-7,-7,-12
1533864589730645,3,3,2,-5,2,2,0,0
1533864589731630,-2,-1,-5,18,-9,-3,2,12
1533864589731630,-2,-4,-3,-10,-13,-4,-5,-5
1533864589745593,0,-2,2,-9,-3,-1,-5,-7
1533864589745593,2,-2,-3,-12,25,1,-1,3
1533864589746591,-3,0,-4,-9,-10,-2,1,5
1533864589746591,0,-4,-1,0,0,0,-4,-5
1533864589767534,3,2,2,0,-13,-4,0,3
1533864589767534,1,-1,-2,-3,-2,-3,3,3
1533864589769528,-4,-4,-6,4,6,-1,-3,-9
1533864589769528,0,0,-1,24,2,1,4,4
1533864589790472,-1,-3,-2,-25,5,3,-6,-16
1533864589790472,-1,-2,0,0,-19,-2,-2,1
1533864589791471,-1,-1,-1,4,1,-2,-1,5
1533864589791471,-1,2,-1,8,-1,1,1,1
1533864589804446,-2,-1,0,-8,2,-2,1,-2
1533864589804446,0,0,-1,9,1,1,-3,-3
1533864589811452,0,1,-2,6,-15,-4,0,3
1533864589811452,-2,-1,-1,-11,18,2,-2,-2
1533864589827403,-2,0,-6,-4,-10,-5,-2,-3
1533864589827403,-1,1,-3,-1,-5,1,0,-1
1533864589829368,-1,0,-1,4,11,2,4,6
1533864589829368,-1,-1,0,-10,-13,-1,-4,-3
1533864589850314,-2,-3,-1,2,0,-1,-2,-4
1533864589850314,1,3,1,6,-5,-6,-1,0
1533864589852309,1,2,2,-5,14,7,4,0
1533864589852309,-3,-3,-4,-19,-9,-10,-6,-2
1533864589864309,1,-1,-4,-8,-1,3,1,-2
1533864589864309,-2,-2,-2,12,-16,-3,-5,0
1533864589871256,-2,-2,-3,-13,6,-1,0,1
1533864589871256,-3,-2,-2,9,1,2,0,-1
1533864589888215,-2,-2,-2,2,4,1,0,1
1533864589888215,-1,1,0,-3,4,-2,4,4
1533864589889208,1,0,-1,1,-3,-4,-7,-12
1533864589889208,2,2,4,21,2,0,1,-1
1533864589910155,1,1,1,-7,5,-3,-3,-3
1533864589910155,-4,-7,-14,-3,-12,-5,-3,0
1533864589912150,2,-1,-1,-12,-5,0,1,11
1533864589912150,-5,-3,1,9,-6,-1,3,-3
1533864589925114,-2,1,4,2,-3,-1,-8,-14
1533864589925114,2,3,4,-8,12,5,-2,-3
1533864589931095,0,-2,-2,3,0,-6,2,5
1533864589931095,-2,0,-3,-4,-2,0,-1,-1
1533864589948050,2,-1,-3,1,0,-1,2,8
1533864589948050,-4,0,-2,12,2,-1,-3,-5
1533864589949049,-2,-2,-2,-24,-2,-2,-2,-3
1533864589949049,-1,-2,-7,-8,0,-3,1,2
1533864589969992,-3,-3,-3,-8,-17,-5,-1,0
1533864589969992,-2,-2,0,14,3,-2,-1,-4
1533864589971987,-3,-2,2,1,-2,1,3,0
1533864589971987,2,-2,0,1,5,1,3,4
1533864589984967,-6,-1,-3,14,0,-4,-13,-21
1533864589984967,2,-1,-1,-9,-2,-1,2,3
1533864589991933,-3,-1,1,0,-11,-2,-2,-13
1533864589991933,-1,-2,0,-9,7,1,-5,0
1533864590007889,0,1,-1,-5,-5,1,2,6
1533864590007889,1,1,3,5,7,0,0,1
1533864590008886,-5,-5,-6,-8,9,0,-1,-5
1533864590008886,-3,-2,-6,12,-20,-4,1,2
1533864590030039,-2,-3,-1,4,-5,-1,3,3
1533864590030039,-2,-1,-3,5,-2,-3,0,-2
1533864590031825,5,2,-2,-7,2,-1,-1,9
1533864590031825,0,0,-1,4,3,-1,-5,-7
1533864590044791,-1,-1,1,2,6,3,2,3
1533864590044791,0,0,2,4,-3,0,2,0
1533864590051772,-2,-4,-3,12,6,-2,-3,-1
1533864590051772,-2,1,-4,-11,-10,-2,-3,-7
1533864590067729,2,-2,-2,-29,-5,1,0,-3
1533864590067729,2,0,-2,2,9,-3,-3,0
1533864590069738,-4,-1,-2,6,-10,0,-2,0
1533864590069738,-2,0,0,-2,4,-2,-1,-2
1533864590090668,1,1,-1,6,0,-1,2,4
1533864590090668,0,-1,0,-29,0,5,-1,-3
1533864590091665,-5,-4,-6,53,2,-6,-3,-2
1533864590091665,1,-2,0,-11,6,4,2,1
1533864590103634,-2,-5,-3,-12,-12,-7,-4,4
1533864590103634,0,-2,1,8,-4,-2,-3,-8
1533864590112613,3,2,2,-1,5,1,0,6
1533864590112613,-5,0,-3,-1,-4,2,3,3
1533864590127600,-3,-2,-1,5,7,-1,2,-2
1533864590127600,-3,-2,-3,-12,-7,0,-4,-6
1533864590129564,0,-1,1,-13,-7,1,0,3
1533864590129564,2,1,2,8,7,-4,-4,-5
1533864590150512,3,3,4,-2,6,-2,2,12
1533864590150512,-4,0,-2,-5,3,-2,-2,-7
1533864590151508,-2,-2,-2,-9,-5,-2,-3,-3
1533864590151508,-2,-2,-2,-3,1,0,-1,-3
1533864590163483,-2,-3,-4,10,-3,0,-1,-4
1533864590163483,0,0,0,-14,-6,-2,-1,4
1533864590172449,2,1,1,-3,3,2,3,1
1533864590172449,1,0,2,4,4,-1,0,-4
1533864590187410,-3,-4,-5,-19,-7,-2,-4,-4
1533864590187410,-1,-3,-2,5,-3,-4,-1,2
1533864590189405,-4,0,1,-13,-4,-2,-1,-3
1533864590189405,-2,-2,0,6,-1,2,-3,-1
1533864590209556,0,-1,-5,7,10,3,0,-4
1533864590209556,-2,0,1,-2,-3,-3,-1,1
1533864590218327,1,-1,-2,-5,-4,0,2,1
1533864590218327,-3,-2,-3,-5,-1,-4,2,6
1533864590224311,-3,0,-1,8,-1,-1,-8,-20
1533864590224311,-1,-1,-2,-7,4,0,3,2
1533864590233287,-1,-1,1,2,1,-1,3,-4
1533864590233287,1,-2,-2,-5,-6,-5,-8,-2
1533864590248250,-1,-1,-1,1,9,2,1,2
1533864590248250,-3,0,-1,1,-5,0,-1,-2
1533864590249245,0,-3,-4,3,2,-2,-3,-2
1533864590249245,-2,-2,-1,-9,-5,1,0,-5
1533864590270189,5,2,3,9,-2,-1,3,4
1533864590270189,-2,-4,-3,21,5,-1,-6,-3
1533864590272183,-2,-1,-4,-39,-7,1,2,7
1533864590272183,-3,-4,-5,10,-2,-4,-4,-4
1533864590284151,-2,-2,-2,-1,0,-3,-3,1
1533864590284151,-1,-1,0,-4,-3,1,4,2
1533864590293126,0,0,2,5,1,0,-5,-2
1533864590293126,-1,1,2,5,-1,-2,-2,-1
1533864590308090,-2,-1,-4,-21,-6,0,2,-2
1533864590308090,0,-1,-1,4,-5,-1,-1,0
1533864590309101,1,0,0,-5,0,1,-1,-3
1533864590309101,2,0,0,4,-1,-4,-2,-2
1533864590330031,0,0,2,18,9,6,1,5
1533864590330031,-2,-2,0,-5,-6,-1,0,0
1533864590332023,-4,-3,-6,19,3,-3,-3,-6
1533864590332023,-1,-1,2,-10,-3,-3,3,3
1533864590344027,-3,-2,0,-22,-5,-4,-1,-2
1533864590344027,-1,1,-1,12,3,-1,2,4
1533864590352975,1,-1,1,7,-2,0,1,-8
1533864590352975,0,1,1,-4,3,-2,-6,-12
1533864590367927,-1,-4,-6,19,-5,-5,-1,1
1533864590367927,-2,0,4,-37,0,-3,-6,-6
1533864590368925,-2,0,-2,2,-8,-1,0,4
1533864590368925,-2,-2,-5,-11,-4,1,1,3
1533864590389868,2,2,2,5,0,3,-1,-3
1533864590389868,-1,-4,-6,-1,-7,-3,-3,3
1533864590391863,0,-2,0,-5,5,0,-1,2
1533864590391863,-4,-4,0,-11,-6,1,-2,-9
1533864590403831,1,0,-2,9,9,2,1,3
1533864590403831,-2,-1,-2,6,1,-3,0,-3
1533864590412807,0,0,6,4,0,1,-2,1
1533864590412807,-1,-2,-5,-2,-8,-5,-1,4
1533864590427766,-2,-5,-6,-35,4,-5,-3,-2
1533864590427766,-1,-1,-2,-43,-11,-1,0,-2
1533864590429761,-5,-3,-5,58,-11,-6,-3,-5
1533864590429761,1,2,2,18,3,5,2,3
1533864590450706,-1,0,1,12,-2,-2,-1,0
1533864590450706,-1,-3,0,4,13,1,0,-2
1533864590451703,2,3,7,-10,-7,2,1,3
1533864590451703,-5,-8,-13,-20,-13,-8,-2,1
1533864590463670,2,-1,-2,-6,-8,-3,-1,5
1533864590463670,-2,-1,-3,20,1,-2,-5,-4
1533864590472650,-3,-2,1,-2,4,-2,2,0
1533864590472650,2,2,4,-13,15,1,0,-1
1533864590487606,-3,-2,1,25,-1,-1,1,0
1533864590487606,0,-1,-2,-6,-7,-2,2,2
1533864590489601,-5,-4,-4,12,12,-3,-3,0
1533864590489601,-7,-3,-3,-26,-11,-2,-5,-9
1533864590510548,-2,0,0,-15,1,0,1,0
1533864590510548,1,0,1,16,6,0,-1,-1
1533864590511542,0,-1,0,16,8,-3,-3,-3
1533864590511542,1,2,-1,-13,-2,0,-1,4
1533864590524511,-2,-1,-1,-8,-5,2,-1,-3
1533864590524511,1,-2,-1,-10,1,5,2,-2
1533864590532486,1,0,1,2,-3,-2,-1,0
1533864590532486,-1,-2,-4,10,-3,-4,-1,-2
1533864590547450,-1,-1,1,5,-10,-4,-3,-2
1533864590547450,0,0,0,2,8,-1,1,4
1533864590549442,-3,-3,-9,-41,-27,-5,-4,-5
1533864590549442,-1,-3,-5,4,7,1,-3,0
1533864590570389,-3,2,0,15,2,1,0,-2
1533864590570389,-2,-2,0,12,-2,0,-3,-1
1533864590571383,2,1,0,-25,9,2,2,5
1533864590571383,-2,0,3,16,-5,-2,-8,-10
1533864590592330,2,0,-1,-13,1,0,3,1
1533864590592330,0,0,0,9,-2,-1,-1,7
1533864590594321,-6,-2,-3,-14,-6,-2,-4,-27
1533864590594321,2,0,-1,7,4,3,3,7
1533864590607289,-2,-1,2,0,2,-3,-5,-7
1533864590607289,0,0,-3,-9,-12,-2,1,3
1533864590609281,-3,-5,-5,-5,-5,-2,0,4
1533864590609281,-2,-1,5,9,4,0,2,2
1533864590630225,-1,0,2,13,0,-1,-1,-3
1533864590630225,-1,-1,-3,-40,-6,-1,-2,-5
1533864590632219,-2,-2,-4,-22,-1,-4,-3,4
1533864590632219,-1,-2,-2,19,2,-1,-1,-2
1533864590653164,3,-3,-1,-8,-9,-1,0,4
1533864590653164,-1,-2,-1,19,6,0,-3,-4
1533864590654172,1,2,0,-32,8,3,-1,0
1533864590654172,-1,-2,-6,-2,-10,-8,1,1
1533864590667126,-5,-5,-4,5,-10,-1,-6,-5
1533864590667126,-1,-1,-2,-1,13,1,0,0
1533864590674108,0,2,4,-17,-18,-2,-1,3
1533864590674108,-2,-3,-2,6,9,-1,-2,0
1533864590690068,0,-2,0,-12,2,-1,-2,-1
1533864590690068,-4,-2,1,17,-6,-3,-1,-5
1533864590692060,0,1,1,12,13,3,1,3
1533864590692060,2,1,0,-12,-2,-1,0,0
1533864590713007,-2,0,-5,4,-5,-3,-2,-1
1533864590713007,-3,-3,-5,8,-1,-1,0,-2
1533864590714998,0,0,1,1,7,-1,-1,0
1533864590714998,0,-1,-3,2,-8,1,2,0
1533864590726969,-3,-3,-2,-12,-7,-4,-1,-1
1533864590726969,1,1,2,2,-3,-2,0,1
1533864590733957,-4,-3,-3,11,-1,-3,-4,-7
1533864590733957,2,1,1,-8,-1,1,0,1
1533864590749905,0,-2,-3,6,13,1,-1,0
1533864590749905,-4,-4,-9,-27,-24,-6,-4,-4
1533864590751899,1,-2,-2,21,6,2,-1,2
1533864590751899,0,2,5,3,4,3,1,0
1533864590772847,-2,-1,-2,-15,-11,-5,-1,-2
1533864590772847,-1,0,-1,-1,-5,-1,0,-3
1533864590774839,-1,-2,-3,3,-1,-1,1,1
1533864590774839,0,-2,4,3,5,0,-1,-1
1533864590786806,3,4,5,9,9,0,0,0
1533864590786806,-1,-3,0,-12,4,-1,-1,-1
1533864590793788,-3,-3,-5,-2,-23,-5,-2,0
1533864590793788,-4,0,-3,15,3,0,-1,1
1533864590810757,-1,-2,-4,-8,-6,1,1,-1
1533864590810757,0,1,3,13,12,0,1,-1
1533864590811740,0,0,-1,-3,-3,-2,-2,-2
1533864590811740,-2,-2,-1,-5,-2,1,-3,0
1533864590832687,1,1,5,26,5,-1,-1,0
1533864590832687,-2,-3,-9,-20,-15,-4,-4,0
1533864590834679,2,0,0,4,5,0,1,1
1533864590834679,-1,-4,-3,-1,-2,-2,3,5
1533864590847646,-4,-2,-4,-14,0,-1,-7,-13
1533864590847646,1,1,2,6,4,0,-3,-7
1533864590853628,0,0,2,1,-3,-1,-1,6
1533864590853628,-2,-1,0,7,-2,0,0,-7
1533864590870597,-1,-2,-2,-45,-5,-2,3,5
1533864590870597,0,0,1,17,2,-2,0,0
1533864590871582,-3,-2,-2,14,4,0,0,-3
1533864590871582,1,-1,0,-4,-1,-1,-1,3
1533864590892523,-5,-2,-6,9,-4,-2,-5,-8
1533864590892523,-3,0,-1,-2,-5,-1,-1,1
1533864590894518,2,-1,-1,-7,5,0,-1,-2
1533864590894518,1,-1,2,17,8,2,0,-4
1533864590907486,-1,-2,-6,-17,-18,-3,-2,0
1533864590907486,-1,0,-1,16,2,3,2,3
1533864590913471,-1,-2,0,-6,1,0,4,19
1533864590913471,-4,-2,0,-7,-3,-3,-9,-23
1533864590930425,3,-1,2,23,6,0,10,18
1533864590930425,-4,0,0,-17,1,-1,-19,-38
1533864590932417,0,-4,-2,-3,-2,2,18,20
1533864590932417,-5,-4,-6,-8,-8,-7,-18,-18
1533864590952365,-6,1,3,24,5,0,-7,-16
1533864590952365,-10,1,0,-2,-4,0,0,11
1533864590954362,7,1,-3,0,0,2,-4,4
1533864590954362,-2,-1,-1,-8,-1,1,8,-6
1533864590966326,2,-1,1,-7,1,-2,0,5
1533864590966326,1,-2,-1,3,-1,-2,1,3
1533864590975303,-3,-1,-2,-1,-3,-1,-4,-5
1533864590975303,0,0,-1,-9,-3,-2,5,15
1533864590990264,-1,-1,-2,-3,-2,-2,-3,-5
1533864590990264,2,-2,0,-2,1,1,4,6
1533864590992258,-3,0,2,9,0,-4,-5,-13
1533864590992258,0,1,-1,-3,-8,0,0,1
1533864591013202,-2,0,-1,-13,0,0,0,-2
1533864591013202,1,-3,-1,-4,5,-1,0,3
1533864591014199,-3,-1,0,10,0,-2,-4,-10
1533864591014199,1,-2,-3,-44,-8,-1,1,0
1533864591027205,-1,1,1,5,13,3,0,2
1533864591027205,0,-2,0,10,-32,-4,1,4
1533864591034145,-2,0,-1,-12,-1,-2,-6,-10
1533864591034145,-3,-2,0,17,8,0,0,4
1533864591051104,2,-1,-3,0,3,1,-1,-1
1533864591051104,-2,-8,-5,-8,11,-2,-2,-3
1533864591052101,-2,-2,0,-1,-4,-4,-2,-5
1533864591052101,0,0,0,4,-13,-7,-1,5
1533864591073041,0,1,1,1,-5,-1,1,-1
1533864591073041,1,3,0,8,10,0,-2,-2
1533864591074054,-1,1,-4,-11,-4,1,-1,-4
1533864591074054,1,4,0,12,6,-3,-3,3
1533864591086010,-2,0,-1,5,-4,-3,-1,-2
1533864591086010,-1,-2,-1,7,6,1,3,2
1533864591095011,-1,-1,1,-11,-8,0,-1,-4
1533864591095011,0,-1,-1,10,4,-1,0,0
1533864591109942,-4,-4,-3,7,-3,-4,-3,-2
1533864591109942,0,0,-2,-5,-4,-1,-1,2
1533864591111937,3,2,1,-1,14,3,1,-3
1533864591111937,-5,-4,-4,-21,-18,-5,-3,-2
1533864591139865,-3,-2,0,19,-5,-4,-3,0
1533864591139865,1,-2,2,-13,1,-1,0,-2
1533864591141872,-1,-2,-1,5,4,1,-2,-4
1533864591141872,2,-1,0,-9,-3,3,0,2
1533864591147001,-2,-3,0,20,3,-4,-1,-1
1533864591147001,-1,1,-1,-41,-6,-1,-1,-1
1533864591155901,-6,-3,-6,-25,-11,-5,-3,-5
1533864591155901,0,-2,-1,-11,-16,-3,1,0
1533864591169864,3,-2,-1,-9,19,6,2,-1
1533864591169864,0,2,4,22,-2,-2,1,1
1533864591171860,-5,-2,-7,7,-4,-5,-4,-2
1533864591171860,-5,-2,-1,11,7,0,-2,1
1533864591192802,-2,-3,-3,-3,-18,-5,-3,-2
1533864591192802,1,0,0,3,2,3,1,-1
1533864591194829,1,0,1,-8,-4,1,-1,0
1533864591194829,-5,-4,-5,53,13,-6,-4,-4
1533864591206764,0,-1,-5,-51,-11,0,2,0
1533864591206764,0,-1,-1,6,4,-4,-2,-3
1533864591215741,1,-2,0,6,-3,-2,-1,-2
1533864591215741,1,1,0,-10,6,2,1,-1
1533864591230702,1,0,0,12,-4,0,-1,1
1533864591230702,-6,-2,-4,-8,-4,-4,-2,-2
1533864591231699,-1,-2,-2,3,0,-1,-1,1
1533864591231699,2,1,0,-2,11,2,-1,0
1533864591253639,-1,-1,0,-1,-2,-1,-2,0
1533864591253639,-2,-2,-2,-1,5,-1,1,1
1533864591254654,-3,-4,-7,1,-14,-2,-1,-1
1533864591254654,-1,-2,1,-2,4,1,1,-2
1533864591266604,-2,-1,-5,6,2,0,-2,-3
1533864591266604,3,1,3,17,4,2,-1,0
1533864591275581,-5,-4,-6,7,3,-3,-4,-3
1533864591275581,-2,-1,-3,-28,-6,0,0,1
1533864591290557,-2,-1,-4,-14,-4,-3,0,-2
1533864591290557,0,-1,0,1,-1,1,0,0
1533864591291538,3,2,1,10,8,1,1,2
1533864591291538,-2,-1,2,-7,-8,-1,-1,-1
1533864591312493,-2,-1,0,-1,0,-2,-2,0
1533864591312493,-2,-2,-1,-5,-1,-2,-4,-1
1533864591314478,-2,-1,0,-7,-5,-2,-2,-3
1533864591314478,-1,0,0,8,0,0,-1,1
1533864591327442,1,-2,6,3,4,0,1,3
1533864591327442,-4,-5,-5,11,1,-3,-2,-2
1533864591335420,-1,-2,-3,9,1,-1,-3,0
1533864591335420,2,0,-1,-6,-1,0,4,5
1533864591350380,-1,-1,-1,-1,2,-1,-5,-14
1533864591350380,2,0,2,22,4,3,-1,-1
1533864591351378,-1,-4,-3,-64,-13,-3,-1,-1
1533864591351378,-3,-6,-2,3,3,-1,-2,-3
1533864591372323,-2,-1,1,-12,-4,1,0,1
1533864591372323,-3,-3,-6,-10,-10,-2,0,-1
1533864591374318,2,3,1,21,6,1,4,2
1533864591374318,-2,-2,-3,-15,-3,-1,-3,-9
1533864591386283,-1,0,1,8,1,-2,-1,1
1533864591386283,1,0,-1,-13,-3,-2,-2,-2
1533864591395269,-3,-2,-2,28,3,-1,0,1
1533864591395269,-2,-2,1,-4,-1,-1,-1,0
1533864591410426,-1,-2,-2,14,-3,-2,-4,-2
1533864591410426,-2,1,0,6,1,-3,-2,-2
1533864591412222,2,-1,-1,-41,0,-1,-3,-2
1533864591412222,-2,-2,-2,24,0,-2,1,-1
1533864591433159,-1,-3,-4,-29,-4,-2,0,-3
1533864591433159,-2,-1,-3,-8,-8,-2,-1,0
1533864591434157,0,0,5,25,8,3,0,-2
1533864591434157,-3,1,-6,-18,-7,-3,-5,-2
1533864591446161,-2,0,-3,14,6,-2,-2,2
1533864591446161,-2,-1,-1,-13,-3,-2,-1,-2
1533864591455100,-2,-1,5,17,1,0,2,-2
1533864591455100,5,2,4,11,3,1,0,0
1533864591470085,-2,-4,-5,11,-3,-2,-1,0
1533864591470085,-3,-4,-2,-16,-6,-2,-3,-1
1533864591477059,1,-2,2,4,0,1,-1,-3
1533864591477059,1,0,1,-13,-4,0,0,0
1533864591493005,0,-3,-1,-13,1,0,0,-2
1533864591493005,-1,0,-1,22,2,2,-1,-2
1533864591494012,-3,-1,-2,-5,-6,-2,-2,-1
1533864591494012,-2,0,1,17,11,-3,-2,-1
1533864591514940,1,-2,1,-10,-5,-2,0,0
1533864591514940,2,0,-1,-13,-2,-1,3,3
1533864591516935,-8,-2,-5,-8,-9,-3,-7,-2
1533864591516935,-1,-1,-3,-9,-2,0,1,1
1533864591530901,0,1,1,18,7,0,-1,1
1533864591530901,0,-1,-3,-24,-9,-2,-2,0
1533864591531895,-3,-3,-3,-18,-2,0,0,1
1533864591531895,-3,-5,-3,10,0,-2,-2,-2
1533864591552849,-3,-3,-2,-13,-5,-3,-2,-2
1533864591552849,-2,-2,1,8,1,-3,1,1
1533864591554833,-1,-3,-11,-8,-1,-2,-1,-4
1533864591554833,1,-1,3,-8,2,-1,-1,-1
1533864591575906,-1,-2,1,0,0,0,0,-1
1533864591575906,-4,3,-2,6,-9,-4,-3,-4
1533864591576777,1,2,2,3,1,-2,1,-4
1533864591576777,1,0,-3,-4,-3,-2,1,0
1533864591590740,-3,-3,-2,-9,-3,0,0,1
1533864591590740,-2,1,0,5,3,0,-1,0
1533864591591735,0,-2,0,1,1,-1,-1,-1
1533864591591735,0,-3,-3,7,5,0,1,-1
1533864591612688,1,2,2,-25,-16,-4,-1,-1
1533864591612688,0,-4,0,6,0,-1,0,-3
1533864591614674,-3,-2,0,18,0,-1,0,0
1533864591614674,1,0,4,26,4,4,1,-1
1533864591635634,-5,-7,-16,-63,-14,-6,-5,-3
1533864591635634,1,1,2,9,9,2,-3,-2
1533864591636614,-2,-1,-1,-7,-4,-2,0,-1
1533864591636614,0,0,2,13,7,0,-3,-1
1533864591650586,5,1,-3,18,-13,-1,-1,-1
1533864591650586,-9,-3,-4,-18,-2,-1,-2,-4
1533864591651576,-6,2,3,11,5,-2,-2,-3
1533864591651576,-12,-7,-3,-22,-5,-1,0,1
1533864591672522,13,7,1,20,13,2,-1,-4
1533864591672522,3,7,-5,-8,-4,-2,-1,-3
1533864591674514,2,1,3,-5,-1,-1,1,0
1533864591674514,0,-2,1,12,-5,-2,-1,-1
1533864591695460,-6,-4,-5,-28,-5,0,4,7
1533864591695460,-1,-9,-3,24,1,-3,-6,-11
1533864591696455,-1,1,1,0,5,3,-2,2
1533864591696455,4,3,0,-2,-6,0,-1,-2
1533864591709423,-6,-5,-9,-10,-4,-5,-2,-1
1533864591709423,0,-2,2,0,2,0,0,1
1533864591716402,-5,-1,4,5,-14,-5,0,-1
1533864591716402,-1,-5,-17,-6,-15,-9,-2,-4
1533864591732359,-1,3,4,17,13,0,-1,-2
1533864591732359,0,-1,-2,-19,-7,-2,1,3
1533864591734354,3,2,3,6,8,3,-1,-1
1533864591734354,-2,1,4,6,-4,1,-2,-1
1533864591755298,-7,-1,0,19,0,0,-2,-3
1533864591755298,1,-4,-3,-7,-2,-1,1,4
1533864591757292,3,-2,-1,-9,0,0,0,-2
1533864591757292,-1,3,0,-24,-4,-4,-2,-3
1533864591769260,0,-1,1,14,5,1,7,9
1533864591769260,-9,-1,1,2,-1,-2,-12,-17
1533864591776245,3,-1,-3,-6,-6,-2,-2,-1
1533864591776245,2,-1,-2,-8,1,2,-2,0
1533864591793196,-3,-1,0,12,-1,-4,-1,-4
1533864591793196,2,-4,-4,2,3,-3,3,9
1533864591794193,0,0,0,-14,4,1,-1,0
1533864591794193,-6,-2,-4,6,-9,-7,-4,-5
1533864591815142,0,-2,2,-10,6,5,-3,-1
1533864591815142,1,-4,-3,16,-8,0,-1,0
1533864591817133,-6,-4,-8,-38,-3,-2,-2,-2
1533864591817133,-3,-1,-1,16,-4,0,0,0
1533864591830250,-1,1,0,-12,-4,-2,-2,-1
1533864591830250,-2,0,-1,-3,-1,0,-1,1
1533864591836083,1,1,1,13,3,-3,-1,0
1533864591836083,0,-1,2,-15,1,-1,1,2
1533864591853037,-1,-1,1,10,2,-1,-6,-5
1533864591853037,0,-1,-2,-4,-1,-1,-1,-3
1533864591854035,-1,-2,-1,7,-7,0,1,1
1533864591854035,0,-2,-4,-14,-1,-2,0,-2
1533864591873984,-1,0,0,5,3,1,0,-2
1533864591873984,1,0,1,0,0,0,1,0
1533864591882963,0,-1,-4,-4,-3,0,-1,1
1533864591882963,-3,-1,2,1,9,-1,2,0
1533864591889937,-2,0,2,2,-5,0,-5,-11
1533864591889937,-1,1,-2,-4,-5,-2,-2,-1
1533864591895925,-1,-3,-5,4,1,0,0,1
1533864591895925,1,2,1,16,2,2,0,-1
1533864591912923,-3,-1,-5,-31,-5,-4,1,6
1533864591912923,-2,0,0,-8,-2,1,-5,-14
1533864591914872,2,1,0,6,0,-4,2,0
1533864591914872,-1,-2,0,-1,3,0,-2,15
1533864591935817,-3,-2,0,8,0,-1,-8,-15
1533864591935817,-1,0,0,-7,-2,-3,-4,-3
1533864591936814,-2,-2,-3,6,0,0,-2,-4
1533864591936814,3,2,2,-11,2,2,3,-4
1533864591949780,-2,-4,-5,-2,-12,-5,1,7
1533864591949780,-1,-3,-1,-5,2,0,0,4
1533864591956760,-4,-3,-1,14,1,-2,-1,-1
1533864591956760,-1,-1,-2,2,-1,-1,-4,-2
1533864591972716,1,0,9,-4,5,0,3,1
1533864591972716,0,0,-12,-1,-4,-3,2,2
1533864591974710,-3,-1,-4,-22,-7,-4,-2,-2
1533864591974710,-1,-8,-38,14,7,-2,-6,-4
1533864591995791,-2,1,13,-15,-12,0,0,-1
1533864591995791,-5,-4,-1,8,2,-4,0,2
1533864591996653,0,0,1,10,0,-1,-1,4
1533864591996653,-3,-3,0,-10,-6,-1,-4,-8
1533864592008621,2,1,-3,18,8,3,0,6
1533864592008621,1,-2,0,-16,-4,1,3,-4
1533864592017599,-3,-1,-4,0,5,-2,-11,-6
1533864592017599,0,0,9,-10,-4,-1,1,0
1533864592032573,-1,0,-1,14,1,-3,0,4
1533864592032573,-2,2,6,1,-1,0,-1,-7
1533864592034553,1,0,0,2,0,-1,10,9
1533864592034553,-4,1,6,-11,-5,-2,-14,-20
1533864592055499,1,-1,-4,3,1,-1,1,2
1533864592055499,4,-4,-6,6,1,0,-2,5
1533864592056492,-2,0,-1,-29,4,2,1,-9
1533864592056492,-1,0,-2,8,-13,-8,1,5
1533864592068487,-2,-4,-3,1,6,4,2,-4
1533864592068487,2,2,5,10,-7,0,0,1
1533864592078460,-3,-1,-13,29,-14,-7,-2,0
1533864592078460,-2,-24,-19,-27,15,4,4,2
1533864592092452,-6,-5,-7,-25,-35,-9,-5,-3
1533864592092452,-1,-5,-1,15,6,-1,1,3
1533864592094419,1,0,7,7,-5,1,-4,-4
1533864592094419,3,3,-1,-7,-2,2,0,1
1533864592115488,3,2,-1,18,15,1,4,3
1533864592115488,-2,-2,0,-13,2,-2,-4,-8
1533864592117358,-3,-1,-4,-8,-6,-3,-2,-5
1533864592117358,0,2,9,12,2,0,-1,0
1533864592129343,0,0,1,-1,8,3,2,4
1533864592129343,-1,4,1,-3,-7,-3,7,16
1533864592138302,-5,-2,0,3,8,-1,-12,-19
1533864592138302,4,5,5,-8,-4,0,11,31
1533864592160245,-11,2,-10,1,-1,-1,-19,-46
1533864592160245,9,-28,-81,1,-4,-2,0,4
1533864592162236,-18,-12,53,2,0,-1,-5,-14
1533864592162236,1,-4,11,-7,-4,-3,1,5
1533864592175204,-2,-9,-12,-4,-4,0,10,22
1533864592175204,-7,-5,-48,2,5,-1,4,10
1533864592177196,12,5,-15,-10,0,-1,-8,11
1533864592177196,-5,5,12,7,-5,-5,-10,-36
1533864592189168,-1,6,-74,1,3,-1,-1,4
1533864592189168,1,7,51,-6,-2,0,4,8
1533864592198161,2,-1,-38,1,-2,-2,-4,-22
1533864592198161,5,4,4,-6,1,-1,-5,-2
1533864592213147,5,-19,71,11,1,3,-3,-9
1533864592213147,-11,-1,33,-4,0,0,2,12
1533864592214098,-8,4,18,10,2,2,8,14
1533864592214098,1,-4,-88,6,0,-4,-7,-7
1533864592235056,5,6,56,5,0,-1,3,1
1533864592235056,-3,5,24,-5,2,1,-3,-2
1533864592237037,-1,-13,1,-13,-3,-2,1,6
1533864592237037,-3,-2,-9,3,0,-3,0,-10
1533864592249004,-3,4,-7,-15,1,-2,1,14
1533864592249004,-2,4,6,1,-1,-2,-7,-14
1533864592257985,5,6,-14,-4,-2,0,1,-3
1533864592257985,-4,0,15,10,-3,2,3,10
1533864592272941,-4,1,-3,-20,-7,-6,-5,-5
1533864592272941,1,2,1,6,4,-1,-4,-10
1533864592273939,6,2,-10,-8,-1,1,2,3
1533864592273939,-3,-1,28,20,32,5,3,5
1533864592294881,-5,-10,-23,0,-51,-11,-6,-7
1533864592294881,0,1,6,0,18,-3,-4,-11
1533864592296876,1,0,8,6,-17,-1,6,10
1533864592296876,-5,-3,6,-31,-4,-2,-3,-5
1533864592308845,4,1,-11,12,17,1,2,5
1533864592308845,-1,1,-5,-9,-4,0,-1,-5
1533864592317824,-3,-2,4,2,4,-3,-2,-5
1533864592317824,2,3,15,-1,2,1,-1,-1
1533864592332823,1,1,-5,-9,-4,-1,1,1
1533864592332823,-1,1,1,3,-8,-1,0,2
1533864592334775,0,-2,4,11,16,3,0,3
1533864592334775,-1,6,-16,-17,-20,-3,1,0
1533864592355725,0,-6,-3,29,14,4,-1,-1
1533864592355725,-3,-17,17,-16,-4,0,-1,-3
1533864592356717,-3,-3,-16,-3,-10,-3,-2,-3
1533864592356717,0,1,5,7,7,0,1,3
1533864592368684,-1,3,1,5,0,-2,-3,-2
1533864592368684,3,8,3,18,1,-3,-2,-2
1533864592377661,0,0,28,-38,-6,-2,3,1
1533864592377661,-6,-7,10,-7,-21,1,-1,2
1533864592392834,6,5,9,1,26,5,1,0
1533864592392834,-7,-2,-10,-7,-21,-2,-3,-6
1533864592394626,0,-2,-8,-1,-9,-4,-1,2
1533864592394626,0,3,3,-12,-5,-2,-2,-1
1533864592415559,-3,-3,-3,2,-7,0,0,-5
1533864592415559,2,4,-8,18,12,2,-2,2
1533864592416556,-2,-1,-9,-17,-4,-2,-3,0
1533864592416556,-3,-7,-2,9,0,-3,-3,-4
1533864592437501,-1,-1,-3,3,6,-1,-1,-1
1533864592437501,-2,-2,2,-11,0,-2,-1,-1
1533864592439495,1,2,1,12,-1,3,0,-1
1533864592439495,0,-1,3,-8,-5,-3,-1,-3
1533864592452461,-1,1,0,-5,-4,-1,-1,0
1533864592452461,0,0,-2,-3,-4,-2,1,0
1533864592454455,-1,-2,-6,5,4,-2,0,-1
1533864592454455,1,-1,-3,17,4,1,-2,0
1533864592475400,-1,0,-4,-41,10,-3,-4,-4
1533864592475400,5,2,4,-26,-21,-1,2,-3
1533864592476398,-10,-5,-24,3,-8,-12,-7,-3
1533864592476398,-4,-22,12,8,-5,-1,1,3
1533864592498341,-4,0,0,5,4,4,1,1
1533864592498341,2,1,-2,-3,15,2,0,1
1533864592499336,2,3,3,-3,1,2,1,-1
1533864592499336,1,7,-1,-5,-6,-2,1,-2
1533864592513298,1,0,0,7,-2,-4,-1,-1
1533864592513298,-2,-3,-4,-1,-2,0,4,2
1533864592514295,0,-2,2,12,2,-1,-9,-12
1533864592514295,-3,0,0,8,6,-2,-3,-5
1533864592535269,-1,-4,-4,-21,-4,-1,-3,2
1533864592535269,-6,-1,-7,13,-14,-4,-3,-6
1533864592537234,-1,-4,-7,5,0,-4,0,0
1533864592537234,1,2,-3,-9,3,0,-1,-2
1533864592558178,3,-5,-49,-2,-4,0,0,-2
1533864592558178,-5,0,11,-1,3,0,-1,0
1533864592559174,-1,0,6,13,9,5,3,5
1533864592559174,-4,2,9,-12,-10,0,-3,-4
1533864592572141,0,-4,-12,21,0,-4,0,-1
1533864592572141,1,-18,42,-11,-1,-5,-2,5
1533864592579122,-1,-4,-9,-5,-2,-1,-3,-16
1533864592579122,0,7,-45,-6,-1,-1,0,0
1533864592595078,-8,-12,0,-2,-3,-1,5,-1
1533864592595078,5,9,-89,4,2,-3,-6,-6
1533864592597085,-5,-6,98,-2,7,2,-1,1
1533864592597085,-3,3,30,10,-6,-3,0,8
1533864592618017,-6,-6,87,-4,-4,-4,-6,4
1533864592618017,-2,-18,-55,-7,7,0,-3,-14
1533864592619018,-3,4,-25,-5,-13,-3,2,9
1533864592619018,0,2,5,1,1,-2,-2,-3
1533864592630983,0,4,2,-5,0,-2,2,5
1533864592630983,1,10,4,7,0,-2,-1,6
1533864592639958,-2,-5,-7,9,8,1,-2,1
1533864592639958,0,-3,-7,3,-4,-3,0,7
1533864592654924,-2,-15,-13,0,-4,-2,-4,-10
1533864592654924,-2,-3,13,-3,1,0,4,10
1533864592656913,0,-3,-27,5,-2,-1,-4,-16
1533864592656913,1,-6,10,-20,2,5,5,2
1533864592677859,0,9,-64,14,-4,-3,-7,-7
1533864592677859,-1,10,72,-3,4,1,-3,-1
1533864592679853,-4,-6,90,2,-7,1,5,12
1533864592679853,-2,-4,4,2,-1,-2,-2,-5
1533864592691822,0,2,18,-14,-3,-1,0,-3
1533864592691822,-5,-9,-2,-5,4,-3,-1,-5
1533864592700798,3,3,-49,16,6,1,1,3
1533864592700798,0,3,-2,-3,-17,-1,-3,-6
1533864592715756,-2,0,-6,-23,-7,-2,-2,-2
1533864592715756,0,4,4,18,9,-1,-3,1
1533864592716754,-1,3,-20,-11,-7,-3,0,-1
1533864592716754,1,-2,-10,3,-1,-3,-2,-2
1533864592737732,1,2,4,10,-2,-1,0,1
1533864592737732,3,4,-3,-1,2,0,-1,-1
1533864592739695,0,-17,4,-2,-1,-3,-3,1
1533864592739695,-1,-4,0,-21,-3,-1,-1,-1
1533864592751662,-2,1,-12,6,1,-2,-1,-1
1533864592751662,-3,-1,1,-3,-7,0,-2,-5
1533864592760643,3,6,-15,-15,1,1,0,0
1533864592760643,-2,1,2,32,3,-3,-2,-1
1533864592775597,2,0,8,-2,-2,0,-1,-1
1533864592775597,-4,-2,-9,14,-4,-2,-1,0
1533864592776595,2,8,-15,-22,-9,-3,0,2
1533864592776595,-1,-15,3,-3,11,-1,0,-2
1533864592797573,2,5,9,10,-2,1,3,3
1533864592797573,-4,-3,-2,-2,-7,-3,-8,2
1533864592799532,1,2,17,1,3,1,0,-4
1533864592799532,0,3,-1,-6,0,0,1,1
1533864592812516,-3,-2,6,9,0,0,-1,-4
1533864592812516,-1,-5,-6,-24,-10,-1,1,1
1533864592819479,0,-9,-38,0,18,2,0,-1
1533864592819479,-3,6,-4,40,-9,-4,-5,-4
1533864592835437,-2,-16,30,-27,-11,-2,1,4
1533864592835437,-1,3,-7,9,-6,-2,-2,-3
1533864592836434,0,2,-12,-12,3,-2,0,0
1533864592836434,-3,-7,-4,-7,-2,-2,-1,-3
1533864592857378,-3,2,-15,-1,4,-2,-3,-6
1533864592857378,1,-1,2,1,0,-1,2,1
1533864592859385,4,6,4,0,-5,-5,1,7
1533864592859385,-5,3,1,-6,9,3,-2,-12
1533864592872342,-3,2,-17,8,0,0,-2,0
1533864592872342,-1,0,13,-1,2,1,-1,-3
1533864592879318,-4,-1,-14,0,-5,1,0,3
1533864592879318,2,-2,-8,-10,1,-1,0,3
1533864592895279,-1,1,-9,5,2,-1,-2,-2
1533864592895279,1,-1,5,13,8,-1,1,-2
1533864592897271,2,0,-8,6,-12,-2,-1,5
1533864592897271,-3,0,-4,-10,3,-4,-5,-5
1533864592918215,-2,5,7,-5,-6,-2,-1,-4
1533864592918215,0,-16,12,2,-1,-1,-1,2
1533864592919212,-3,-3,5,6,1,0,0,-3
1533864592919212,0,-3,6,-8,0,2,1,1
1533864592932348,1,3,6,4,4,-3,-1,0
1533864592932348,4,1,2,18,12,7,3,1
1533864592939158,-8,-5,-9,-50,-25,-8,-5,-7
1533864592939158,-1,-9,-5,-1,2,1,-1,0
1533864592955116,-3,-1,-6,9,-6,-3,-1,-2
1533864592955116,-2,5,-3,1,-4,-1,-2,-3
1533864592957114,1,-1,3,3,8,2,-1,-4
1533864592957114,0,0,-9,-9,0,-2,1,2
1533864592978229,2,11,-7,0,1,-1,-4,-2
1533864592978229,-2,0,-10,-17,-1,0,-2,-3
1533864592979076,-3,2,28,15,5,0,-1,-2
1533864592979076,2,2,6,-8,-5,-1,0,4
1533864592991023,3,24,41,21,7,4,2,1
1533864592991023,2,6,13,-27,7,2,4,1
1533864592999997,-10,-14,47,-25,-25,-10,-6,-5
1533864592999997,-4,6,8,12,-2,-2,-3,-2
1533864593014955,-5,-13,46,-9,-1,3,3,0
1533864593014955,-1,-1,-25,7,-3,0,-1,-1
1533864593016950,3,-2,-20,13,16,2,2,1
1533864593016950,0,-1,-10,-17,-14,-1,0,-1
1533864593037898,-1,-11,-24,23,3,-3,-4,0
1533864593037898,-4,-2,-10,-7,-13,-6,-3,-4
1533864593038903,2,-1,-28,15,16,5,1,-2
1533864593038903,0,0,-1,24,-2,-3,-1,-2
1533864593051878,6,4,-14,-26,2,0,-3,-2
1533864593051878,-2,2,40,-29,-13,-8,-1,-1
1533864593060833,-2,8,48,11,6,-1,0,0
1533864593060833,0,3,12,-13,20,0,1,-1
1533864593074796,-2,3,32,14,-13,1,5,2
1533864593074796,-2,-4,-21,11,3,-5,-3,-3
1533864593076790,1,-9,-49,4,9,-2,-4,-2
1533864593076790,-1,-3,-6,-14,-18,1,0,3
1533864593097738,-1,-7,-29,-23,10,0,-2,-3
1533864593097738,-1,-1,-5,11,-1,-2,-2,-1
1533864593099730,5,2,-14,6,-9,-1,4,12
1533864593099730,-2,-2,-6,1,10,3,-6,-13
1533864593111697,0,-4,-12,-18,-9,-2,-3,-2
1533864593111697,0,9,-23,23,13,0,-3,-3
1533864593120674,4,12,23,23,9,6,4,4
1533864593120674,0,-20,-47,-47,-23,-5,-2,1
1533864593135642,-2,-7,-22,0,5,-6,-4,0
1533864593135642,-7,3,39,52,3,0,2,2
1533864593136630,-6,-4,-16,-60,-23,1,-1,-8
1533864593136630,-1,1,0,9,15,-1,1,1
1533864593157574,-6,-5,-25,-37,-26,-4,-3,-5
1533864593157574,5,-4,-12,8,23,1,-2,2
1533864593159571,-5,0,-19,-2,-52,-9,-5,-4
1533864593159571,2,0,26,9,6,1,2,0
1533864593171538,3,-5,-7,1,7,1,0,0
1533864593171538,-2,-2,-2,0,7,-3,-2,-4
1533864593180514,1,-1,3,-3,8,0,-3,-2
1533864593180514,-2,3,-4,2,-6,0,0,4
1533864593195494,-2,1,9,19,10,0,0,-8
1533864593195494,1,2,-5,-34,-20,-2,-1,-2
1533864593196472,-4,-1,5,11,10,-3,-2,-2
1533864593196472,-3,-4,-2,-2,-2,1,1,3
1533864593217415,-1,-3,-4,10,4,-2,0,2
1533864593217415,-3,-21,15,-15,-14,-1,-3,-3
1533864593219411,-1,-2,-7,3,5,-3,-4,-3
1533864593219411,-2,1,4,10,6,-4,1,-2
1533864593231380,0,2,-9,-23,6,0,-1,0
1533864593231380,-4,-3,31,12,-16,-2,0,-2
1533864593240353,-6,-13,-14,-9,3,-3,-3,-2
1533864593240353,-1,-3,9,5,-3,0,-1,-1
1533864593255316,-4,2,-2,8,-4,-1,-3,-3
1533864593255316,1,0,-18,-8,-1,4,1,2
1533864593257308,-3,-6,-11,9,29,1,-2,-3
1533864593257308,-5,0,2,-11,-29,-7,-2,-2
1533864593278252,3,-5,2,-10,9,1,0,0
1533864593278252,1,4,-18,-16,-12,0,-1,-1
1533864593279267,-4,-3,11,54,4,1,2,0
1533864593279267,0,2,-13,-57,-4,-2,-3,-3
1533864593291217,-2,8,3,11,-1,-2,-2,2
1533864593291217,-2,-9,-5,-13,-1,-1,0,-2
1533864593300195,3,4,-3,6,9,0,-2,-1
1533864593300195,1,2,7,11,4,1,1,-1
1533864593315153,0,-4,-5,8,-7,-2,-1,-1
1533864593315153,-1,-1,-22,-24,0,-3,-3,-2
1533864593317147,6,18,33,-1,-11,0,1,1
1533864593317147,-3,-22,-68,21,6,-6,-5,-4
1533864593338091,-4,-13,1,-15,-12,-5,-3,-1
1533864593338091,-2,8,22,10,4,0,0,0
1533864593339089,-1,-1,-1,-5,-8,0,0,-2
1533864593339089,-2,-1,-22,-2,-2,0,-3,-1
1533864593351065,-2,-3,1,29,5,-1,-2,-1
1533864593351065,-2,-3,-18,8,-4,-4,-2,-2
1533864593360036,2,0,-16,-51,5,1,-1,0
1533864593360036,-1,5,29,0,-22,-2,1,0
1533864593374996,-6,-7,-3,-11,-2,-2,-2,0
1533864593374996,1,2,10,-12,-2,2,1,1
1533864593376987,-4,-5,-3,22,0,-3,-1,-1
1533864593376987,1,-1,13,25,16,-3,0,-2
1533864593397931,-1,0,1,-13,-14,-3,-3,-2
1533864593397931,1,1,-16,8,0,-2,-2,-2
1533864593398929,3,15,-24,-17,1,0,-2,-2
1533864593398929,-2,-5,21,21,12,2,0,-1
1533864593419872,2,0,-2,-2,1,2,2,1
1533864593419872,-3,-3,-4,2,1,-2,-3,-2
1533864593421867,-1,-4,-8,-15,-2,-2,-1,-1
1533864593421867,-3,3,11,-13,-1,-1,-4,0
1533864593435836,3,3,11,11,6,1,2,0
1533864593435836,-1,-3,6,-20,-19,-2,-1,-2
1533864593436829,-3,-10,-17,-13,-5,-1,-3,-2
1533864593436829,-1,4,-1,9,1,-3,-2,-2
1533864593457775,-1,-3,-1,-12,-3,0,1,1
1533864593457775,1,2,4,9,13,1,0,-1
1533864593459766,0,-2,8,13,-7,-2,0,0
1533864593459766,-1,2,4,-11,-4,-1,1,1
1533864593480710,-1,0,-5,17,1,-2,-3,-4
1533864593480710,0,0,-6,-10,-2,0,-3,1
1533864593481707,-4,-7,6,-1,-3,-1,-4,-3
1533864593481707,1,0,-4,-3,1,-1,-1,1
1533864593495674,0,1,5,-2,5,2,1,1
1533864593495674,-7,-5,-11,-12,-16,-6,-3,-6
1533864593496670,-1,-5,1,4,5,-1,1,1
1533864593496670,1,1,-2,-23,-11,1,1,-2
1533864593517611,-1,-1,0,5,-2,2,0,-1
1533864593517611,-1,-2,-2,-6,7,-1,-1,-1
1533864593519606,-4,-1,-1,20,2,0,-3,-3
1533864593519606,-1,0,1,4,-4,0,0,0
1533864593539552,0,-1,2,-13,-7,-1,0,0
1533864593539552,-1,0,-4,3,2,1,1,0
1533864593547750,1,12,-19,-9,1,-4,-2,-2
1533864593547750,2,-5,44,-7,1,1,-2,0
1533864593554718,-5,-6,-6,25,-1,-6,-5,-4
1533864593554718,1,0,-1,5,1,1,1,0
1533864593561494,0,2,6,1,-1,1,0,-5
1533864593561494,0,0,-14,-11,-2,1,-2,-1
1533864593577461,-6,-8,-26,1,-3,-4,-3,-2
1533864593577461,1,0,14,-11,-1,0,-1,0
1533864593579446,0,-3,-4,-22,3,-1,1,1
1533864593579446,-4,-14,6,2,-18,-4,-6,-2
1533864593600390,1,-1,5,15,7,1,1,0
1533864593600390,-3,-2,-15,-5,0,-4,-2,0
1533864593602385,0,-4,5,10,-2,-1,-2,1
1533864593602385,2,4,-8,1,11,1,5,4
1533864593614555,-4,2,2,-9,-2,-4,-9,-16
1533864593614555,-2,-4,0,6,-2,0,1,-1
1533864593621335,3,1,12,-5,-1,0,-2,0
1533864593621335,-3,2,-6,17,19,2,-1,-2
1533864593638294,-3,2,0,-22,-23,-4,-1,2
1533864593638294,-2,0,-5,5,2,-1,-1,-1
1533864593639286,-1,-11,-44,7,9,-1,4,2
1533864593639286,-2,2,-5,-8,-9,-3,-8,-13
1533864593660423,1,-1,-4,4,12,1,-1,1
1533864593660423,-3,-3,3,-3,-9,-3,-4,-2
1533864593662224,0,2,-5,15,-8,-2,0,-3
1533864593662224,-3,-2,-10,-12,-5,-3,-1,0
1533864593674193,0,2,5,-11,-8,-1,3,6
1533864593674193,0,-4,-4,9,1,-2,-1,-3
1533864593681212,-3,-1,14,-12,-1,-1,-1,0
1533864593681212,2,2,-1,8,8,0,0,2
1533864593698332,-1,-3,9,5,-4,0,1,-2
1533864593698332,-2,1,-4,-12,-3,-1,0,1
1533864593699127,-1,-1,10,3,0,0,-1,-2
1533864593699127,0,1,-2,-14,-6,-2,0,1
1533864593720073,0,-6,-13,11,10,0,-2,-1
1533864593720073,-3,-4,-3,9,-17,-3,-4,-3
1533864593722064,-6,-3,2,-1,-2,-6,-6,-3
1533864593722064,0,0,3,14,0,0,0,0
1533864593734055,0,0,13,-3,4,1,0,2
1533864593734055,4,0,-22,-5,-1,0,-2,0
1533864593743009,0,-3,19,38,9,0,-1,-2
1533864593743009,-4,-2,-15,-80,-5,-5,-1,0
1533864593757969,2,2,10,18,12,3,2,-1
1533864593757969,-2,0,1,-14,-2,-3,0,-2
1533864593758965,-1,1,-4,-5,-10,-2,-1,-1
1533864593758965,1,2,3,28,13,3,-1,-3
1533864593780028,1,-1,-5,-7,4,1,0,2
1533864593780028,-2,-1,2,1,-2,-1,-1,-2
1533864593780028,-2,-3,3,-1,-5,-2,-2,-1
1533864593780028,0,-5,0,16,10,1,2,0
1533864593801852,-2,1,0,-14,-13,-2,0,0
1533864593801852,-4,-2,0,20,13,-1,-2,1
1533864593802849,0,-2,3,-21,-7,1,0,-2
1533864593802849,-2,-4,-7,25,-9,-6,-2,1
1533864593816818,-1,-3,-2,-9,-2,-2,-4,-2
1533864593816818,3,2,2,-9,7,1,2,-2
1533864593824837,2,4,10,-7,-2,0,0,0
1533864593824837,-6,-4,24,3,-6,-5,-4,-3
1533864593839756,1,1,-7,-8,2,0,-2,1
1533864593839756,-1,-2,8,9,4,0,-1,-2
1533864593840747,-1,-3,2,-12,3,2,0,0
1533864593840747,3,4,7,37,-3,4,0,0
1533864593861695,-9,-8,-26,-20,-8,-7,-6,-6
1533864593861695,1,2,2,-44,-2,0,-2,0
1533864593862701,-1,1,-6,-2,10,-2,-2,-1
1533864593862701,-2,0,-13,7,-21,-2,2,0
1533864593876654,-2,-6,6,7,-20,-3,0,-1
1533864593876654,1,-9,-4,-7,-6,2,1,-4
1533864593877650,-3,-6,-8,18,13,-2,0,-1
1533864593877650,0,-11,6,-1,12,0,-2,-1
1533864593899590,0,11,-14,-38,-12,-2,0,0
1533864593899590,0,9,71,14,3,1,1,3
1533864593900599,-3,-5,16,-9,-9,0,0,1
1533864593900599,3,8,-14,-9,3,2,2,1
1533864593922528,-8,-2,-6,12,5,-3,-4,-2
1533864593922528,0,2,-9,8,2,2,1,-1
1533864593922528,1,2,-15,-8,4,1,-1,-2
1533864593922528,-8,1,-8,-20,-30,-8,-4,-3
1533864593937488,7,-2,-33,-9,22,3,1,1
1533864593937488,-8,10,-26,-6,-21,-8,-7,-5
1533864593937488,-2,-3,-7,-6,-6,2,0,0
1533864593937488,1,-4,-42,7,3,1,-2,-1
1533864593959433,0,0,18,2,8,1,4,0
1533864593959433,0,-5,-3,-11,-1,-3,-2,0
1533864593960427,0,-3,-20,-3,-1,-3,-1,0
1533864593960427,-1,-4,-13,-23,-5,-2,-2,-2
1533864593982368,-3,1,11,29,-1,-2,-2,0
1533864593982368,-2,2,1,14,8,3,0,1
1533864593983365,-2,2,0,-20,-12,-2,-2,-2
1533864593983365,-1,2,5,10,5,-3,0,-1
1533864593997329,7,22,73,8,-2,1,0,3
1533864593997329,2,9,-88,-11,-9,0,0,-4
1533864594005310,-8,-7,50,-6,31,2,0,0
1533864594005310,-1,5,27,19,-22,2,0,-1
1533864594019269,-6,-10,-19,-32,-13,-6,-6,-3
1533864594019269,1,-3,-9,7,1,-1,-1,0
1533864594020266,0,1,-9,7,-10,-3,-2,-1
1533864594020266,0,2,-8,-2,9,1,0,1
1533864594042208,-1,-5,-5,2,1,-2,1,0
1533864594042208,2,-6,16,7,3,-1,2,0
1533864594043205,-2,3,-19,-7,-9,-5,-2,-3
1533864594043205,-2,-6,12,-4,8,-2,-3,-1
1533864594057188,-3,-2,-20,1,-9,1,-2,-1
1533864594057188,-3,-6,11,-23,0,-2,-4,-3
1533864594058167,2,2,-20,23,-5,-4,0,0
1533864594058167,1,2,25,5,17,2,1,0
1533864594079110,-7,-7,-1,-15,-26,-4,0,-1
1533864594079110,2,4,65,0,-1,0,1,2
1533864594080107,-1,-2,0,-5,-12,1,-2,0
1533864594080107,1,-1,-2,5,14,1,0,-1
1533864594103060,1,0,5,0,1,-2,0,-1
1533864594103060,0,-6,0,16,25,-2,0,0
1533864594103060,-1,-3,-8,-8,-33,-5,-2,-1
1533864594103060,-3,-2,3,3,5,-1,-1,-1
1533864594117008,4,0,-5,1,5,5,0,0
1533864594117008,1,-5,-17,17,0,-1,-1,0
1533864594118006,-4,-5,-4,-22,3,-3,-4,-2
1533864594118006,-3,-3,-19,-25,-8,-2,-4,-1
1533864594139950,0,-2,-5,22,-1,0,-1,-2
1533864594139950,0,4,-22,2,1,1,-1,0
1533864594139950,2,-5,4,18,4,0,-1,0
1533864594139950,-4,-6,0,-10,10,2,1,-3
1533864594162094,-6,-3,-5,-19,-22,-6,-3,-3
1533864594162094,-4,0,1,12,-26,-2,1,0
1533864594162885,0,-11,-69,-20,8,1,-3,-2
1533864594162885,0,1,-29,-20,-12,-1,-3,-2
1533864594176853,1,3,33,-2,23,5,3,-1
1533864594176853,-7,-11,-23,11,7,-3,-5,-5
1533864594177846,-3,-1,-12,6,-10,-2,-1,1
1533864594177846,0,-5,-5,12,5,-3,-1,-1
1533864594207796,0,-2,0,-2,3,2,1,-1
1533864594207796,-2,-6,-16,-16,-9,-2,-4,-3
1533864594208769,0,4,22,9,3,1,-1,-2
1533864594208769,0,2,17,12,6,1,-1,-1
1533864594222731,0,2,6,3,-7,-2,0,0
1533864594222731,-1,-2,9,-10,-1,-1,-1,-1
1533864594222731,-1,-1,12,6,-2,-2,-1,-2
1533864594222731,-2,0,-1,-5,-10,-1,0,0
1533864594236688,1,-3,-19,-6,12,-1,-1,0
1533864594236688,0,-2,4,6,9,2,2,0
1533864594244670,0,15,7,-15,0,-7,-1,-1
1533864594244670,-6,-12,4,-4,-18,-5,-4,-3
1533864594259675,1,2,53,18,3,0,0,-1
1533864594259675,0,-3,-6,13,28,0,-3,-1
1533864594266613,-1,7,17,-31,-45,0,0,-1
1533864594266613,-2,-3,27,18,2,-2,-1,0
1533864594283564,-2,-6,-27,-9,3,-2,-3,-1
1533864594283564,-1,-1,-6,-1,-5,0,-2,0
1533864594284565,-1,-4,5,8,12,1,0,-1
1533864594284565,0,1,-14,12,7,-1,-2,-2
1533864594297527,-3,-3,-21,1,-8,1,-1,-1
1533864594297527,-1,0,7,-5,-2,-2,1,-1
1533864594297527,1,-2,-1,7,3,0,-1,1
1533864594297527,-2,-2,2,-11,-9,-2,-1,0
1533864594319652,0,2,0,14,18,-1,-2,-2
1533864594319652,-2,-1,7,-9,-16,-3,-1,-1
1533864594320490,0,-2,10,-13,16,-1,0,-2
1533864594320490,2,2,-7,-5,-16,1,-1,-2
1533864594333454,-4,-5,-9,2,-1,-4,-4,-2
1533864594333454,0,2,7,-2,22,1,1,0
1533864594342409,-4,-6,-6,-21,-45,-5,0,-2
1533864594342409,-2,-1,-7,5,12,-4,-3,-2
1533864594357577,1,1,-3,-4,-8,-1,0,0
1533864594357577,-3,-2,4,11,1,-3,-1,-1
1533864594358379,-3,-3,6,1,9,0,-2,-1
1533864594358379,2,2,-4,-17,-1,1,0,0
1533864594380510,1,0,2,6,-5,2,0,0
1533864594380510,-2,-3,-11,-8,-8,-3,-2,-2
1533864594381301,2,3,38,9,11,2,0,2
1533864594381301,0,4,-14,-2,-6,-2,-1,-1
1533864594403307,-3,-19,-2,-8,8,0,0,0
1533864594403307,2,2,17,8,-11,-1,-1,0
1533864594403307,0,-2,-14,3,10,0,-2,-2
1533864594403307,-2,-4,-2,-8,-6,-1,-2,-4
1533864594417205,-2,6,8,23,11,-2,1,-1
1533864594417205,-3,-2,-13,-21,-9,-4,-2,-1
1533864594418203,0,-4,-2,11,-1,1,0,0
1533864594418203,-3,0,0,-4,6,0,-2,-1
1533864594439150,0,-1,-11,1,-10,-1,-2,-2
1533864594439150,1,-2,4,-15,-4,2,1,-1
1533864594440158,-4,-2,-10,15,4,-5,-2,-2
1533864594440158,-1,-3,6,-2,0,-1,-1,1
1533864594463085,0,2,-7,-2,-1,-1,1,-3
1533864594463085,1,-2,0,-8,-7,0,-2,0
1533864594464082,-1,-1,-1,4,13,-1,-3,-2
1533864594464082,-1,0,-3,-11,-10,0,-1,2
1533864594477058,-2,0,-1,11,-4,-3,-2,-2
1533864594477058,4,2,1,2,9,3,1,3
1533864594478068,-6,-5,-10,5,3,-3,-4,-2
1533864594478068,-4,-3,0,17,8,-2,-2,-1
1533864594499984,-1,-1,-8,-49,-23,-4,-1,0
1533864594499984,1,-1,4,10,3,0,-1,-1
1533864594499984,0,0,3,7,3,0,1,-1
1533864594499984,-2,-3,-13,-12,-7,-1,0,-1
1533864594522926,0,2,2,-7,7,1,0,-1
1533864594522926,-5,-2,-3,21,0,-6,-3,-3
1533864594523920,-1,-1,-3,-17,-18,-3,-2,-1
1533864594523920,1,0,1,-14,6,0,0,-1
1533864594536952,-2,-3,-2,6,3,-4,-2,0
1533864594536952,-2,-2,0,-11,-9,-2,1,-2
1533864594537887,2,3,1,6,26,6,1,1
1533864594537887,-1,0,3,16,-21,-5,-1,1
1533864594559825,0,1,-6,-4,-1,2,-2,-2
1533864594559825,-6,-1,1,-10,-9,-2,-4,1
1533864594560822,1,0,1,-11,-2,-4,1,-1
1533864594560822,-1,-3,-2,10,14,-2,-2,-1
1533864594582790,-2,1,-2,7,2,0,0,-1
1533864594582790,-2,-1,-2,-10,-4,-1,-2,-2
1533864594583759,0,-1,-10,18,-11,0,0,0
1533864594583759,5,4,2,-24,12,4,2,1
1533864594597722,-7,-4,-5,13,-3,-5,-5,-1
1533864594597722,-1,-1,-3,22,11,-2,0,-2
1533864594597722,-5,-2,-3,-8,-23,-2,-2,-1
1533864594597722,2,-1,5,9,-3,2,0,-1
1533864594619663,2,1,2,5,11,4,0,1
1533864594619663,3,0,-3,-23,-12,-2,2,1
1533864594620662,0,0,-1,0,-16,-5,1,0
1533864594620662,-1,-2,-2,8,-3,-2,-2,-3
1533864594642606,-1,-3,4,-8,13,-1,-1,-2
1533864594642606,1,0,-12,5,5,5,-1,0
1533864594643600,-2,8,-9,-5,-7,-4,-3,-3
1533864594643600,-3,-17,1,-5,-4,-2,-1,0
1533864594657562,-2,-6,-76,-8,-4,-1,-2,-3
1533864594657562,-2,-5,26,4,-3,0,1,-2
1533864594658560,1,1,35,1,10,2,0,2
1533864594658560,0,3,-3,-7,0,-2,0,0
1533864594679673,-5,-4,-7,-20,-7,-3,-4,-2
1533864594679673,-3,-3,-17,-2,-1,-3,-3,-2
1533864594680538,0,-3,-10,0,1,2,-2,0
1533864594680538,-3,2,4,4,5,2,-1,-2
1533864594702460,1,0,24,9,-1,-1,0,2
1533864594702460,-4,3,0,-13,-12,-3,-3,1
1533864594703442,-2,-3,4,2,9,-1,0,-1
1533864594703442,-3,-1,-7,11,-3,-1,-1,-2
1533864594717402,1,2,7,-2,-3,-1,-2,0
1533864594717402,3,2,-2,-17,-5,-1,0,0
1533864594717402,-1,2,-7,17,13,-4,-2,-1
1533864594717402,-5,-4,-6,-5,-16,-5,1,-2
1533864594739344,1,-2,-46,-5,-1,1,0,-1
1533864594739344,-2,-9,66,-4,-8,0,-1,2
1533864594740354,-1,1,5,1,6,1,-1,-2
1533864594740354,0,3,3,2,4,-1,-3,-2
1533864594763285,-1,-4,10,-14,-6,-1,0,-2
1533864594763285,3,7,2,8,4,-1,-2,-4
1533864594763285,-1,-4,-12,-6,-3,0,-1,-1
1533864594763285,-1,1,9,-3,1,-1,-1,0
1533864594777242,2,2,18,4,-8,1,0,-2
1533864594777242,0,-1,-25,7,14,-2,-3,-2
1533864594778239,-4,-5,1,-4,-12,-4,-1,-2
1533864594778239,1,2,-6,0,-2,-2,-3,-2
1533864594799184,-2,1,13,6,-4,-4,-2,0
1533864594799184,-3,1,-14,-4,-3,-3,1,-2
1533864594800181,0,-5,-8,-5,1,1,0,0
1533864594800181,0,14,-10,-7,1,1,-1,-1
1533864594823123,-3,-6,9,-8,3,-3,-1,-1
1533864594823123,-1,-1,-3,10,-9,-2,-1,-1
1533864594823123,-3,-4,-10,2,4,1,0,-2
1533864594823123,-1,1,9,3,-1,-2,-2,-2
1533864594837090,-4,1,17,-9,-4,0,-1,-3
1533864594837090,-2,-2,-20,-9,-1,0,-1,-2
1533864594838079,1,2,9,8,0,0,0,0
1533864594838079,1,-3,-6,3,4,1,1,2
1533864594860025,-2,-2,6,-18,2,-2,0,1
1533864594860025,-3,-2,-9,1,-3,1,1,1
1533864594860025,-2,0,-11,-9,-6,-2,-2,-1
1533864594860025,1,-2,1,-6,5,1,-1,0
1533864594882961,-3,-2,2,23,-7,-4,-2,-2
1533864594882961,-3,0,-6,-3,-4,-2,-2,-3
1533864594883956,-1,-5,0,-4,2,1,-2,-2
1533864594883956,-1,-3,1,0,-4,0,-1,0
1533864594896998,2,1,4,8,4,-1,-2,0
1533864594896998,-2,-1,-9,-4,1,-2,0,0
1533864594897921,0,0,29,-1,-8,-1,1,-1
1533864594897921,-3,-3,9,7,7,-1,0,-1
1533864594919864,1,4,-5,9,-1,1,-1,-1
1533864594919864,-1,-18,3,-4,3,-2,0,0
1533864594920857,-1,-1,-9,-4,1,0,-2,0
1533864594920857,-1,-3,-7,-13,-5,-1,-1,-1
1533864594942916,1,-1,7,-6,-5,0,2,2
1533864594942916,2,3,-2,37,9,1,-1,-2
1533864594943797,-5,-3,-9,-39,-20,-7,-4,-4
1533864594943797,-4,-3,-4,-3,-7,-2,-3,-2
1533864594956771,0,0,-1,-13,4,-1,-2,-1
1533864594956771,-1,3,5,-11,-7,-2,-2,0
1533864594964924,-1,-3,-16,12,13,-4,-1,-1
1533864594964924,-2,4,45,13,0,-5,-3,-1
1533864594979723,-2,8,-15,-1,-6,1,0,-1
1533864594979723,-1,-18,2,0,7,2,0,-1
1533864594980699,0,-1,19,2,-3,2,-1,-1
1533864594980699,-2,-4,-28,-6,-3,-2,-3,-3
1533864595002643,2,-5,-3,4,1,0,-1,-1
1533864595002643,-1,4,2,-5,-3,-2,1,-2
1533864595003636,-2,-3,-19,-2,1,1,1,1
1533864595003636,1,-6,-7,0,-3,-4,0,1
1533864595016603,-1,3,4,3,2,-2,-2,0
1533864595016603,-1,7,1,-3,-4,-3,-3,-2
1533864595024604,-1,-3,-7,0,-4,-2,-1,-1
1533864595024604,1,4,22,-2,3,2,-1,-2
1533864595039747,-1,-2,18,5,1,0,-1,-1
1533864595039747,-1,1,-9,-7,-5,-2,-1,-2
1533864595040538,-1,1,3,10,7,0,0,0
1533864595040538,-2,-3,-23,0,-1,0,-2,-1
1533864595063476,-1,-7,-7,0,0,1,0,-1
1533864595063476,1,0,1,-20,-5,-1,-3,0
1533864595063476,0,1,-1,18,5,-3,0,-3
1533864595063476,0,1,-7,-24,-5,-2,-1,-1
1533864595076445,-8,-5,-3,9,2,-4,-3,-5
1533864595076445,-1,3,-8,0,-5,0,-1,-1
1533864595084421,-1,3,13,-8,5,0,-2,-1
1533864595084421,0,-16,-5,9,0,2,3,0
1533864595099381,-1,-3,-5,-4,-6,-2,-1,0
1533864595099381,0,-1,3,-8,-3,-1,-1,-1
1533864595100406,-1,-5,-20,-3,-5,0,0,0
1533864595100406,1,5,1,1,0,-1,-2,0
1533864595123316,-2,-1,-2,-5,-1,1,0,1
1533864595123316,-3,-2,-2,4,2,-1,0,-3
1533864595124317,-1,0,2,-3,-2,0,0,0
1533864595124317,-3,0,-6,3,-2,-2,-3,-1
1533864595136297,2,0,6,-2,-3,-1,-2,0
1533864595136297,0,2,-7,3,2,-3,-3,-2
1533864595145258,0,-1,-2,1,-3,-1,-2,-1
1533864595145258,-2,1,-2,-14,-8,-3,0,-1
1533864595159221,0,-1,-7,9,7,1,-1,-1
1533864595159221,-2,-3,0,26,13,0,1,0
1533864595160233,-2,-1,-3,-21,-11,-2,-5,-3
1533864595160233,-3,-1,-4,-3,-7,-2,-1,-1
1533864595183161,1,0,4,-14,-6,0,1,-1
1533864595183161,-4,1,-2,-5,1,-2,-2,1
1533864595183161,0,1,7,8,2,-1,2,1
1533864595183161,-1,1,-6,6,9,-2,-2,-1
1533864595196121,-1,-12,-61,-5,0,-4,-3,-3
1533864595196121,-1,0,28,9,1,-1,0,0
1533864595212084,-2,-3,-7,-14,-9,-2,0,-1
1533864595212084,-2,-3,5,1,0,0,0,-2
1533864595220061,-4,-7,-76,-3,-2,-1,1,-1
1533864595220061,0,4,12,-4,-5,-2,-1,0
1533864595220061,0,-1,-2,2,-1,0,-2,-2
1533864595220061,-2,0,-1,0,-3,-2,-2,-3
1533864595243002,-2,-1,18,0,0,1,-1,-1
1533864595243002,-3,-5,-18,-10,-6,1,0,-1
1533864595243994,0,-1,7,3,2,0,0,0
1533864595243994,-1,-3,-5,-3,-1,1,1,0
1533864595256165,2,6,28,-4,-7,-2,0,-1
1533864595256165,-2,-7,-8,2,8,-4,-4,-2
1533864595264938,1,2,-1,5,1,-3,-1,1
1533864595264938,-2,-3,-5,4,-8,-4,-2,-3
1533864595279901,-1,2,21,-5,-5,-1,0,-1
1533864595279901,1,1,-4,-9,-5,1,-1,1
1533864595280906,0,-1,-7,-5,2,-2,-1,-1
1533864595280906,-1,1,-2,-3,0,1,0,1
1533864595303054,0,0,19,3,-2,-2,-2,-1
1533864595303054,1,-3,-5,-5,-4,1,-1,-1
1533864595303861,-2,-1,0,1,0,0,-2,-3
1533864595303861,-1,-1,2,-2,1,2,2,0
1533864595325776,-1,1,12,7,0,-1,-2,-1
1533864595325776,2,14,32,-10,2,-2,-1,-2
1533864595325776,-2,-6,1,7,-3,1,2,1
1533864595325776,-6,-4,-5,12,0,-3,-3,-4
1533864595339741,-1,-4,13,-12,-6,0,0,-1
1533864595339741,2,0,-16,-28,-3,-2,-1,-1
1533864595340735,1,2,2,7,-3,0,-1,-1
1533864595340735,4,4,13,-7,7,1,1,0
1533864595362680,-4,0,-6,21,2,-3,-5,-3
1533864595362680,-1,-5,-6,9,2,2,0,0
1533864595363684,-1,0,-3,-5,1,0,-1,0
1533864595363684,2,0,-8,-5,-12,0,-1,-1
1533864595385615,1,-1,2,3,10,0,0,-1
1533864595385615,-4,0,1,3,-4,-4,1,1
1533864595385615,-3,-3,0,-1,-3,-1,-1,-2
1533864595385615,-2,0,-1,5,1,1,2,0
1533864595399578,2,0,3,-15,12,1,1,1
1533864595399578,-4,-6,-2,-8,-11,-3,-2,-1
1533864595400576,-1,0,-18,-14,0,-1,-1,0
1533864595400576,-3,-6,-12,-10,-2,-4,-1,0
1533864595422520,1,2,4,-4,-11,-2,-2,-1
1533864595422520,-5,-6,-8,4,-7,-5,-3,-1
1533864595423514,0,1,2,-7,-1,-2,-4,-1
1533864595423514,-1,1,4,1,-6,1,-4,-2
1533864595445460,-1,0,4,2,5,0,2,1
1533864595445460,2,1,-4,-4,0,2,1,0
1533864595446452,-3,-3,0,12,-2,-3,-2,-2
1533864595446452,-2,-2,-3,-2,5,-1,-1,-1
1533864595468416,-2,-1,0,1,-7,-1,0,0
1533864595468416,0,1,-5,5,0,0,-1,-2
1533864595468416,3,-2,1,-7,0,0,-1,-3
1533864595468416,4,2,4,8,22,0,-1,-1
1533864595490553,-7,-2,-4,17,-3,-4,-1,-1
1533864595490553,-7,-5,-5,3,-14,0,-1,-1
1533864595491339,-2,-3,-5,-18,3,0,-2,-1
1533864595491339,-1,0,2,10,-3,-4,-1,-1
1533864595505492,4,4,4,-8,1,1,0,1
1533864595505492,3,0,4,52,22,0,0,0
1533864595506317,-3,-3,-5,-18,-8,-5,-1,-1
1533864595506317,1,-7,-11,-47,-15,-6,-1,-4
1533864595519258,-13,1,-1,-4,-1,-1,-1,0
1533864595519258,10,0,-3,-2,-3,0,-2,0
1533864595520266,-2,3,5,16,4,2,0,0
1533864595520266,-8,0,2,5,-9,0,-2,0
1533864595543194,7,-5,-2,-1,2,-6,-2,-3
1533864595543194,-2,-2,-3,-8,4,-1,0,-2
1533864595543194,1,-3,0,2,-7,-1,0,0
1533864595543194,-3,2,5,27,6,3,0,0
1533864595565138,-2,-7,-13,-52,-11,-1,-2,-1
1533864595565138,0,-1,-1,-6,-5,-1,1,0
1533864595566146,2,-3,-3,-4,-1,-4,-1,-1
1533864595566146,-2,-1,0,7,-5,-2,-1,-2
1533864595580250,1,1,7,27,21,0,-4,0
1533864595580250,0,1,-5,-10,-5,-1,-3,-2
1533864595580250,-4,0,-1,1,-4,-1,-3,-3
1533864595580250,2,1,2,14,1,1,0,-1
1533864595602041,2,1,6,15,-7,4,-1,1
1533864595602041,-3,-5,-6,-19,-13,-5,-4,-3
1533864595603038,-3,-9,-8,-10,18,-4,-4,-1
1533864595603038,0,-3,-3,-9,-1,2,3,1
1533864595624975,-1,-3,-9,1,-9,-5,-1,-2
1533864595624975,-3,1,4,6,2,2,2,1
1533864595625972,-1,2,1,1,-14,-1,-1,-1
1533864595625972,1,-1,-2,-21,6,-3,-3,-3
1533864595639938,-3,1,0,11,2,-1,1,-1
1533864595639938,-3,2,0,6,-4,0,-3,-1
1533864595639938,2,0,0,1,1,1,-1,-1
1533864595639938,-2,0,1,4,15,1,0,-2
1533864595661879,0,-3,3,12,-16,-2,-1,1
1533864595661879,1,-3,-1,-15,-3,-3,-1,-2
1533864595662873,5,4,8,39,17,-2,-1,1
1533864595662873,-5,-8,-18,-37,-14,-10,-7,-15
1533864595685813,-2,0,2,45,6,0,1,6
1533864595685813,-3,-1,-9,-18,6,2,2,1
1533864595685813,-2,2,7,-35,-8,7,7,0
1533864595685813,5,2,6,41,17,6,3,2
1533864595699791,0,-2,-4,-17,-9,-3,-3,-3
1533864595699791,-3,1,5,17,-9,-5,-1,2
1533864595700780,-4,-1,-3,22,10,-9,-7,-3
1533864595700780,-3,-2,-5,-26,-12,2,-1,-1
1533864595721722,-4,-2,-4,-20,6,3,2,-3
1533864595721722,0,-2,1,19,5,0,0,0
1533864595722733,0,-2,0,0,4,-1,-3,-5
1533864595722733,-5,-2,-2,9,-39,-22,-9,-4
1533864595745655,-1,-2,-3,-30,9,0,-6,1
1533864595745655,7,5,1,2,-7,6,3,-1
1533864595745655,-4,-2,-5,0,6,2,9,4
1533864595745655,-3,-1,2,1,7,10,10,6
1533864595759625,-2,2,3,-5,-11,-8,-11,-5
1533864595759625,-5,-7,-6,-8,6,-8,-8,-6
1533864595760625,0,-3,-3,-7,-2,4,3,3
1533864595760625,1,3,3,-1,10,10,6,3
1533864595781851,0,1,-1,-3,-1,1,7,-2
1533864595781851,-5,-3,-1,-2,0,-3,-5,-1
1533864595782845,-2,-5,-3,-1,-14,-11,-9,-3
1533864595782845,-2,-4,-2,-5,-6,-5,-7,-1
1533864595804793,-1,-5,-4,4,0,-2,-3,-2
1533864595804793,-1,-1,-4,-14,-1,-1,-2,-1
1533864595805783,-2,-1,0,2,-7,-3,-2,-3
1533864595805783,4,0,2,1,3,-1,-3,2
1533864595819746,-2,0,-1,-5,4,4,2,0
1533864595819746,-1,1,-1,-1,0,1,1,-1
1533864595820757,-2,0,0,0,-11,0,2,1
1533864595820757,-2,0,-1,1,22,3,-3,-2
1533864595841691,1,-1,-2,-10,-18,-9,3,0
1533864595841691,-5,-5,-5,0,-18,-10,-5,-5
1533864595842685,-2,-1,-4,-7,4,-3,-8,-5
1533864595842685,0,-2,0,-1,-13,1,-1,1
1533864595865624,0,1,2,4,9,11,13,5
1533864595865624,-2,1,0,-3,7,7,3,1
1533864595865624,-1,1,-1,4,-9,-6,-5,-2
1533864595865624,1,-2,-3,-2,0,-5,-2,-1
1533864595879590,-1,-2,-2,7,1,-4,-8,-5
1533864595879590,0,-2,2,2,3,-2,2,1
1533864595880584,0,-2,-3,-10,2,-2,-2,0
1533864595880584,-2,-1,-3,-3,-6,-4,0,-1
1533864595902526,-1,1,-3,-2,-3,-1,-1,-2
1533864595902526,-1,-3,-2,3,2,-1,0,-3
1533864595902526,0,-2,-2,2,1,2,-1,-2
1533864595902526,-1,-1,1,0,-2,1,-2,0
1533864595925568,2,-3,-1,-2,2,-4,-4,-2
1533864595925568,0,-2,-3,-4,-8,-2,-1,-4
1533864595926462,0,0,0,-4,-6,3,4,2
1533864595926462,-2,-1,-4,-1,-3,2,0,-2
1533864595939426,-1,-3,-2,2,2,-11,-5,-3
1533864595939426,-2,-1,-2,-7,9,-3,1,1
1533864595947405,-3,-2,0,-6,-16,-2,-9,-3
1533864595947405,0,2,-1,-1,-3,3,5,1
1533864595962368,-2,1,-1,-4,2,7,2,1
1533864595962368,-2,-1,-2,-3,-5,-2,0,-1
1533864595963362,-1,-1,1,-1,0,-3,1,-2
1533864595963362,-1,-1,-2,1,4,-5,-8,-5
1533864595985307,0,0,1,-3,3,-2,-3,-1
1533864595985307,1,-1,0,-1,-3,-3,-5,-1
1533864595986318,-1,-2,-1,3,3,2,1,-2
1533864595986318,-2,-2,0,3,0,-1,1,2
1533864595999267,-2,-4,-4,-9,0,0,2,0
1533864595999267,0,0,-1,1,0,-2,-4,0
1533864596007248,1,-2,-19,-1,2,-2,-3,-3
1533864596007248,0,3,10,8,1,1,0,2
1533864596022306,0,1,17,-2,-4,4,3,3
1533864596022306,-1,-1,0,-2,1,1,2,0
1533864596023204,-1,0,4,-1,1,-2,-2,-2
1533864596023204,0,10,-19,-8,-8,-4,-2,-4
1533864596046144,-1,-14,-3,5,2,1,-1,-1
1533864596046144,-2,-1,7,-1,4,0,-1,-2
1533864596046144,-1,-2,0,-1,-5,0,4,2
1533864596046144,-2,-5,-74,-8,-4,-8,-7,-4
1533864596059106,-1,-7,-48,-2,-8,-3,-6,-4
1533864596059106,-2,3,39,-2,11,2,-2,-2
1533864596067085,-3,-1,8,-6,-7,-1,0,-1
1533864596067085,-1,-9,7,2,0,-2,-1,-3
1533864596082045,-1,-2,-95,-3,-9,-4,-2,-4
1533864596082045,1,1,39,1,-6,-1,3,3
1533864596083043,-2,-2,-3,0,17,4,-4,1
1533864596083043,3,31,-22,-6,-5,-1,-2,-2
1533864596105019,-2,-15,57,17,16,4,1,1
1533864596105019,0,-6,-15,-5,-17,-13,-4,-1
1533864596105981,-2,-5,10,-8,-10,-1,1,0
1533864596105981,1,9,8,-1,0,0,0,0
1533864596119146,-3,0,25,5,2,-1,-4,-1
1533864596119146,-3,-19,-126,-15,-7,0,-4,-7
1533864596126925,2,12,74,15,14,2,4,2
1533864596126925,-2,-14,17,-4,-8,-1,-3,0
1533864596141888,-1,13,-6,-1,-3,-5,-5,-3
1533864596141888,2,8,34,6,8,2,1,0
1533864596142882,-2,3,-75,-8,-6,-6,-1,-3
1533864596142882,-2,-15,17,-8,6,0,-1,-1
1533864596164824,0,-12,64,8,2,-1,4,3
1533864596164824,1,3,0,3,-1,3,0,3
1533864596165821,-5,-10,-59,-14,-12,-3,-3,-3
1533864596165821,2,-17,52,36,10,4,5,2
1533864596178789,1,5,-37,-34,9,2,0,-1
1533864596178789,2,2,8,2,-23,0,-2,-1
1533864596186782,-1,0,-21,-6,-6,-2,-2,-3
1533864596186782,-3,-1,-27,-10,-6,-9,-5,2
1533864596202722,0,7,6,13,5,7,2,-2
1533864596202722,-1,1,-8,-3,12,2,3,0
1533864596203733,2,4,-14,0,1,-2,-1,0
1533864596203733,-5,0,82,1,-1,0,1,-1
1533864596225661,0,5,9,8,-9,-9,-6,-6
1533864596225661,-7,0,21,0,7,-2,2,-5
1533864596225661,1,-6,-9,9,-3,3,3,2
1533864596225661,0,-5,-22,-7,6,1,1,-1
1533864596238646,-4,0,-26,-6,-13,-5,-3,1
1533864596238646,4,5,47,-2,-14,-13,-8,-2
1533864596247602,4,1,30,11,11,3,-1,3
1533864596247602,3,0,11,-13,1,-6,-9,-9
1533864596262566,6,6,24,-5,-23,-15,-11,2
1533864596262566,18,4,-31,12,11,-4,-15,4
1533864596262566,8,1,21,15,7,17,14,21
1533864596262566,-27,-9,0,0,-3,2,4,-11
1533864596285504,-5,-5,-34,-30,-10,-3,4,5
1533864596285504,-1,-3,-10,-30,-2,-1,-1,2
1533864596286515,-9,4,-32,-3,-1,-4,-6,-4
1533864596286515,7,-5,-4,5,-1,1,-8,0
1533864596308442,2,3,12,24,2,1,0,-1
1533864596308442,-9,-5,-77,-48,-13,-1,-2,-5
1533864596308442,-4,-22,29,-1,3,-4,-5,-7
1533864596308442,-1,6,-74,-2,-2,-5,-1,1
1533864596322402,-2,-26,86,17,8,5,5,0
1533864596322402,-5,-3,42,21,9,5,5,0
1533864596323400,-1,-1,24,-8,-8,-8,-3,-2
1533864596323400,-2,-7,-23,-5,-4,-1,2,-4
1533864596345340,-5,-1,-47,-5,0,1,-1,-3
1533864596345340,1,1,-11,14,2,0,2,0
1533864596346354,-4,-3,-56,-17,-6,2,-4,-7
1533864596346354,5,6,87,22,10,5,3,7
1533864596367282,-5,8,-65,-16,-4,-1,-2,-5
1533864596367282,3,-7,46,19,1,3,0,-3
1533864596368279,-3,14,34,-2,0,-6,-2,-2
1533864596368279,-1,-21,-11,-7,-2,2,7,-3
1533864596382242,1,0,27,3,1,-2,2,0
1533864596382242,-2,-6,-27,-18,-10,-2,-4,-1
1533864596383240,-3,-7,-20,4,-3,-2,-4,-3
1533864596383240,1,5,-3,-15,-4,-2,-1,0
1533864596405184,1,10,-14,-1,-11,-11,-6,-3
1533864596405184,-7,-9,-17,6,9,8,6,-3
1533864596406179,0,2,-19,2,-1,0,7,1
1533864596406179,-3,2,-9,-11,-6,-5,-4,0
1533864596428122,-4,2,1,-1,-1,-7,-7,-5
1533864596428122,-1,5,7,-1,0,-3,-5,-4
1533864596429117,-2,-1,12,6,-2,1,4,-2
1533864596429117,5,1,-8,-1,4,7,0,5
1533864596442085,-3,-5,-7,10,-4,-7,-3,-1
1533864596442085,-4,1,-3,-5,-7,3,0,-2
1533864596443079,-3,-4,4,8,3,-6,-6,-6
1533864596443079,0,2,-12,0,-2,-3,-3,-1
1533864596465024,-2,2,9,-2,5,4,0,-2
1533864596465024,-5,-3,-3,13,3,-5,0,0
1533864596467016,-2,-1,-20,-5,-1,-3,-3,-3
1533864596467016,1,3,14,-4,-1,-3,-3,-1
1533864596487962,1,-1,15,-2,3,5,-1,-1
1533864596487962,-2,-2,-3,-5,-3,-2,2,1
1533864596489964,-1,-3,4,1,-1,0,2,1
1533864596489964,-1,-3,-19,-1,-4,-3,-3,-3
1533864596501925,-1,-4,-5,-5,0,-1,0,-1
1533864596501925,0,1,1,11,10,5,4,0
1533864596510898,-1,1,17,-7,-3,-2,-2,-1
1533864596510898,-3,-4,-11,3,-1,-7,-9,-4
1533864596524866,0,1,0,-2,-11,-1,7,4
1533864596524866,1,1,1,-10,13,2,-1,-3
1533864596526859,-5,-4,5,26,0,-3,1,-2
1533864596526859,-3,-5,-10,-16,-14,-4,-3,0
1533864596547802,0,-1,-6,-4,0,3,-2,-3
1533864596547802,0,-2,-15,-8,-2,-3,-3,-2
1533864596549804,1,2,-19,-10,9,2,-1,-4
1533864596549804,-2,-6,2,3,4,1,3,0
1533864596561936,-1,4,6,4,-3,-1,-3,-3
1533864596561936,-3,-7,-81,2,0,-2,-1,-1
1533864596570740,1,-17,41,-5,-4,-3,-3,-1
1533864596570740,-2,0,0,-1,-5,0,3,2
1533864596584866,-1,-4,0,-2,5,0,0,0
1533864596584866,-1,14,-6,1,-5,-5,-5,-3
1533864596586858,-2,-2,-27,-12,-4,-3,-5,-3
1533864596586858,2,1,60,17,4,1,2,2
1533864596607811,0,-1,0,-1,6,0,0,-2
1533864596607811,-4,-1,14,-2,-8,-1,-2,0
1533864596609796,-1,-5,-33,-18,-6,-4,-4,-2
1533864596609796,3,4,2,0,5,0,1,0
1533864596621767,-2,1,-71,-8,-6,-3,-2,-5
1533864596621767,-2,-7,-63,-10,-4,-2,-1,-2
1533864596630745,0,-13,96,13,3,3,1,4
1533864596630745,-3,-6,-15,2,-1,-1,-2,-1
1533864596645729,-1,0,1,-4,8,5,-1,-1
1533864596645729,-2,-10,20,4,-8,-1,1,2
1533864596646698,-1,15,-20,6,6,-4,0,-2
1533864596646698,-5,-10,-57,-8,-20,-6,-3,-5
1533864596675620,1,-3,21,1,3,2,-2,0
1533864596675620,3,12,95,14,6,-1,0,2
1533864596676625,-1,-1,6,2,1,0,0,-1
1533864596676625,0,9,17,-6,2,2,-1,-1
1533864596681604,-2,-2,-34,-10,-2,-1,-4,-4
1533864596681604,-1,-6,-22,-4,-3,-1,-4,-3
1533864596690579,5,23,43,5,-1,1,2,0
1533864596690579,-5,-5,-20,4,3,-2,1,1
1533864596705543,-2,8,-71,-10,-5,-3,-1,0
1533864596705543,1,-23,79,7,3,-1,2,1
1533864596706537,-2,5,-49,-13,-11,-3,-4,-8
1533864596706537,6,1,1,5,5,0,-2,-1
1533864596727482,-5,-7,127,15,4,3,8,8
1533864596727482,-8,11,6,1,-2,2,1,-1
1533864596729476,-4,-3,-30,-7,-4,-3,-3,-3
1533864596729476,-1,-3,-21,-2,-2,0,-2,-1
1533864596741650,2,9,-11,-1,-5,-4,-6,-5
1533864596741650,-1,-1,-20,0,-2,-2,-2,-2
1533864596750434,0,-5,4,-2,0,-1,0,-1
1533864596750434,-1,7,-6,-4,-2,-3,-4,-4
1533864596765380,0,-9,-51,-9,-3,-2,-2,-2
1533864596765380,0,21,-10,-7,-2,-5,-5,-4
1533864596767396,-2,-11,-82,-5,0,-2,1,1
1533864596767396,-4,-22,52,6,2,-1,2,3
1533864596788394,-3,0,50,6,0,3,3,0
1533864596788394,-3,-5,-14,0,-6,-3,-1,0
1533864596789326,-3,-5,-60,-22,-5,-5,-6,-5
1533864596789326,0,3,-53,-4,-1,-1,0,-1
1533864596801297,-2,-10,-33,-5,1,-1,-1,-4
1533864596801297,-3,12,3,-4,-5,-4,-3,-3
1533864596818272,0,-6,33,3,-2,3,0,3
1533864596818272,-1,-3,-16,-2,-1,0,-1,0
1533864596825229,2,2,23,2,-2,-1,-1,0
1533864596825229,-2,-4,-31,-5,1,2,0,-1
1533864596827214,-1,-3,-7,-1,-1,-2,-1,-1
1533864596827214,2,3,10,-2,-1,-1,-1,-1
1533864596848338,-1,7,-41,-7,-4,-4,-5,-3
1533864596848338,5,11,-89,-16,-1,-4,-4,-4
1533864596849156,0,-19,50,16,0,0,-1,1
1533864596849156,1,11,76,5,1,2,1,0
1533864596861124,-11,-15,-9,0,0,2,7,4
1533864596861124,1,12,86,8,-1,-2,0,1
1533864596870254,-2,2,22,2,1,4,1,0
1533864596870254,3,9,-13,0,1,-3,-2,-1
1533864596885213,1,-7,7,8,0,-3,-2,0
1533864596885213,-5,-17,5,-1,-1,3,2,2
1533864596887210,-3,5,-22,-3,-4,-1,-1,-3
1533864596887210,0,0,2,-3,-1,-3,-4,-1
1533864596908151,3,9,22,0,4,0,-3,-4
1533864596908151,1,-5,-3,2,-1,-1,-2,-1
1533864596909167,0,0,-15,-3,-3,-3,-2,-1
1533864596909167,-5,7,7,-19,-8,-3,-3,-4
1533864596921116,3,16,23,2,0,0,0,-2
1533864596921116,-6,-20,0,6,-1,-2,-1,-1
1533864596930093,-4,9,20,-7,1,-3,-4,-2
1533864596930093,-2,-12,-61,1,-1,-2,-2,-3
1533864596945271,2,9,-52,2,9,6,-1,-1
1533864596945271,6,4,109,42,11,4,3,5
1533864596947053,-12,-4,-37,-24,-10,-3,2,0
1533864596947053,-6,-1,-17,9,4,1,1,-1
1533864596967992,3,-1,70,-9,-4,-1,-1,-2
1533864596967992,3,-1,6,-5,-4,2,-3,-1
1533864596968997,6,-1,19,13,0,3,-2,-1
1533864596968997,0,-4,25,1,5,-2,1,1
1533864596981953,0,-11,-78,-7,-13,-5,-2,-4
1533864596981953,0,6,-19,-4,-2,-3,-1,-1
1533864596989932,1,-3,26,7,10,-5,-2,1
1533864596989932,-4,2,-35,-6,-5,-4,-5,-3
1533864597005131,1,9,-7,-2,-4,-3,-2,0
1533864597005131,-5,-16,-15,-1,-1,0,-1,-2
1533864597011114,-3,-12,22,9,-4,2,0,1
1533864597011114,-3,-5,-65,-19,3,0,1,-1
1533864597028071,1,7,23,1,-3,-4,-2,-1
1533864597028071,0,-32,68,-4,-3,-1,0,1
1533864597030063,2,4,29,21,3,2,-1,-2
1533864597030063,-1,-3,54,8,-7,0,1,-2
1533864597041034,-8,-11,-8,-5,7,-2,-1,-1
1533864597041034,-2,11,-120,-19,-11,-3,-3,-7
1533864597050010,-4,5,49,22,3,0,1,2
1533864597050010,0,-3,-28,-13,2,1,-5,-4
1533864597064973,2,2,-1,-9,5,-2,-3,-3
1533864597064973,-8,-4,-64,-5,-15,0,-2,-7
1533864597072163,3,-1,-12,-9,12,0,1,-1
1533864597072163,1,9,22,2,-11,1,0,2
1533864597087911,-5,-8,-51,-8,-13,-9,-5,-8
1533864597087911,4,-14,11,10,35,10,6,2
1533864597089903,-2,27,-11,-15,-30,3,-1,-4
1533864597089903,-1,-10,122,6,4,1,2,2
1533864597101871,-6,-15,-32,27,4,3,-1,1
1533864597101871,1,6,-3,-32,1,-4,0,1
1533864597110847,-1,8,-46,-11,3,-7,-4,-1
1533864597110847,-3,-1,6,24,0,-1,1,-1
1533864597124810,-8,-3,-66,-21,-11,-8,-5,-3
1533864597124810,1,13,34,31,10,-1,-1,0
1533864597131791,2,-13,-60,-37,-3,-2,-6,-5
1533864597131791,-1,9,1,-15,-13,-3,3,-2
1533864597147752,14,13,70,14,29,5,3,10
1533864597147752,4,-7,19,33,13,-1,-3,-5
1533864597149744,-1,13,79,-58,-56,-9,5,8
1533864597149744,2,-6,-107,2,20,3,-2,-7
1533864597161715,-7,8,60,91,-2,6,7,4
1533864597161715,-5,-10,-32,-70,-11,-4,0,0
1533864597170687,-3,-11,28,58,19,-2,-6,-4
1533864597170687,-9,-25,-33,14,8,-1,-3,-1
1533864597184650,4,3,-17,13,2,0,0,-4
1533864597184650,5,19,24,-41,4,-2,-7,-3
1533864597191631,-5,-5,-54,16,5,-1,-2,-4
1533864597191631,0,12,-3,-12,-8,-1,1,1
1533864597207643,0,-6,8,24,16,4,0,-1
1533864597207643,-6,1,-4,27,-3,-2,-3,0
1533864597209622,4,-7,-13,6,4,-3,-3,-5
1533864597209622,2,19,85,-9,-11,-4,-2,2
1533864597230569,4,-5,-67,-22,-13,0,-2,-5
1533864597230569,-8,-43,44,-59,-18,0,8,6
1533864597231563,2,-10,-60,-2,-2,-3,-1,0
1533864597231563,-13,-12,34,-28,-13,-3,-5,0
1533864597244532,-8,-8,-41,-38,-30,-6,-9,-6
1533864597244532,-3,15,-24,19,12,1,0,1
1533864597251510,4,-4,-33,13,11,7,1,-2
1533864597251510,-1,-5,-41,23,16,-2,-2,-2
1533864597267468,1,-5,39,-62,-8,-1,-2,0
1533864597267468,-2,2,-36,16,-10,-1,0,-1
1533864597269462,2,6,31,9,16,2,3,0
1533864597269462,4,-4,-19,41,7,1,-2,-1
1533864597290406,-6,-2,-9,-26,-3,0,2,1
1533864597290406,11,8,-44,72,26,1,-1,-3
1533864597292401,-15,3,-18,-84,-38,-11,-8,-6
1533864597292401,1,5,-84,23,-9,0,-1,-4
1533864597304372,-2,16,99,-6,8,3,5,7
1533864597304372,-11,-12,-112,-14,-12,1,-4,-3
1533864597311349,4,6,8,4,9,-1,-1,3
1533864597311349,-3,4,17,-12,-1,-1,-1,-1
1533864597328307,0,-7,-12,44,7,-3,-1,-2
1533864597328307,-2,11,-7,-28,-19,-10,-6,-4
1533864597329318,-2,2,6,-24,-5,3,-1,-2
1533864597329318,5,-5,-16,-3,10,-1,-1,0
1533864597352241,1,-4,-16,2,2,-1,0,0
1533864597352241,-1,5,40,8,-8,-1,1,0
1533864597353237,-1,-9,14,11,5,0,0,-1
1533864597353237,2,5,-3,-11,4,1,-1,1
1533864597364211,0,-14,-11,-4,-12,-5,-4,-2
1533864597364211,-10,-5,14,12,-13,-5,-5,-2
1533864597373199,0,-5,-10,21,12,3,2,1
1533864597373199,3,1,7,0,-7,0,1,-2
1533864597388148,-6,3,51,4,3,0,-3,-2
1533864597388148,6,0,-48,-1,0,-5,-2,-2
1533864597389142,2,3,-22,33,27,5,0,0
1533864597389142,5,16,62,-51,-29,-1,1,3
1533864597410089,-4,-7,-101,-30,-35,-10,-3,-5
1533864597410089,-11,-10,10,29,12,-3,-3,-2
1533864597412080,-7,1,21,-12,-10,2,-1,0
1533864597412080,1,3,-43,-2,3,-4,-5,-6
1533864597424048,8,3,-56,-7,26,10,4,3
1533864597424048,1,13,115,-23,-33,-3,4,6
1533864597433037,-2,-4,-30,30,24,-1,0,-1
1533864597433037,-4,-9,-19,-15,-7,-1,-2,1
1533864597447984,-3,-5,-3,15,1,-2,-3,-5
1533864597447984,2,-16,-2,-2,6,1,-1,-2
1533864597448998,3,-13,-51,2,2,1,-1,-3
1533864597448998,-5,-8,-2,5,3,0,-2,-3
1533864597469929,-1,0,33,-8,-9,-4,1,0
1533864597469929,-1,12,-41,4,-9,-4,-5,-5
1533864597471920,-3,-5,50,-5,-15,-5,-2,-1
1533864597471920,4,-3,23,14,12,-1,3,5
1533864597483892,-6,-19,-101,-15,-8,1,-1,-2
1533864597483892,-3,4,-12,16,21,6,3,1
1533864597492864,-7,-6,-2,-23,-36,-5,-3,-2
1533864597492864,-3,-5,-31,15,5,-2,-6,-3
1533864597507824,0,-1,11,2,5,0,0,1
1533864597507824,1,-10,65,-4,0,3,3,1
1533864597509818,1,9,27,23,25,1,1,2
1533864597509818,-4,-4,-12,-10,-6,-2,0,-1
1533864597530772,-3,0,63,5,-9,-3,-3,-1
1533864597530772,1,-2,-48,4,-3,1,-1,-3
1533864597531760,9,-11,-56,-19,12,1,-1,-5
1533864597531760,-4,11,59,3,-6,3,0,1
1533864597543728,-1,9,17,19,7,-5,-4,-3
1533864597543728,-4,3,-5,-33,-18,-4,-2,-2
1533864597558698,4,2,30,6,-3,-2,1,6
1533864597558698,-5,-6,-26,5,-1,-1,-3,-9
1533864597567664,3,5,-6,-3,-2,-1,0,-2
1533864597567664,9,0,-35,-9,10,1,-2,-5
1533864597569659,-1,3,88,-10,-23,-8,2,4
1533864597569659,-9,-6,-30,21,1,2,1,0
1533864597590603,-3,9,56,-14,8,5,4,2
1533864597590603,-4,-10,-42,19,-5,-4,-3,-1
1533864597591600,-4,-3,-33,-3,-29,-7,-6,-5
1533864597591600,7,-7,-16,-11,9,-1,-1,2
1533864597603568,-3,-1,-1,-2,2,-1,-1,-3
1533864597603568,0,5,34,-14,11,0,-2,-1
1533864597620529,-2,-5,-3,9,-3,2,2,-2
1533864597620529,-2,-2,-17,-12,2,-3,0,-4
1533864597627529,-2,-6,-34,-9,-4,-5,2,0
1533864597627529,-3,8,-8,19,-1,0,-8,-11
1533864597629524,-3,7,8,-31,4,1,-3,0
1533864597629524,3,-8,10,-2,-8,-1,-2,0
1533864597650468,-3,-4,3,-15,-3,-1,-3,-4
1533864597650468,1,5,-28,-17,-2,-1,3,4
1533864597651473,-4,-1,-5,21,7,2,-1,-1
1533864597651473,-2,12,-70,-5,-1,0,0,-2
1533864597664436,4,14,3,-6,-2,-4,-3,2
1533864597664436,-1,-3,5,-4,11,-4,0,1
1533864597673422,0,-11,-71,-28,-27,-7,-4,-6
1533864597673422,-5,-14,-48,15,2,2,1,1
1533864597688370,-1,13,101,-9,-7,-2,-1,0
1533864597688370,-3,-1,-13,-12,-4,2,-1,2
1533864597689364,2,17,18,30,26,5,1,1
1533864597689364,-2,-4,38,4,-7,-7,0,2
1533864597710311,-5,-12,-27,25,-4,1,-3,-3
1533864597710311,-2,-10,-44,-4,-1,-2,-3,-2
1533864597712303,1,-1,6,9,12,1,0,1
1533864597712303,3,5,14,-5,-5,-4,-3,-3
1533864597724274,2,-2,20,-6,3,1,-1,-2
1533864597724274,0,2,8,11,-2,2,9,18
1533864597733247,-7,-3,-16,-8,1,0,-7,-21
1533864597733247,-3,-1,14,-11,-12,-4,-4,-1
1533864597748210,-1,-3,-37,28,5,-1,-3,-4
1533864597748210,-1,-4,0,-40,-7,-4,0,-1
1533864597749203,0,3,32,44,30,4,3,7
1533864597749203,-1,-2,5,-26,-34,-6,-2,1
1533864597770151,-5,1,46,-2,9,4,1,0
1533864597770151,-3,1,3,5,-6,-1,-3,-5
1533864597772143,-5,-2,-11,37,-4,-4,-4,1
1533864597772143,2,-8,-70,-44,22,5,3,-4
1533864597784110,-4,-9,-25,0,-11,-5,0,2
1533864597784110,-1,4,14,9,-1,-5,-6,-14
1533864597793087,1,11,62,-18,-4,0,0,0
1533864597793087,3,-13,48,47,15,1,1,2
1533864597808074,-3,-8,-58,-64,-23,-4,3,13
1533864597808074,3,-11,89,23,7,-3,-5,-11
1533864597809044,-4,-18,-1,-24,-17,-3,0,1
1533864597809044,-1,3,-21,-6,1,-1,-3,-2
1533864597830985,5,9,-11,33,11,3,1,1
1533864597830985,-5,0,0,-6,-10,0,-1,-2
1533864597831982,2,-5,-46,52,20,0,-1,-1
1533864597831982,4,0,35,-74,-39,-5,-1,-1
1533864597843953,-5,-7,-22,16,14,-1,-3,-5
1533864597843953,2,0,-29,-1,2,0,1,0
1533864597852926,0,4,-6,-15,-6,-2,-3,-2
1533864597852926,-1,8,9,31,15,2,0,2
1533864597867890,3,-1,5,-15,2,-1,-1,-3
1533864597867890,-2,0,76,14,-8,-5,-2,3
1533864597869881,0,6,-4,-35,-7,2,8,12
1533864597869881,0,2,-1,4,3,0,-7,-16
1533864597890828,9,13,34,-23,-5,-3,-5,1
1533864597890828,-7,-16,35,14,5,1,4,1
1533864597891822,1,5,-20,-12,-6,-4,-1,0
1533864597891822,-8,-1,23,26,3,-3,2,5
1533864597903794,-3,-18,-54,-13,-9,-1,-2,-8
1533864597903794,1,10,-38,-10,-4,-3,-1,3
1533864597912766,-1,6,-76,-9,-8,-2,-3,-4
1533864597912766,0,11,62,7,1,3,2,6
1533864597927729,0,-7,14,10,8,3,-1,5
1533864597927729,-5,0,-11,-5,-4,-2,-1,-7
1533864597929721,-2,-7,5,-15,-2,1,-2,-2
1533864597929721,-1,-3,-24,22,0,-2,-5,-3
1533864597950665,3,0,4,-1,-7,-2,3,6
1533864597950665,-3,7,-14,-13,-6,-2,-3,0
1533864597951662,3,-5,-3,14,8,0,0,-6
1533864597951662,-1,-18,-86,-29,-6,-2,5,8
1533864597972606,-1,1,60,16,1,-2,-9,-17
1533864597972606,-5,-12,-32,2,-5,2,3,12
1533864597974601,6,16,60,-5,1,1,6,18
1533864597974601,-6,-15,-49,13,3,-5,-15,-35
1533864597987567,-7,-7,-10,-16,-3,1,3,-3
1533864597987567,4,-8,-25,1,0,1,-1,0
1533864597989561,-5,-3,-17,-5,-9,-5,-2,-6
1533864597989561,0,13,7,20,6,1,4,9
1533864598010506,3,5,15,-22,-3,-3,13,20
1533864598010506,3,0,-21,-2,6,-1,-16,-32
1533864598011503,1,-25,-76,-5,-6,-1,-3,8
1533864598011503,-6,-2,-9,-4,0,0,-9,-25
1533864598023677,-6,1,19,23,2,0,-3,-1
1533864598023677,5,8,52,2,-1,-1,20,25
1533864598033443,-12,-19,65,-8,-3,0,-19,-27
1533864598033443,12,26,102,8,3,-2,3,2
1533864598048404,-6,-10,-19,11,2,-2,-7,-3
1533864598048404,-4,-4,-44,5,1,1,2,-4
1533864598049401,-9,-6,-29,-7,3,-1,2,2
1533864598049401,-4,-2,-17,-30,3,-2,2,9
1533864598070345,0,5,6,44,13,2,-2,-7
1533864598070345,6,5,-5,-21,-2,-3,-2,6
1533864598072340,0,-1,-27,11,-20,-6,-6,-7
1533864598072340,-1,2,0,-3,9,1,0,4
1533864598084310,2,0,-4,43,11,2,3,2
1533864598084310,-9,0,-6,-12,-3,2,-5,-6
1533864598093287,2,6,28,17,7,3,5,6
1533864598093287,-1,-5,20,1,-1,-4,3,11
1533864598108248,1,17,-16,-52,-34,-7,-10,-13
1533864598108248,7,-5,5,36,11,0,1,1
1533864598109244,-14,-7,0,-22,0,2,0,-6
1533864598109244,2,7,26,30,10,2,4,8
1533864598130191,1,-4,-34,-5,4,-1,-1,-7
1533864598130191,2,-5,74,-11,1,2,-3,3
1533864598132180,-5,-2,-11,-24,-4,-5,3,-2
1533864598132180,-1,-10,-23,14,-3,1,-1,-1
1533864598153132,2,-11,-50,-8,-5,-4,-3,-2
1533864598153132,-10,6,16,-18,-11,-1,-1,-4
1533864598154121,5,0,48,65,17,-1,-2,1
1533864598154121,-7,-8,6,-56,-34,-4,-3,-1
1533864598168088,-8,-4,-24,2,-5,-6,-4,-3
1533864598168088,6,3,-40,11,20,4,0,1
1533864598169083,3,7,13,-21,-5,0,-3,-1
1533864598169083,0,-19,-25,51,9,-3,-1,1
1533864598190030,2,6,24,-47,-8,-3,1,2
1533864598190030,-4,-3,-11,-6,-13,-1,-2,-1
1533864598192021,1,-2,19,-9,14,4,2,2
1533864598192021,4,11,5,-5,-1,3,1,1
1533864598212967,2,-5,4,28,40,1,-1,-2
1533864598212967,-11,-5,-17,-9,-50,-11,-5,1
1533864598214962,-3,3,-28,-22,-2,-4,-4,-8
1533864598214962,1,-4,-12,7,6,1,1,0
1533864598227923,0,-3,-7,-17,-27,-2,-1,3
1533864598227923,1,7,-12,3,20,0,0,-1
1533864598229933,0,-9,-9,-2,-22,0,3,3
1533864598229933,1,2,82,10,10,1,1,1
1533864598250862,1,-2,30,-33,-7,2,1,2
1533864598250862,-2,-2,-19,-11,-1,-6,-3,0
1533864598251861,-6,1,2,21,-4,-4,-4,-1
1533864598251861,-2,2,-21,-6,12,-1,0,-7
1533864598272804,0,1,-12,12,-8,0,-2,0
1533864598272804,2,-4,37,9,4,4,3,1
1533864598274798,8,9,52,-25,6,1,1,1
1533864598274798,-6,-3,-21,2,-3,-6,-4,1
1533864598287767,-2,0,1,2,-5,1,0,-3
1533864598287767,-3,7,-20,20,3,-6,-3,-3
1533864598289757,3,3,-10,-8,2,-1,1,2
1533864598289757,-3,-1,-14,-1,-6,0,-2,-1
1533864598310705,-3,-1,15,27,11,-1,0,0
1533864598310705,1,-4,-18,-7,2,1,-2,-2
1533864598311699,-1,-2,-15,3,-9,-4,-3,-2
1533864598311699,1,0,-6,-31,-19,0,-1,0
1533864598332645,-1,-3,-21,4,5,0,0,0
1533864598332645,4,-1,1,-10,3,3,2,2
1533864598334638,-4,-3,-11,17,1,-4,5,0
1533864598334638,-8,-1,-3,-14,-9,-2,-14,-24
1533864598346609,2,7,-58,7,2,-3,-3,-1
1533864598346609,1,-18,-95,1,0,-3,-4,-10
1533864598355583,-1,14,46,14,11,7,3,1
1533864598355583,1,-6,-35,-57,-32,-8,2,10
1533864598370542,-10,-20,17,-3,-2,-2,-4,-7
1533864598370542,4,1,-17,-5,9,1,-2,-5
1533864598371539,1,-4,-40,19,4,-1,-2,2
1533864598371539,-1,-2,-9,-7,-1,0,1,2
1533864598392487,-2,7,2,0,-16,-7,-6,-1
1533864598392487,-1,5,29,-1,1,-1,2,4
1533864598394478,0,-5,2,2,5,3,0,-3
1533864598394478,5,5,21,33,22,3,2,4
1533864598407650,-1,-6,3,-32,-4,-2,0,-3
1533864598407650,-2,3,16,-10,-17,-5,-1,-1
1533864598414427,-7,-8,-11,15,3,-6,-4,-2
1533864598414427,-1,-3,-13,6,-14,0,-1,-2
1533864598430500,0,-5,3,6,-1,0,0,0
1533864598430500,-4,-2,9,9,17,1,1,0
1533864598432389,2,5,-9,-30,-28,-2,-1,-1
1533864598432389,-3,-6,-51,-9,9,3,2,0
1533864598453325,1,4,22,42,10,2,-1,3
1533864598453325,-5,1,16,-21,-3,-3,-4,-2
1533864598454318,1,6,-28,-7,-2,-4,-6,-5
1533864598454318,-2,-6,5,14,7,-1,2,2
1533864598467287,3,-2,0,-14,1,1,2,1
1533864598467287,2,10,4,7,-2,0,-3,-1
1533864598474264,0,-1,-8,-8,-10,-3,-1,1
1533864598474264,2,-1,2,-4,1,-2,2,3
1533864598490225,-1,4,-16,4,1,-1,-3,0
1533864598490225,-7,-11,15,6,-4,-4,-5,-13
1533864598492217,1,-5,6,-6,4,1,-1,-2
1533864598492217,0,2,9,-3,1,-3,-2,-3
1533864598513161,0,-7,-16,-9,-11,-4,1,2
1533864598513161,1,12,-77,12,0,0,0,0
1533864598514159,-1,-13,-9,-40,-3,0,-2,-2
1533864598514159,1,-1,4,-7,-1,-2,0,1
1533864598527124,-4,0,8,-1,1,0,0,-1
1533864598527124,0,7,-11,-6,-2,-1,-3,1
1533864598534140,4,-9,6,32,16,2,1,1
1533864598534140,-4,0,-11,-23,-20,-7,-4,3
1533864598550147,-5,-4,-6,-5,-3,0,-7,-15
1533864598550147,-6,-21,8,-2,0,1,2,2
1533864598552057,0,5,1,0,2,-2,1,0
1533864598552057,0,-2,11,14,8,2,3,-3
1533864598573001,-1,-2,13,-8,-6,-1,0,3
1533864598573001,3,-4,12,0,0,-2,2,3
1533864598574999,-6,-5,-25,-7,-9,-2,-3,-3
1533864598574999,0,-18,-5,10,4,0,-2,3
1533864598586963,0,5,33,3,1,-2,-2,-3
1533864598586963,0,5,59,6,-1,-2,-1,1
1533864598593947,-1,-16,66,-1,0,-1,0,3
1533864598593947,-1,-1,17,1,-3,0,-1,-1
1533864598610903,-2,-1,3,3,5,0,1,3
1533864598610903,1,-5,12,-7,-1,-1,0,-1
1533864598611896,3,0,-17,1,-1,1,2,-1
1533864598611896,-1,-2,0,10,1,-2,-4,-4
1533864598632863,-3,-3,4,2,0,-2,-1,1
1533864598632863,-1,3,-5,-3,-4,-3,0,-1
1533864598634835,1,-3,-57,-10,-3,-3,-4,-2
1533864598634835,0,11,8,11,26,4,3,0
1533864598646806,2,0,-17,-16,-15,0,1,0
1533864598646806,-14,-7,-19,-18,-26,-14,-10,-5
1533864598653785,-3,-1,-5,-1,-8,3,-1,-2
1533864598653785,1,5,-9,-3,-7,0,-1,-4
1533864598670740,0,3,-25,13,17,4,2,0
1533864598670740,5,-20,35,8,12,4,4,4
1533864598671737,2,3,27,-11,10,-3,-2,-3
1533864598671737,-7,1,-4,14,-12,-5,-4,-5
1533864598692686,2,-1,-10,-9,-5,-2,-2,-2
1533864598692686,0,8,-8,-1,0,3,1,-1
1533864598694676,-1,3,-6,19,9,1,-1,-3
1533864598694676,1,-1,8,-8,1,5,2,0
1533864598706646,-2,-4,4,9,0,-8,-5,-2
1533864598706646,1,-1,-8,-4,11,-1,-2,1
1533864598715620,-4,-2,5,-8,-8,-6,-3,-1
1533864598715620,-2,2,-11,-2,0,1,-2,-2
1533864598730582,3,1,5,8,9,3,2,1
1533864598730582,-4,1,-8,-18,-57,-6,-3,-3
1533864598732574,4,8,7,31,45,8,4,0
1533864598732574,-9,-4,-15,-74,-60,-13,-5,-1
1533864598752541,-2,-4,7,7,39,3,-1,1
1533864598752541,-1,0,2,-9,-38,-7,-4,-3
1533864598754515,-3,9,-82,-7,-6,-2,-4,-2
1533864598754515,2,-17,38,33,30,4,0,0
1533864598766485,-5,-5,24,-28,-20,-3,-2,-1
1533864598766485,3,5,-7,-16,11,4,2,2
1533864598775461,-1,1,-11,-11,-18,-2,-3,-1
1533864598775461,-1,3,-17,27,15,-1,1,-2
1533864598790419,0,7,-12,-5,-13,0,-2,-2
1533864598790419,1,-12,3,13,13,1,-2,-1
1533864598792414,-2,-3,21,-4,-3,-2,-2,-1
1533864598792414,-1,5,4,-6,-4,-6,0,-1
1533864598813439,-4,-6,-2,-4,-12,-1,0,-1
1533864598813439,1,6,-7,13,16,0,-3,-2
1533864598814382,-1,2,22,13,-9,-2,-1,-1
1533864598814382,0,3,10,-8,0,4,-2,-1
1533864598826331,-1,-4,-17,-28,-9,-2,-2,-1
1533864598826331,0,-2,-12,14,12,-1,-1,-1
1533864598835298,-5,-9,6,-7,-11,-5,-2,-1
1533864598835298,5,5,-3,7,13,7,1,-1
1533864598850263,-4,-2,-1,3,6,-16,-4,-3
1533864598850263,-5,-2,-13,-2,-30,-8,-5,-2
1533864598852255,0,1,25,20,2,4,2,3
1533864598852255,-1,0,-8,-41,-4,0,-1,-2
1533864598873198,3,2,3,11,7,4,3,1
1533864598873198,-2,1,-22,-46,-5,-11,-2,-1
1533864598874195,0,-17,9,8,-22,-4,-3,-2
1533864598874195,-8,-4,10,-9,-4,-7,-4,0
1533864598886163,8,-10,-2,42,3,7,1,-1
1533864598886163,-1,7,20,11,19,3,-1,0
1533864598895139,-2,-7,-25,-22,3,-2,-1,-2
1533864598895139,5,5,1,10,11,-1,-1,0
1533864598909101,-1,0,14,-8,-3,-4,-1,-2
1533864598909101,-1,-4,-10,15,1,4,0,-1
1533864598918077,-1,5,1,-16,4,0,0,-2
1533864598918077,0,-4,-4,19,9,2,-1,0
1533864598933038,-3,5,-8,-14,-23,-2,-2,-1
1533864598933038,-2,7,7,-1,16,5,3,1
1533864598934046,-3,-3,-3,5,-10,-4,-1,1
1533864598934046,-4,-8,6,-7,-17,-7,-5,-4
1533864598947001,-2,-10,-13,28,2,-1,-2,-4
1533864598947001,2,-7,0,-4,11,0,-2,-2
1533864598955977,-2,5,3,-8,-9,2,-1,1
1533864598955977,-2,-2,-2,-5,-6,-7,-3,0
1533864598969943,-2,3,3,-5,14,2,0,0
1533864598969943,0,0,5,17,11,3,0,-3
1533864598976921,0,0,-5,-8,1,-2,0,-2
1533864598976921,2,4,-16,8,-4,1,0,-2
1533864598992881,-2,-17,23,2,2,4,0,1
1533864598992881,0,3,8,-16,5,-1,1,2
1533864598994873,-1,-3,-1,21,-13,-3,-2,-1
1533864598994873,-1,-8,-11,-12,0,-1,-2,0
1533864599006925,-3,5,-10,-8,-5,-6,-2,-1
1533864599006925,0,1,6,-19,-2,1,0,-3
1533864599015830,-1,-4,2,-4,10,-3,-2,-2
1533864599015830,2,0,-4,3,12,4,1,-2
1533864599030960,-2,1,-13,17,-33,-6,-2,0
1533864599030960,-3,-2,38,-27,-7,-1,-1,1
1533864599031773,0,4,1,-4,5,-2,-3,1
1533864599031773,-1,-1,-1,11,-5,0,-2,0
1533864599052720,-6,17,5,3,10,5,2,0
1533864599052720,0,-2,-7,-8,-5,-2,-1,-2
1533864599054725,-3,-3,-4,-7,4,0,-3,-4
1533864599054725,-1,0,6,2,-2,0,-1,0
1533864599066680,0,-4,-4,-8,4,0,-2,-2
1533864599066680,-1,-6,-15,7,-27,-5,-2,-3
1533864599075655,0,1,5,-22,-7,-2,0,-1
1533864599075655,-1,-2,-7,17,10,-2,-1,-3
1533864599090616,-1,4,0,7,0,0,-2,-1
1533864599090616,1,2,-6,-5,2,-1,0,-1
1533864599091613,0,1,5,5,2,-1,0,3
1533864599091613,-5,0,-1,-3,-9,-2,-4,4
1533864599112561,3,-7,9,-17,3,-3,-3,-6
1533864599112561,-1,-4,0,41,16,6,4,4
1533864599114566,-4,-2,-11,-71,-8,-4,-4,7
1533864599114566,0,5,-17,-22,-23,-3,-1,-9
1533864599135499,2,-5,8,31,22,-2,0,1
1533864599135499,-2,-1,38,-17,3,-1,-3,-6
1533864599136493,-5,-1,-3,12,-9,-5,0,-2
1533864599136493,-3,9,-15,8,8,1,1,-1
1533864599150455,0,-2,-4,-28,-12,2,-2,-1
1533864599150455,-2,1,-17,6,-2,-1,0,0
1533864599151461,-1,1,2,-5,6,3,6,1
1533864599151461,0,3,16,-23,-6,-3,-7,-9
1533864599173396,-3,-3,-14,7,-12,-3,-3,-4
1533864599173396,1,-3,-4,17,8,2,1,6
1533864599174391,0,1,-9,7,6,-2,-3,-7
1533864599174391,-1,-5,-6,-8,-24,-2,-2,4
1533864599195336,1,2,7,-6,19,1,5,3
1533864599195336,3,5,-7,0,-22,-4,9,7
1533864599197331,-5,-5,-2,23,6,-5,-17,-20
1533864599197331,0,9,-22,7,6,2,-2,-8
1533864599210299,0,2,57,-8,-11,-3,-5,-5
1533864599210299,-4,1,15,16,4,-3,-3,0
1533864599212291,2,3,5,-11,1,5,8,6
1533864599212291,-1,-8,42,29,10,-3,2,2
1533864599233251,3,8,17,-15,7,2,6,9
1533864599233251,-3,-2,-22,-6,-1,-4,-10,-9
1533864599234235,6,-5,1,4,-11,0,1,0
1533864599234235,-6,-6,-10,15,4,-4,-2,0
1533864599255180,-3,-4,-3,4,6,-1,6,22
1533864599255180,-5,-6,1,-2,-4,0,-1,-16
1533864599257182,-1,3,-9,15,5,0,-8,-6
1533864599257182,4,-2,-16,-22,-3,0,5,2
1533864599270139,-7,-7,-27,10,-3,-6,7,8
1533864599270139,3,2,-14,0,-2,0,-3,52
1533864599276120,-10,2,49,4,-4,0,-15,-64
1533864599276120,0,15,-31,-1,-3,-4,-1,-2
1533864599293075,2,-1,3,-19,-11,0,-4,-7
1533864599293075,6,1,-8,7,6,0,8,19
1533864599294073,1,-20,-84,7,-5,-5,-10,-28
1533864599294073,-10,-1,53,-37,-4,-4,-9,-17
1533864599315016,-2,3,-8,6,-3,-1,-3,-7
1533864599315016,-2,1,0,-15,-4,1,0,-10
1533864599317011,2,6,-25,-2,-2,-1,9,32
1533864599317011,-3,-4,-2,11,15,0,-1,-5
1533864599329979,-1,-6,-25,5,-21,-3,-5,0
1533864599329979,-1,-3,3,-1,4,3,-1,-13
1533864599336957,1,3,28,20,-1,-2,1,9
1533864599336957,-2,-15,-13,-1,-1,-3,1,10
1533864599352919,-1,-5,3,1,12,1,-3,-7
1533864599352919,-1,12,-59,-2,-8,-3,-3,-7
1533864599354910,-3,-6,30,4,0,-1,11,14
1533864599354910,1,4,-11,5,0,0,-5,-9
1533864599375856,2,-3,43,0,-5,-4,-2,5
1533864599375856,-10,-6,-2,1,3,0,-7,-30
1533864599377854,0,-1,-3,-16,-2,2,4,12
1533864599377854,2,2,-14,5,-5,-1,3,7
1533864599389819,-3,-13,-16,-10,0,-1,-3,-1
1533864599389819,0,-4,5,4,7,-4,-2,-1
1533864599396800,-1,3,31,23,2,0,3,11
1533864599396800,0,-7,-6,-51,-12,-2,0,6
1533864599412758,-1,4,-19,-10,-2,-4,-3,-12
1533864599412758,-2,-7,11,1,0,-4,-3,-3
1533864599414748,-1,-3,-23,-7,-7,-2,-1,2
1533864599414748,1,1,5,15,2,1,2,5
1533864599435697,-2,4,-14,-4,-2,-1,-1,-2
1533864599435697,0,-10,11,-2,0,0,-2,-3
1533864599436706,4,8,3,-12,-4,0,0,2
1533864599436706,-2,-8,1,19,3,-2,-2,-1
1533864599449656,-4,-7,-7,-43,-17,-1,-5,-5
1533864599449656,4,3,8,22,14,2,-1,-3
1533864599456637,5,5,-4,2,-2,-3,3,7
1533864599456637,-3,5,8,20,-8,-4,-1,1
1533864599473596,-6,-6,-18,-7,-20,-3,-4,-7
1533864599473596,-2,-4,-1,-2,5,-1,-1,1
1533864599474589,0,-13,9,2,3,8,3,4
1533864599474589,-6,-9,-2,11,-5,-4,-2,-6
1533864599495536,3,9,-2,-20,-2,-1,4,3
1533864599495536,0,-1,-3,2,2,-3,-8,-11
1533864599497537,-2,6,8,5,12,-2,-3,-5
1533864599497537,3,-5,-4,-55,-33,-2,1,7
1533864599509499,-3,0,-10,21,8,-1,-7,-14
1533864599509499,3,1,0,-15,-9,1,6,8
1533864599516477,0,15,-32,6,8,-5,-5,0
1533864599516477,-3,-8,2,-2,15,-1,-3,-5
1533864599533435,0,-1,-18,4,-13,-2,0,4
1533864599533435,-2,1,31,-22,-6,-3,-2,1
1533864599534432,-6,-2,-3,-2,-4,-2,-1,0
1533864599534432,1,-1,5,10,2,1,3,2
1533864599555373,2,2,-2,2,6,3,-2,-1
1533864599555373,-3,-7,-14,21,8,0,-2,-4
1533864599557369,3,1,-10,-12,-3,-1,1,1
1533864599557369,-8,-12,13,8,-21,-5,-5,-1
1533864599569336,1,-2,5,8,20,3,1,-2
1533864599569336,2,0,-3,3,-9,3,0,3
1533864599576342,-7,-7,3,-2,12,-4,-4,-7
1533864599576342,5,3,-9,-34,-5,4,0,0
1533864599592340,-1,0,-6,12,8,-4,-4,-2
1533864599592340,-1,-2,0,15,-6,-1,-2,1
1533864599594269,0,-7,-2,9,-1,-3,-2,0
1533864599594269,3,5,-2,19,20,2,2,0
1533864599615253,-7,-1,4,-20,-15,-1,0,-1
1533864599615253,1,3,13,-19,-7,-2,1,-3
1533864599617212,-1,-7,6,9,4,-3,-4,-1
1533864599617212,0,1,-7,-6,-5,0,-1,-2
1533864599629177,6,5,7,30,36,3,4,9
1533864599629177,0,1,-7,-4,-11,-3,-2,-6
1533864599638152,-7,0,-17,-16,-13,-4,-1,8
1533864599638152,-3,-18,37,1,-11,-2,-5,-10
1533864599653114,1,-3,-5,3,-7,-2,0,0
1533864599653114,2,9,42,13,18,3,2,-1
1533864599655106,3,1,10,-32,-7,-5,4,14
1533864599655106,-10,1,-19,9,-13,-6,-9,-10
1533864599675056,1,1,13,5,7,2,0,-5
1533864599675056,-3,-8,-14,8,-3,-4,-2,-2
1533864599677051,-8,-4,-1,9,-6,2,-3,-7
1533864599677051,4,1,0,3,17,1,4,10
1533864599689018,-5,-3,-7,-7,-19,-3,-2,-1
1533864599689018,-1,-1,-13,10,17,-1,-1,0
1533864599698007,0,-2,1,-23,-36,1,1,-1
1533864599698007,0,2,-8,14,19,0,1,-2
1533864599712953,-1,-1,-8,-18,-14,-4,0,3
1533864599712953,-3,-5,-10,-1,4,-2,-4,-10
1533864599713951,0,-1,8,4,4,1,0,-5
1533864599713951,0,0,3,4,-1,-1,-1,0
1533864599734894,3,0,-6,-2,4,-2,0,0
1533864599734894,-5,-5,-12,-18,-13,-4,0,6
1533864599736905,0,-2,4,8,10,-1,-4,-6
1533864599736905,2,19,-39,-15,0,1,1,-3
1533864599748861,-11,-25,-23,-7,-17,-6,-2,-2
1533864599748861,-4,2,5,-11,-5,-2,-2,0
1533864599757845,2,1,7,-11,-5,0,-1,-2
1533864599757845,2,3,-8,23,26,2,2,3
1533864599773004,-1,1,-10,12,-6,-4,-3,-4
1533864599773004,-2,-4,-11,-4,-9,-1,1,2
1533864599774815,1,-2,3,4,12,2,-1,-5
1533864599774815,-2,-4,15,-31,-24,0,-1,3
1533864599795733,2,2,4,-1,5,1,-3,-2
1533864599795733,1,-5,-2,10,-2,-2,0,0
1533864599796727,-3,-4,-5,16,4,-2,0,0
1533864599796727,-2,-3,4,20,8,-1,0,-1
1533864599809693,0,5,12,-5,6,2,-1,-1
1533864599809693,6,3,-6,-45,18,0,0,5
1533864599817672,0,-4,-7,-15,-54,-3,0,-4
1533864599817672,-5,-7,-3,0,-3,-8,1,14
1533864599832634,-10,-5,5,22,12,-1,-13,-39
1533864599832634,-3,-2,-2,16,4,2,1,0
1533864599834626,3,-1,2,-9,9,-1,-2,-1
1533864599834626,4,-1,4,-2,0,1,4,4
1533864599855571,3,3,0,-4,-6,0,4,8
1533864599855571,-1,-1,0,-7,-2,0,-2,-2
1533864599856568,-1,-1,2,8,14,1,0,-1
1533864599856568,-2,-3,-5,-22,-11,-6,-5,-7
1533864599869591,0,1,0,10,18,-3,2,6
1533864599869591,-3,-5,-6,-21,-39,-3,-6,-8
1533864599877512,-1,-2,-3,-2,-12,-3,-1,6
1533864599877512,-2,-2,-1,4,-18,-4,-3,-3
1533864599893469,1,-2,1,-17,-1,3,2,2
1533864599893469,0,1,2,25,17,-1,0,3
1533864599894467,-5,-4,-4,1,17,-3,-3,-5
1533864599894467,0,1,3,-7,-15,0,-2,-5
1533864599915409,-1,-1,-6,-31,-5,0,3,1
1533864599915409,-2,-3,1,35,18,2,2,-2
1533864599917404,0,0,-1,-25,-17,-3,-3,-2
1533864599917404,-2,-1,1,23,3,1,-2,-3
1533864599929376,0,1,-4,4,-5,1,0,7
1533864599929376,-2,-1,-4,-5,-5,-3,-4,-2
1533864599938349,0,-1,-1,11,21,0,0,-2
1533864599938349,-1,-4,0,-6,-3,0,-1,-1
1533864599954306,2,1,1,4,-11,-3,-3,2
1533864599954306,-5,-5,-2,8,-4,-1,-2,-3
1533864599956301,-1,2,-2,6,12,0,0,2
1533864599956301,0,-2,-2,-14,-12,-3,-2,0
1533864599975253,-1,-3,4,16,10,-1,0,1
1533864599975253,-1,1,1,-23,-13,0,-2,-4
1533864599977245,2,-1,-1,16,23,1,0,0
1533864599977245,-2,-3,-1,-4,-18,-2,-1,0
1533864599989213,2,2,0,23,8,-1,-3,0
1533864599989213,-2,0,-2,-27,-17,-3,0,1
1533864599998188,1,0,3,-17,-1,2,1,0
1533864599998188,1,2,1,28,25,0,-1,-3
1533864600013194,-3,1,-3,-16,-16,-4,-1,1
1533864600013194,-3,-4,-5,12,8,0,0,-1
1533864600014159,2,-1,-1,-10,-1,-1,0,-2
1533864600014159,-4,-6,-4,10,-6,-2,0,-1
1533864600035093,-2,0,0,-5,-2,0,0,-1
1533864600035093,3,3,2,2,0,-2,5,3
1533864600037086,-3,-3,-2,-7,-10,-2,-6,-4
1533864600037086,2,1,3,0,11,0,-1,0
1533864600058032,-2,-4,-4,-9,-2,-2,-2,-2
1533864600058032,-2,-3,-3,-15,3,0,-3,-6
1533864600060029,-2,-2,-1,3,-9,-1,0,0
1533864600060029,0,1,-1,1,1,2,0,-3
1533864600072989,0,-1,-2,-1,3,-1,0,5
1533864600072989,0,-2,-5,-1,-2,-1,0,7
1533864600073986,-3,-2,-1,-2,-9,-5,-2,-1
1533864600073986,-1,-2,-4,-14,2,1,-5,-7
1533864600095930,0,1,1,18,1,-2,2,-1
1533864600095930,2,1,2,-5,-9,-3,-1,4
1533864600096925,2,3,-2,1,11,4,3,1
1533864600096925,-6,-4,-12,-2,8,-5,-3,0
1533864600117868,-3,-2,-6,-32,-21,-4,-2,1
1533864600117868,-8,-5,-6,-4,-24,-8,-4,-4
1533864600119864,-1,-1,3,-12,-2,1,0,-2
1533864600119864,7,5,14,14,14,8,6,1
1533864600132829,-2,-2,-7,-3,7,-6,-6,-5
1533864600132829,-3,-1,-3,-6,-9,-4,-5,-3
1533864600134851,-2,0,2,30,0,1,0,-1
1533864600134851,-4,-5,-7,-40,-12,-2,-1,0
1533864600155767,2,-1,7,12,11,3,1,-2
1533864600155767,4,2,0,10,15,1,0,-1
1533864600156778,0,-3,-6,-4,-14,-5,-2,-1
1533864600156778,3,1,-2,17,12,1,2,3
1533864600177727,-2,0,1,-1,-2,0,6,7
1533864600177727,-3,-1,-1,-19,-14,0,-10,-23
1533864600179703,-4,-2,-2,14,14,-2,-2,-4
1533864600179703,-5,-1,-2,-9,-29,-3,1,0
1533864600192669,1,0,-1,6,4,0,1,1
1533864600192669,-1,0,0,4,3,0,5,6
1533864600206634,2,1,-3,-9,-1,0,-2,0
1533864600206634,4,0,1,-2,6,-1,6,12
1533864600215607,-8,-2,-6,1,-10,-4,-14,-33
1533864600215607,1,1,1,11,9,3,0,-2
1533864600216605,-1,-1,0,-15,-8,-2,-3,2
1533864600216605,-2,-2,4,9,4,-3,-3,-5
1533864600237552,1,0,-1,-2,-3,2,0,3
1533864600237552,0,0,1,2,2,-1,0,4
1533864600239544,-4,-1,-5,-2,-8,0,-1,-6
1533864600239544,2,0,-2,-2,-1,0,2,4
1533864600252716,-3,-2,-2,-1,1,-1,-9,-6
1533864600252716,-3,-5,-5,4,2,-3,-2,-3
1533864600259492,-1,-2,1,-1,-7,-3,-1,6
1533864600259492,-2,-5,-6,0,4,-1,-3,-8
1533864600275451,0,-4,1,-8,-5,1,1,5
1533864600275451,-1,-2,0,1,3,1,2,1
1533864600277446,-3,-5,1,4,-3,-4,-2,-5
1533864600277446,0,-1,-1,-7,2,-3,-1,-1
1533864600297393,0,4,-4,0,-1,-3,0,-2
1533864600297393,-3,-17,12,2,9,0,3,6
1533864600299383,-1,0,-4,-2,-12,-2,1,-1
1533864600299383,-3,7,-10,2,-1,1,-3,-8
1533864600312352,2,-14,-8,-15,-12,-1,2,5
1533864600312352,-2,4,-14,41,19,-3,-3,-3
1533864600319333,0,0,28,-4,-6,0,-1,-2
1533864600319333,-4,1,13,-56,-36,-7,-4,-3
1533864600335290,-1,-3,-9,-11,-2,-2,-3,-1
1533864600335290,-1,-1,-9,-11,-9,-3,-2,0
1533864600337282,5,-1,-7,18,33,9,3,0
1533864600337282,-1,-2,-9,50,11,-3,-4,-1
1533864600358226,-5,1,2,-45,-49,-9,-3,0
1533864600358226,1,2,5,-16,-13,2,0,0
1533864600359223,-6,-3,-10,17,5,-7,-2,-1
1533864600359223,4,1,8,-5,28,11,3,1
1533864600372190,1,2,2,35,1,-1,1,1
1533864600372190,2,3,3,19,29,2,0,0
1533864600379213,-4,-2,-14,-61,-62,-9,-5,-3
1533864600379213,-3,-5,-4,7,10,-1,-2,-2
1533864600395334,0,0,5,30,11,2,2,1
1533864600395334,2,4,-6,-23,4,-1,0,-2
1533864600397154,1,2,2,-21,8,1,2,0
1533864600397154,-3,-4,-1,-1,-13,-5,-4,-4
1533864600418067,-3,-4,0,45,19,-3,-1,-1
1533864600418067,-4,0,0,-37,-26,-3,-3,-1
1533864600419072,2,0,-2,8,16,1,-1,0
1533864600419072,-8,-4,-2,6,-9,-4,-2,-3
1533864600432057,5,7,7,4,20,6,3,-1
1533864600432057,0,-2,-2,11,3,-1,0,-1
1533864600439010,-2,-3,-4,1,-8,-3,0,-1
1533864600439010,-1,-2,3,-8,-1,2,0,1
1533864600454968,-1,-2,-1,-12,1,-1,-1,-1
1533864600454968,-2,-3,0,3,-6,-3,-1,-2
1533864600456972,-3,0,-4,-9,-5,0,0,-1
1533864600456972,3,1,-1,8,2,0,-1,-1
1533864600476916,-3,-2,-2,-9,2,2,-1,-1
1533864600476916,-3,-8,-1,-2,-9,-3,-1,-1
1533864600485901,1,-1,0,14,9,0,-1,0
1533864600485901,0,-4,-4,5,10,-2,-2,-1
1533864600491913,-1,-5,0,7,-12,-1,1,2
1533864600491913,-2,-4,-4,-33,-6,-3,-2,-3
1533864600498850,1,-1,-1,0,-3,-1,0,-1
1533864600498850,-1,-1,0,1,2,-2,-1,-3
1533864600515804,-2,1,-2,-12,-3,-5,-3,-3
1533864600515804,3,5,0,21,2,1,1,-2
1533864600516806,0,3,-3,14,5,0,1,0
1533864600516806,3,4,6,-51,-11,3,2,0
1533864600537746,-6,-9,-15,24,-11,-8,-6,-3
1533864600537746,-7,1,-1,-3,-8,-5,-4,-2
1533864600539741,-2,-1,-1,-3,-2,-1,-2,-2
1533864600539741,3,1,-1,15,4,0,0,0
1533864600551709,0,4,4,-10,10,-1,1,0
1533864600551709,1,0,1,16,0,-3,-1,0
1533864600560684,-2,-2,-3,-26,-2,1,2,-2
1533864600560684,-2,-3,0,29,12,0,-2,-2
1533864600575647,2,0,2,-11,-8,1,0,0
1533864600575647,-4,-4,-6,-32,-7,-2,-3,0
1533864600576641,0,1,5,4,4,-2,-3,2
1533864600576641,-5,-7,-4,23,-6,-5,-5,-2
1533864600597590,-2,0,0,0,7,3,1,-1
1533864600597590,1,1,1,8,-1,2,1,-2
1533864600599581,-1,-3,-3,3,5,2,-2,-1
1533864600599581,-2,-1,0,-15,-8,-3,-2,-2
1533864600611551,0,1,2,-8,0,1,-1,0
1533864600611551,0,0,1,4,2,0,0,2
1533864600620524,0,-2,-2,1,1,0,-1,0
1533864600620524,-5,-2,-3,19,-3,-4,-3,-1
1533864600635578,1,0,-2,-35,7,2,-1,-2
1533864600635578,3,2,3,3,19,2,1,0
1533864600636578,-10,-9,-9,-3,-29,-11,-4,-4
1533864600636578,1,2,1,-9,-9,0,-2,-2
1533864600657520,-1,-2,0,1,-1,-2,-1,-1
1533864600657520,1,0,1,12,4,1,0,0
1533864600659511,2,0,2,1,6,-1,-2,0
1533864600659511,-4,-3,-2,-10,-3,-1,3,1
1533864600671482,0,0,-3,1,0,-1,-2,2
1533864600671482,1,0,4,18,-3,1,0,-2
1533864600680454,3,0,-2,-15,7,3,-1,-1
1533864600680454,-2,-3,-4,2,-4,-2,-2,-1
1533864600695415,-2,-1,-1,8,3,-2,-3,0
1533864600695415,-3,-1,-4,-1,-7,-1,0,-1
1533864600697409,-2,1,1,7,2,-1,-1,-2
1533864600697409,0,-1,0,-7,4,0,0,1
1533864600718357,0,2,3,9,4,0,0,-2
1533864600718357,1,3,4,-3,-13,-2,0,1
1533864600719350,-5,-4,-8,-24,-28,-7,-3,-2
1533864600719350,-3,-1,-5,23,0,-1,-3,-1
1533864600731319,-5,-6,-8,-14,8,-1,-1,-1
1533864600731319,-5,-2,0,-4,-20,-2,-4,-3
1533864600740302,0,4,5,13,13,4,1,0
1533864600740302,1,-1,-3,-11,-4,-2,0,-1
1533864600762536,2,1,1,6,5,-1,0,1
1533864600762536,0,0,-2,-16,2,1,1,1
1533864600764482,-3,-4,-8,6,3,-6,-4,-2
1533864600764482,0,-3,1,19,18,1,1,-1
1533864600777447,-2,-4,-2,-41,-25,-3,-2,-2
1533864600777447,0,-1,-2,7,8,-2,0,0
1533864600779442,-1,-1,6,1,-3,0,0,-1
1533864600779442,1,2,-2,-4,5,0,-1,-1
1533864600791411,-1,-2,0,13,5,1,0,-2
1533864600791411,-3,-2,-7,-11,-9,-3,-3,-1
1533864600800387,1,0,-1,11,8,4,0,0
1533864600800387,-2,-1,-1,-28,-9,-1,-1,-2
1533864600815345,-6,-1,1,-4,-5,-2,-2,-2
1533864600815345,-2,-2,-4,1,-3,-5,-3,-2
1533864600817342,-2,-1,-2,6,7,1,1,-1
1533864600817342,0,0,0,-5,-6,-1,1,0
1533864600838284,0,2,0,-1,-7,-3,0,1
1533864600838284,-4,-2,-3,2,6,0,-3,-2
1533864600839282,1,0,2,-1,2,2,1,-1
1533864600839282,2,2,5,33,10,5,1,1
1533864600851251,-2,-2,-7,-24,4,-6,-1,0
1533864600851251,-10,-9,-9,16,-39,-8,-7,-3
1533864600860238,-1,0,-4,-13,-6,-2,-2,-3
1533864600860238,0,8,10,4,-13,-4,-4,-4
1533864600875186,-3,-17,-7,39,30,1,-2,-3
1533864600875186,6,-3,0,22,-8,0,2,0
1533864600877181,-4,-4,-5,-15,-3,-3,-1,0
1533864600877181,1,-1,-4,-14,-5,0,1,0
1533864600898125,3,10,16,8,-1,1,2,11
1533864600898125,-3,-4,-6,-18,12,-3,-5,-17
1533864600899121,0,1,-35,6,-2,-1,-1,-5
1533864600899121,-5,-14,6,-13,4,-1,-1,-4
1533864600912134,-3,-3,-5,-6,-12,0,1,4
1533864600912134,-1,1,8,3,6,3,2,5
1533864600920068,0,0,4,-1,4,-1,-3,1
1533864600920068,-1,-1,-6,-8,-7,-4,-1,0
1533864600935040,-3,-1,-4,-2,-10,-1,-3,-5
1533864600935040,0,-4,-7,-8,8,-1,0,2
1533864600937020,-1,-3,9,9,2,-1,0,-2
1533864600937020,-1,-3,-8,-10,-6,-3,-1,0
1533864600957974,-1,0,3,6,-3,0,-2,-4
1533864600957974,1,5,0,-10,14,2,0,3
1533864600959958,-2,-1,4,0,-11,-3,-3,1
1533864600959958,-2,0,1,8,0,-2,-3,0
1533864600980109,0,3,-2,11,0,1,0,-4
1533864600980109,2,7,5,-32,0,-1,-2,-3
1533864600981900,-2,-6,4,13,0,-3,-1,0
1533864600981900,-2,-4,-10,-39,-5,-5,-1,0
1533864600995862,0,-1,1,9,0,0,-1,6
1533864600995862,1,2,-2,10,-1,-1,-3,-3
1533864600996860,1,1,5,-1,-1,-3,-1,-2
1533864600996860,-1,1,2,-1,-1,2,-2,-1
1533864601017831,-1,3,-6,-2,-2,-3,-1,-2
1533864601017831,1,-4,4,-10,-3,-3,1,1
1533864601019799,0,4,-2,11,8,0,-1,-1
1533864601019799,2,4,0,18,-8,0,0,-2
1533864601040743,-8,-12,-5,-28,-13,-3,-1,-3
1533864601040743,-4,-6,-2,27,6,0,1,0
1533864601041743,0,-1,1,-57,1,1,-1,-3
1533864601041743,3,8,5,48,16,5,1,1
1533864601055882,-4,-6,-12,-68,-47,-14,-6,-7
1533864601055882,-3,-3,1,-6,-10,-2,-1,1
1533864601056702,-1,-1,5,16,12,2,0,2
1533864601056702,2,0,-1,-11,2,3,-1,0
1533864601077649,5,7,6,35,24,6,1,-1
1533864601077649,-4,-2,-3,24,13,-3,-2,1
1533864601079639,-3,1,-2,-27,-12,-1,-2,-3
1533864601079639,1,1,2,2,8,-2,0,-2
1533864601100583,-2,-1,-4,-12,-5,1,0,-3
1533864601100583,-1,1,-7,-5,1,-3,-2,-2
1533864601102578,-2,-3,1,22,4,2,1,0
1533864601102578,-2,-5,-3,2,-2,-4,-3,-1
1533864601115544,1,-2,-1,-29,-9,-2,0,0
1533864601115544,0,1,-2,-2,-2,-4,-2,-4
1533864601117540,-2,-2,0,8,-4,-2,0,-1
1533864601117540,-5,3,-4,-25,-6,-4,-2,0
1533864601137486,0,2,4,26,14,1,-1,-9
1533864601137486,1,0,1,-3,-8,2,1,2
1533864601139481,0,-6,-2,-18,-5,-2,3,2
1533864601139481,-9,-6,-6,-3,2,-2,-7,-14
1533864601160520,1,1,3,52,28,4,-2,1
1533864601160520,1,-2,-3,-65,-5,-1,1,-1
1533864601162419,-2,1,-7,31,-25,-9,-3,-3
1533864601162419,-4,-5,-6,-25,-26,-4,0,3
1533864601175383,-4,-3,0,25,29,1,0,-2
1533864601175383,-2,-3,-3,-20,2,3,0,-3
1533864601181367,3,3,1,-4,-29,2,-1,2
1533864601181367,-4,-4,-2,6,8,-5,-3,-1
1533864601198322,1,-1,8,0,-2,0,1,1
1533864601198322,-3,-2,-7,18,1,-1,-1,1
1533864601199320,-2,-3,-4,0,8,0,-2,-1
1533864601199320,0,-1,-3,-8,-6,-1,0,-1
1533864601220264,1,5,7,-13,-10,-1,0,-2
1533864601220264,1,-2,4,19,1,-5,-2,-2
1533864601222258,-1,-4,-4,-5,1,-2,-3,-2
1533864601222258,0,-5,-4,28,8,6,3,0
1533864601234227,-2,-3,-11,-58,-19,-5,-4,0
1533864601234227,0,0,-2,-19,-5,3,1,-1
1533864601242222,-1,-1,3,57,36,2,0,-3
1533864601242222,-4,-4,-7,-56,-36,-6,0,1
1533864601258161,0,-2,1,10,3,-1,0,0
1533864601258161,0,-2,3,11,3,0,-3,1
1533864601264166,1,13,-5,-2,0,-1,-3,-4
1533864601264166,4,-2,1,-9,11,2,1,0
1533864601280121,-2,0,-1,7,-4,-2,-1,-2
1533864601280121,-4,-3,1,15,-5,-6,-4,-3
1533864601282101,-5,-3,-2,-3,9,4,0,-1
1533864601282101,-1,0,-1,5,-1,1,-2,-1
1533864601295066,-1,0,-3,-20,-14,1,0,0
1533864601295066,2,2,-3,16,6,1,0,1
1533864601302045,-2,-4,-1,-11,-5,-5,-2,-3
1533864601302045,0,0,1,-4,-1,-1,-1,0
1533864601318221,1,-2,-1,12,0,1,0,-1
1533864601318221,-5,-4,-6,11,3,-3,-3,-1
1533864601319035,-2,-4,1,-27,4,-2,-1,1
1533864601319035,-2,-2,1,19,-1,-3,-2,-3
1533864601339946,1,0,-1,-25,0,1,-2,0
1533864601339946,-1,0,-4,-8,-2,-2,-3,-5
1533864601341937,-2,-5,0,13,10,-4,-3,-2
1533864601341937,1,2,4,15,2,-1,0,0
1533864601354903,-1,-2,-2,7,-8,-5,-3,-1
1533864601354903,0,1,1,-14,-8,2,1,0
1533864601361888,2,-3,1,-2,4,1,1,-1
1533864601361888,0,-2,-4,4,9,0,-1,-1
1533864601377847,0,-2,-2,-2,-8,-3,-2,-3
1533864601377847,1,2,3,23,23,2,2,1
1533864601379836,-6,1,1,-10,-31,-2,-1,-2
1533864601379836,-3,-2,-4,-7,-7,-4,0,0
1533864601400781,-4,-5,-8,-22,-2,-2,-4,-2
1533864601400781,-3,0,6,28,4,0,-1,0
1533864601401783,2,-3,0,-21,5,-1,-1,1
1533864601401783,-1,1,1,-4,-5,-1,0,0
1533864601414758,0,0,-1,20,9,1,1,1
1533864601414758,-1,-1,-4,-18,-7,-1,0,-1
1533864601421863,-2,-1,-1,4,-3,2,-1,-1
1533864601421863,-3,0,-1,-4,-2,-2,-3,-1
1533864601437684,0,-1,-3,17,3,-4,-2,-2
1533864601437684,0,-3,-1,-15,-15,-1,-1,-1
1533864601439675,-2,-1,-1,-5,-8,1,0,-1
1533864601439675,2,0,-1,5,8,1,0,-3
1533864601460665,-3,-1,-4,4,3,0,2,0
1533864601460665,-1,-1,-1,-7,-8,-6,-2,-3
1533864601461624,2,-2,0,1,1,-2,0,-1
1533864601461624,-3,-3,1,4,7,3,0,0
1533864601474588,4,-5,16,-6,3,1,1,0
1533864601474588,-10,-8,-5,2,-26,-5,-5,-4
1533864601483559,0,-1,-1,-3,0,0,-3,0
1533864601483559,-1,-7,-5,-12,-6,-3,-4,-1
1533864601497521,-3,0,-3,26,-5,-1,-3,-2
1533864601497521,1,1,-1,2,14,4,2,0
1533864601499516,0,0,3,3,3,0,-1,-4
1533864601499516,2,4,4,-5,-2,2,1,0
1533864601520462,-3,-2,-7,11,18,-4,-2,-1
1533864601520462,-1,0,-4,4,-13,-2,-2,1
1533864601522458,-3,-3,-5,-22,7,-2,-1,-2
1533864601522458,2,0,-3,-2,-4,-1,0,-2
1533864601534424,0,2,0,-5,-16,-3,-2,-1
1533864601534424,0,0,-1,-19,3,-1,-4,-2
1533864601543401,-3,0,0,15,6,2,0,-1
1533864601543401,-2,1,-1,-3,4,0,-1,-1
1533864601557362,-1,-2,-1,-12,-1,1,0,2
1533864601557362,0,0,0,2,1,-1,-1,0
1533864601559357,2,-1,0,1,-10,-3,-1,-1
1533864601559357,-4,-5,-3,2,-2,-5,-4,-2
1533864601580341,-2,11,-21,-28,-11,-2,-2,-3
1533864601580341,0,-8,5,12,6,0,1,-1
1533864601582295,-3,-1,-2,-5,-4,-2,0,-1
1533864601582295,-2,-3,-1,-3,-4,-3,-1,-3
1533864601594301,2,0,0,6,-1,-1,0,-3
1533864601594301,-1,3,0,2,5,1,0,0
1533864601603263,-3,-1,-3,-13,4,-2,-2,0
1533864601603263,-4,-3,-4,-1,-22,-2,0,-2
1533864601618246,5,0,6,-11,6,4,2,0
1533864601618246,-4,-2,-6,32,-2,-1,-3,-2
1533864601619196,-3,-6,-6,-11,-5,-7,-4,-3
1533864601619196,-1,1,1,16,1,0,-1,-1
1533864601640144,-4,-5,-1,-5,-2,-1,-1,0
1533864601640144,1,2,3,5,2,3,2,0
1533864601642166,2,3,1,19,3,1,-2,-2
1533864601642166,2,-1,1,-22,0,-1,-1,-1
1533864601654104,-4,-3,-1,21,-3,-5,-2,-3
1533864601654104,-2,-3,-2,-15,3,1,0,1
1533864601663109,-2,-3,-2,2,-6,1,1,0
1533864601663109,-1,-1,-2,0,4,-5,-2,-3
1533864601677045,-1,-2,3,3,-5,-2,0,-2
1533864601677045,-3,1,-3,-17,-3,-4,-2,-1
1533864601686021,1,-2,-1,2,-6,-1,0,0
1533864601686021,-1,-1,2,3,-1,2,1,1
1533864601699980,-2,-3,-7,-14,0,1,-3,-3
1533864601699980,2,0,1,5,-4,-4,-2,-2
1533864601701975,-3,-2,0,-10,-7,-3,-1,-3
1533864601701975,0,0,-3,7,9,1,2,-1
1533864601713942,-4,-2,0,13,0,1,-1,-1
1533864601713942,1,1,-1,7,8,1,1,-1
1533864601722935,5,5,8,-25,-17,2,1,0
1533864601722935,-9,-10,-15,12,6,-8,-6,-4
1533864601737881,-2,-1,1,8,3,0,-2,1
1533864601737881,-6,-3,-6,-13,-10,-4,-3,-2
1533864601739873,-2,1,4,24,4,-1,0,0
1533864601739873,2,4,3,-2,-4,2,1,1
1533864601760818,2,-1,0,-17,-3,-1,-2,-1
1533864601760818,0,-1,-1,2,7,0,1,2
1533864601761815,-2,-2,-10,0,1,1,-1,-2
1533864601761815,-1,-17,13,-4,1,-1,1,1
1533864601773782,-1,1,4,7,5,0,0,0
1533864601773782,-2,2,1,6,-3,-2,-2,0
1533864601782777,-2,-3,-2,-36,-12,-1,-1,-3
1533864601782777,-3,3,-9,15,9,-1,-3,0
1533864601797924,-3,-3,-3,21,-7,-3,-2,-1
1533864601797924,-2,-6,0,-1,1,-1,1,-2
1533864601799712,-1,1,1,15,2,-1,-2,0
1533864601799712,1,5,0,-5,-1,0,-1,-1
1533864601820657,-1,-1,-1,-15,-2,-3,1,-1
1533864601820657,0,2,-1,13,8,0,1,1
1533864601821655,-3,-1,-4,-28,-9,-6,-2,-2
1533864601821655,1,1,0,-11,-2,2,-2,-1
1533864601833624,-2,-3,-4,2,3,0,0,-1
1533864601833624,0,0,-2,-22,-9,-1,-1,0
1533864601842600,1,0,2,20,11,-1,-3,-3
1533864601842600,-2,-1,1,-4,1,-2,1,-3
1533864601857562,-5,-2,-2,-8,-8,-2,-1,-1
1533864601857562,3,3,4,27,10,3,2,-2
1533864601859556,-4,-5,-10,-42,-14,-5,-2,0
1533864601859556,-3,1,-4,18,-4,-4,-2,-1
1533864601880633,-2,-4,-5,-12,-5,-2,-3,-2
1533864601880633,-2,-1,1,-9,-4,-1,-1,0
1533864601881495,1,3,1,20,8,0,1,-1
1533864601881495,1,0,-1,-15,-7,2,0,0
1533864601894463,-1,-2,-1,-2,2,1,2,-1
1533864601894463,-3,-1,-1,-15,-5,-2,-3,-2
1533864601903436,-1,-3,-2,12,4,0,-2,0
1533864601903436,0,-1,-1,-4,2,-2,0,0
1533864601918395,2,2,5,16,13,1,0,0
1533864601918395,-1,-2,0,-7,-16,-4,-2,-1
1533864601919392,-4,-5,-9,-57,-21,-3,-4,-4
1533864601919392,-2,1,-1,16,-2,-1,0,-2
1533864601940336,0,-1,-2,-18,-3,1,-2,0
1533864601940336,1,0,-2,-6,-3,-2,-2,-1
1533864601942331,-1,0,1,17,9,-1,0,-1
1533864601942331,-1,0,0,-1,0,-1,0,0
1533864601963384,1,2,-2,0,1,-3,-3,1
1533864601963384,-2,7,-1,-7,0,-3,-1,0
1533864601964296,0,-3,3,17,9,3,0,1
1533864601964296,-3,-2,-4,7,1,-2,-4,-2
1533864601978446,-2,-3,4,11,-4,2,0,0
1533864601978446,-1,-1,-7,-17,0,0,-2,-2
1533864601979248,-2,0,0,15,3,-2,-2,-1
1533864601979248,-1,-1,0,0,-3,1,1,-1
1533864602000178,0,2,-5,-30,1,-3,-1,-2
1533864602000178,-2,-4,-2,20,1,-2,-1,-3
1533864602002178,0,0,3,6,-8,-1,-2,-1
1533864602002178,1,-3,-3,-11,-1,-1,-3,0
1533864602023137,1,0,0,8,-6,-1,-1,0
1533864602023137,0,-3,-4,-9,3,-1,0,1
1533864602024114,-1,-1,4,19,9,0,1,-2
1533864602024114,-2,1,-2,-2,-3,0,1,-2
1533864602038080,-3,-1,-2,0,0,-1,-1,-1
1533864602038080,-2,-1,-2,-6,-3,-1,-2,-2
1533864602040073,1,1,-2,18,8,2,0,-1
1533864602040073,4,2,5,-1,-10,1,0,0
1533864602060020,-9,-9,-12,-29,-7,-9,-4,-5
1533864602060020,-1,-4,-4,12,-1,-1,-2,-1
1533864602062012,-2,-3,1,1,-3,-1,-1,-1
1533864602062012,1,1,-1,-5,3,1,-1,-1
1533864602082956,2,0,5,30,8,2,2,0
1533864602082956,-3,-2,-6,-29,-9,-4,-3,-2
1533864602084949,-3,-3,-2,-20,-8,-1,-1,0
1533864602084949,-2,-2,-3,4,3,-2,-3,-2
1533864602096976,-1,0,4,39,-3,-1,-1,1
1533864602096976,-2,-2,-5,-56,-6,-1,-1,-2
1533864602104997,0,1,0,7,3,0,-1,-3
1533864602104997,-2,-5,-3,-11,-4,-2,1,-1
1533864602119860,0,0,-2,-5,-6,-2,-2,0
1533864602119860,4,-2,2,14,0,1,1,-1
1533864602120875,-2,-1,-1,14,8,1,-2,-1
1533864602120875,-3,-2,-4,-19,-8,-2,-2,-1
1533864602150775,-1,0,0,-1,-2,-1,-2,-1
1533864602150775,-1,0,2,11,5,-2,0,0
1533864602150775,-2,-1,-3,-5,-3,-3,-1,-1
1533864602150775,-1,-1,0,3,4,0,-1,0
1533864602156761,-1,0,1,-9,-3,0,1,-4
1533864602156761,-3,-4,-1,-1,-8,-3,-2,0
1533864602164736,0,-1,-3,5,3,1,-1,0
1533864602164736,3,0,4,-2,0,1,-2,-2
1533864602179731,-8,-4,-6,-14,-17,-4,-3,-2
1533864602179731,-1,-2,0,14,12,1,-1,0
1533864602180694,-1,0,-1,-14,-23,-3,-2,0
1533864602180694,-1,0,0,7,0,-4,-2,0
1533864602202640,0,-1,2,-5,3,2,1,0
1533864602202640,-2,-1,0,16,1,1,-1,-1
1533864602202640,0,0,0,-7,-11,2,1,1
1533864602202640,0,0,-9,4,6,-2,-3,-2
1533864602216598,1,-2,-2,-4,10,0,-2,0
1533864602216598,-6,-3,-5,12,1,-1,-3,-1
1533864602224580,0,-1,4,21,2,0,0,-1
1533864602224580,-1,-1,1,-36,-10,1,0,-1
1533864602239752,1,1,2,5,6,1,0,1
1533864602239752,1,1,4,21,0,0,0,-1
1533864602240535,-3,-3,-8,-38,1,-4,-2,-3
1533864602240535,-4,-1,-1,4,2,1,1,-2
1533864602262589,-1,0,-3,0,-4,-2,-2,-1
1533864602262589,0,1,1,-5,-5,0,-1,1
1533864602262589,-2,1,0,7,1,-2,0,0
1533864602262589,-1,-3,-3,6,-1,-3,-3,-1
1533864602276555,2,3,6,15,8,1,-2,-2
1533864602276555,-5,-8,-10,-43,-26,-5,-2,-1
1533864602284537,-1,-2,-1,-7,-4,-2,-2,-1
1533864602284537,-3,-4,-5,10,1,-2,-4,-1
1533864602299490,-3,-2,-3,3,-3,0,-2,0
1533864602299490,1,2,0,3,7,3,0,-1
1533864602300488,-3,1,0,-1,2,0,-1,-1
1533864602300488,-2,0,-1,-5,-5,2,1,0
1533864602321686,1,-1,-4,-5,-6,0,1,0
1533864602321686,0,-2,-1,1,2,1,-2,-1
1533864602322679,0,-2,0,6,1,0,-1,1
1533864602322679,3,2,6,43,20,4,2,0
1533864602336650,-5,-5,-11,-29,-11,-8,-5,-3
1533864602336650,-3,-3,0,-12,-12,-2,-2,-4
1533864602344624,0,-2,-3,3,2,-3,-1,-2
1533864602344624,-2,-2,0,15,1,-1,-2,0
1533864602359795,1,-1,3,3,7,2,2,1
1533864602359795,1,1,1,-1,0,0,-2,-1
1533864602360579,-3,0,-3,6,0,-3,-2,1
1533864602360579,-1,-1,-1,-18,-1,0,0,-1
1533864602382537,-2,0,-2,11,3,0,0,-3
1533864602382537,2,1,5,5,-3,1,2,-1
1533864602382537,-1,0,-3,-11,18,2,-3,-1
1533864602382537,-6,-7,-6,-27,-24,-8,-5,-4
1533864602396486,-1,-2,2,12,-9,-3,-1,-3
1533864602396486,0,-1,-1,-24,-6,-2,0,-1
1533864602404464,2,-2,2,2,1,2,2,0
1533864602404464,0,-2,-2,-11,0,0,1,0
1533864602428400,-3,0,-1,11,1,-1,-2,-1
1533864602428400,1,1,0,0,2,-2,-2,-3
1533864602428400,1,2,0,-14,-2,0,0,-1
1533864602428400,-5,-3,-6,-5,4,-3,-2,-3
1533864602442363,0,1,1,-3,-6,-1,0,-1
1533864602442363,-1,-3,-3,9,8,-4,0,0
1533864602443357,0,-2,0,-6,-7,-4,-3,-1
1533864602443357,2,2,4,12,-1,1,1,2
1533864602456492,3,0,2,35,10,2,-1,1
1533864602456492,-8,-7,-11,-41,-10,-5,-6,-2
1533864602464301,-2,-4,-2,-23,-35,-3,-1,-3
1533864602464301,-1,-1,-3,0,1,-5,-1,-1
1533864602479264,1,0,2,13,7,-1,0,-3
1533864602479264,2,0,0,17,5,1,0,-2
1533864602480264,1,1,-2,10,4,0,-3,-2
1533864602480264,-2,-2,0,1,-2,1,0,-1
1533864602502200,-2,-1,-4,-31,-9,-2,-2,-1
1533864602502200,0,0,1,13,3,-1,-1,0
1533864602503197,-3,-3,-2,-1,2,-2,-2,-3
1533864602503197,2,2,4,0,-3,1,-2,0
1533864602516184,0,1,2,2,0,-2,0,1
1533864602516184,-4,-1,-1,-8,13,-2,-2,-1
1533864602525138,-2,1,-2,1,-6,-1,3,2
1533864602525138,-7,-5,-8,-20,-24,-8,-5,-3
1533864602540099,2,0,1,-13,-6,2,0,1
1533864602540099,2,0,1,30,7,0,-2,-1
1533864602540099,0,-1,1,4,11,-1,-1,-2
1533864602540099,3,2,1,-23,-5,0,3,-2
1533864602562043,-4,-3,-5,-2,-2,-3,-3,-2
1533864602562043,0,2,1,7,-3,-1,1,-2
1533864602563037,-5,-4,-6,8,4,-1,-2,-1
1533864602563037,1,-1,-3,0,5,2,0,0
1533864602577003,-3,-1,0,-8,-7,0,-2,0
1533864602577003,0,0,1,9,-2,0,-1,0
1533864602584982,-1,-1,1,21,3,-2,1,-2
1533864602584982,-3,-2,-2,-4,1,-3,-3,0
1533864602599938,-4,-3,-5,-9,-1,1,0,-1
1533864602599938,1,0,0,-5,4,1,1,1
1533864602600939,-1,-2,-3,5,-6,-2,-3,-1
1533864602600939,-2,0,1,1,0,0,-2,0
1533864602621883,-3,-3,-5,-6,0,-5,-3,-2
1533864602621883,-3,-2,-4,-5,-9,-2,1,-2
1533864602622877,0,0,0,3,4,-2,-1,-1
1533864602622877,0,-1,-1,7,3,2,0,0
1533864602636840,4,4,5,7,0,2,1,-1
1533864602636840,-6,-6,-10,-2,5,-9,-5,-4
1533864602644822,0,-3,0,-21,2,-1,-2,-1
1533864602644822,1,-1,0,1,9,1,-1,-2
1533864602659782,-5,-3,-2,12,-5,-2,-2,-2
1533864602659782,2,1,4,8,0,2,3,0
1533864602660775,1,0,0,-4,-3,-1,2,1
1533864602660775,-6,-2,-4,37,9,-6,-2,-1
1533864602682728,-1,-1,-6,-58,-12,-2,-1,0
1533864602682728,0,0,0,6,1,2,1,1
1533864602682728,2,1,3,6,0,3,-1,-1
1533864602682728,0,-1,-4,-5,-1,-4,-1,-1
1533864602696696,-2,0,0,14,5,-2,-2,-1
1533864602696696,-1,-3,0,-8,-6,-1,-1,0
1533864602704861,-2,-1,0,-7,-5,-3,-2,-2
1533864602704861,5,4,3,1,4,0,-1,0
1533864602719770,-2,-3,-4,10,6,-2,-1,-2
1533864602719770,-4,-2,-4,-24,-13,-3,-4,-1
1533864602720616,2,0,3,1,0,0,2,-1
1533864602720616,-6,-6,-4,-6,-6,-4,-3,-3
1533864602742618,1,-2,3,26,5,1,-1,-2
1533864602742618,0,-3,-7,-45,-7,-1,-3,-2
1533864602743559,-1,-1,-1,-12,-22,0,-2,0
1533864602743559,-3,2,-1,7,0,-2,-1,0
1533864602756537,3,0,-2,39,21,1,0,-1
1533864602756537,-6,-4,-4,-33,-15,-2,-3,-2
1533864602764501,-3,-4,-5,-25,3,-3,-2,-2
1533864602764501,1,-2,-1,-13,1,2,-1,-1
1533864602779488,-1,1,2,-12,-19,-1,0,-1
1533864602779488,6,4,7,30,21,1,2,1
1533864602780459,-5,-4,-9,-7,-7,-3,-4,-2
1533864602780459,-1,0,1,1,-7,-1,0,-1
1533864602802601,0,-4,-2,-8,5,-3,-1,0
1533864602802601,1,0,0,6,-3,0,-1,-2
1533864602803402,-2,0,-1,11,3,-2,-2,-1
1533864602803402,-2,-3,-3,-6,-4,-1,-1,-1
1533864602816360,-3,0,-1,-13,-6,-1,-2,1
1533864602816360,0,0,2,16,-2,1,-1,-1
1533864602824341,0,0,-1,-5,-2,-2,-1,-1
1533864602824341,1,1,1,-2,2,-1,-1,-2
1533864602839302,-1,-1,1,16,5,1,-1,-1
1533864602839302,-2,-4,-2,-35,-5,-2,-2,0
1533864602840296,-2,-1,-2,20,10,1,-1,-2
1533864602840296,0,0,3,-1,-6,1,-1,-1
1533864602862336,-1,-1,-3,-20,-6,-4,-2,-1
1533864602862336,-4,-3,-2,38,11,-4,0,-2
1533864602863330,-2,-1,-4,-15,-9,-3,-2,-3
1533864602863330,-1,-2,-4,6,3,-2,0,-1
1533864602885274,0,0,1,5,10,1,-1,-1
1533864602885274,-6,-3,-2,-8,-27,-4,-4,-2
1533864602886268,1,-2,0,2,4,0,0,0
1533864602886268,1,1,0,-8,-4,1,1,0
1533864602900244,1,-1,-2,-2,1,-1,-1,-3
1533864602900244,2,-1,-2,17,4,1,1,-1
1533864602900244,-1,-1,1,-8,3,-1,1,-3
1533864602900244,-2,-1,-6,-30,-13,-4,-4,-2
1533864602922173,-3,-3,-1,-8,-6,-2,-1,-1
1533864602922173,0,0,-4,-16,-6,1,-1,-2
1533864602923185,-4,-4,-3,25,17,1,-2,0
1533864602923185,1,0,4,17,-3,2,1,0
1533864602945211,-5,-2,-5,-34,-3,-3,0,-1
1533864602945211,-3,-3,-3,-9,-23,-4,2,0
1533864602946109,1,3,3,10,3,0,-1,0
1533864602946109,-2,-3,-3,12,13,-3,1,-2
1533864602960264,0,-1,2,0,-2,0,-3,-1
1533864602960264,2,3,6,41,16,2,2,-1
1533864602960264,-3,-4,-8,-29,-15,-4,-3,-2
1533864602960264,0,0,0,3,0,1,0,0
1533864602983023,-2,-1,-4,-9,-9,2,0,1
1533864602983023,-1,-2,-1,19,12,2,-1,1
1533864602983023,-1,-1,1,7,-4,-4,0,-2
1533864602983023,2,1,0,2,10,1,1,0
1533864603004954,-2,-4,-2,-5,-16,-5,0,-2
1533864603004954,2,2,-2,-5,5,-2,-2,-5
1533864603005949,-1,0,2,8,-2,2,-1,0
1533864603005949,-2,-2,-2,-6,-2,-2,-2,-1
1533864603019925,-1,0,0,2,0,-3,-3,0
1533864603019925,-4,-5,-3,7,3,1,2,0
1533864603020909,1,2,3,-23,-2,0,0,-1
1533864603020909,-2,-3,-3,-3,4,-1,-1,-1
1533864603041852,-1,-1,-2,-4,-2,0,-1,-2
1533864603041852,0,0,-1,-6,0,-1,-2,-2
1533864603042849,0,-2,-3,17,5,0,0,-2
1533864603042849,0,0,1,-16,-8,0,1,0
1533864603065789,-4,-3,-4,16,1,-3,-1,-3
1533864603065789,0,-1,-2,-20,-7,1,-3,-2
1533864603065789,3,3,2,1,5,1,0,0
1533864603065789,-1,-2,-6,-23,-21,-3,-1,-1
1533864603079751,-2,-3,-1,20,3,0,-1,-1
1533864603079751,0,2,1,-8,6,-1,1,0
1533864603080748,-4,-4,-4,2,-7,-3,-1,0
1533864603080748,-5,-3,0,50,28,-1,-3,-3
1533864603101693,-2,2,-6,-32,-30,-3,-2,-1
1533864603101693,0,-3,2,-1,-10,0,-1,-3
1533864603109674,2,0,1,0,3,1,1,0
1533864603109674,-2,-2,-5,2,-3,-6,-1,-1
1533864603125631,1,1,2,11,11,1,-1,1
1533864603125631,-1,0,0,2,5,-1,-2,2
1533864603125631,-4,-2,-3,-6,-6,-2,-1,-2
1533864603125631,0,-2,1,4,2,0,-2,-2
1533864603139591,0,0,-1,-14,-3,0,0,-1
1533864603139591,-2,-3,-1,-5,-4,0,-1,0
1533864603140606,1,0,2,13,1,0,1,0
1533864603140606,-1,-2,-5,-41,-5,-1,0,0
1533864603162533,-4,-2,-5,-5,2,-4,-1,-2
1533864603162533,1,0,1,11,9,-2,-1,0
1533864603163538,-2,-2,-2,0,-16,-6,-1,-2
1533864603163538,0,0,3,-7,-4,-2,-1,-2
1533864603185606,3,2,7,16,7,2,2,0
1533864603185606,-2,-3,-8,-12,-2,-2,-2,-2
1533864603186465,-2,-3,0,4,3,2,-3,0
1533864603186465,-2,-2,-4,-9,-4,-1,-2,-2
1533864603199431,-1,-2,-1,8,9,-1,-1,-3
1533864603199431,-3,0,-3,0,-8,-3,-1,-2
1533864603200446,-1,-1,-1,-4,-2,2,0,-1
1533864603200446,-2,1,0,2,-7,0,-1,-2
1533864603222370,1,0,1,-11,1,-1,-2,1
1533864603222370,1,-2,-1,9,11,-1,-2,-3
1533864603223367,0,0,-3,1,-18,-3,-1,-2
1533864603223367,-2,-2,1,-17,-2,1,-2,2
1533864603245444,-5,-5,-6,-9,-9,-4,-2,-1
1533864603245444,-3,-1,-2,-13,-6,-1,0,0
1533864603246305,-2,0,0,8,8,1,-1,-1
1533864603246305,2,1,1,7,2,0,1,-1
1533864603260270,2,-1,0,-3,-3,-2,-1,-1
1533864603260270,-1,0,0,-1,1,0,-1,1
1533864603261266,-2,1,1,17,10,3,0,-2
1533864603261266,0,1,-2,-43,-1,0,1,0
1533864603282212,-3,-4,-4,5,-16,-2,-2,-2
1533864603282212,0,3,-2,-4,-4,-3,-2,0
1533864603283207,-2,-6,-4,10,0,-3,-3,-3
1533864603283207,-2,-1,3,6,-6,-2,-3,-2
1533864603305348,2,-2,2,16,9,3,0,-1
1533864603305348,0,0,3,11,2,2,1,0
1533864603306146,0,-2,-3,-48,-4,-2,-1,-2
1533864603306146,-3,-3,-4,20,1,0,-4,-1
1533864603320108,-2,-2,-5,-17,-10,-3,-1,-1
1533864603320108,0,1,-1,4,0,0,-2,-1
1533864603320108,-2,-3,-2,14,12,-2,-1,-2
1533864603320108,-1,-2,-2,4,-7,-3,0,0
1533864603342256,-1,-1,0,-7,7,-1,0,0
1533864603342256,-2,-1,-2,-5,-4,0,2,-2
1533864603343046,-1,0,0,12,0,1,0,-1
1533864603343046,1,1,-1,-28,4,2,1,1
1533864603364988,-5,-1,-4,17,-10,-4,-4,-4
1533864603364988,-1,-2,-1,12,-1,0,-2,-1
1533864603365988,1,-1,-3,-45,-6,-4,-2,-3
1533864603365988,-6,-5,1,24,-1,0,-1,-3
1533864603379951,2,2,3,-4,5,0,2,-1
1533864603379951,-1,-1,-2,-13,-5,-3,-2,-3
1533864603380946,0,1,-2,10,1,-1,0,1
1533864603380946,1,-1,1,2,-5,1,0,1
1533864603401889,0,0,-3,-8,3,-2,-1,0
1533864603401889,-2,-3,0,19,3,1,-2,0
1533864603402893,2,3,2,-14,0,2,0,1
1533864603402893,-3,-5,-12,-12,-3,-8,-4,-5
1533864603425829,-1,0,2,0,8,2,-2,-3
1533864603425829,-2,-2,-2,10,-2,-3,-3,-4
1533864603425829,0,-1,0,9,7,2,0,1
1533864603425829,2,1,0,-9,-14,-1,1,0
1533864603439787,-3,0,-2,8,4,2,-1,0
1533864603439787,1,-1,0,14,2,-3,-1,-1
1533864603447767,-3,-3,-4,-33,-1,0,0,-1
1533864603447767,-1,-1,-2,0,0,-1,-1,-1
1533864603462727,1,-1,0,17,13,-1,1,-1
1533864603462727,-5,-3,-4,-35,-22,-5,-1,-1
1533864603463724,0,-1,1,16,-4,-3,-1,-1
1533864603463724,3,0,2,16,5,-1,-1,-2
1533864603485669,-2,-3,-4,-11,-5,0,0,1
1533864603485669,-1,-3,-1,6,5,0,-1,-2
1533864603485669,-1,0,-3,-29,-6,-2,-2,-1
1533864603485669,-2,0,-1,7,-4,0,-1,-2
1533864603498633,-2,-1,-1,9,14,-1,0,-2
1533864603498633,2,0,3,-4,5,0,1,0
1533864603507607,-5,-5,-5,23,-24,-3,-2,0
1533864603507607,-1,-3,-3,-46,-2,-3,-1,-1
1533864603522570,-1,-2,1,-38,-13,0,1,-1
1533864603522570,0,0,-4,-5,2,0,1,-1
1533864603522570,-2,-1,-1,25,11,-3,-2,-3
1533864603522570,-1,1,-1,14,0,0,-2,-2
1533864603545509,1,0,2,19,3,-1,-1,1
1533864603545509,-1,-3,-3,-25,-8,0,-1,-2
1533864603546502,-1,-4,-2,-1,5,0,-2,-2
1533864603546502,0,-2,0,12,-3,-1,-2,-1
1533864603559548,1,1,4,-7,-6,0,-2,0
1533864603559548,-3,-1,-1,7,4,-2,-3,-3
1533864603567447,-1,0,-2,3,3,-3,0,-2
1533864603567447,-2,-1,-1,18,5,-2,0,0
1533864603582407,0,-1,-2,-21,-17,-1,-2,-2
1533864603582407,-1,-2,-1,24,8,1,1,1
1533864603583404,0,-1,-1,-32,-15,-3,-2,-1
1533864603583404,-2,-2,-2,-20,1,2,-2,-1
1533864603605345,2,1,3,20,18,2,1,0
1533864603605345,2,0,1,-29,-21,-2,0,1
1533864603606343,-5,-3,-3,21,11,-2,-2,-1
1533864603606343,-2,-1,0,32,7,-3,-1,0
1533864603619521,-4,-3,-6,-26,-2,0,0,-1
1533864603619521,2,1,3,13,0,2,3,1
1533864603627495,-3,-6,-7,-36,-6,-3,-2,-3
1533864603627495,1,3,0,-16,-8,-2,-2,0
1533864603642250,-2,0,0,29,12,2,-4,-1
1533864603642250,-1,-1,-1,-13,-6,-1,-3,-2
1533864603643244,1,1,2,20,1,-1,1,0
1533864603643244,-3,-3,-3,-7,2,-2,0,0
1533864603665188,-2,1,-4,-30,-16,-6,-2,-3
1533864603665188,-3,-2,-1,1,7,0,-1,-1
1533864603666190,1,0,4,14,-3,2,-2,-2
1533864603666190,0,0,0,-22,0,2,-1,-1
1533864603679316,0,0,0,7,-7,0,2,1
1533864603679316,-7,-4,-4,-2,-3,-5,-4,-3
1533864603687130,-3,-1,-2,24,5,-2,0,-1
1533864603687130,0,1,2,27,12,2,1,1
1533864603702087,-2,-2,-5,-9,-28,-3,-2,-4
1533864603702087,-1,-1,-4,-30,-6,-2,-2,-2
1533864603703084,-3,-2,-2,3,5,-1,-1,-1
1533864603703084,0,-3,-4,6,-13,-2,-1,-1
1533864603725025,-3,-1,3,8,10,1,0,0
1533864603725025,-1,0,-1,-7,0,-2,-2,-2
1533864603726035,0,1,-1,-2,-3,-2,-1,-2
1533864603726035,-2,0,0,3,3,-1,-1,-2
1533864603738991,-1,-1,2,6,0,-1,-1,0
1533864603738991,-3,-2,-2,3,-7,-3,-4,-1
1533864603747181,0,0,0,-11,3,0,0,2
1533864603747181,-1,-1,1,6,-1,-1,-2,-2
1533864603761930,0,-1,-1,-5,2,-1,1,-1
1533864603761930,0,0,0,18,17,2,2,2
1533864603762924,-5,-3,-7,-6,-11,-4,-5,-3
1533864603762924,-2,-2,-5,-2,0,-2,-1,-4
1533864603785864,0,-2,0,4,-2,-2,-1,-2
1533864603785864,-1,2,0,-1,4,1,0,0
1533864603785864,1,1,2,3,0,1,1,0
1533864603785864,-2,1,0,11,-1,-1,0,1
1533864603798858,-2,-3,-2,-12,12,1,-1,-3
1533864603798858,-2,-4,-4,-25,-23,-4,-2,-1
1533864603814786,1,-1,1,-8,2,2,-1,-1
1533864603814786,-1,-3,-1,-2,-3,-1,-1,0
1533864603821767,1,-2,-3,10,0,-1,0,1
1533864603821767,1,2,2,15,19,2,1,-1
1533864603822764,-5,-5,-9,-21,-36,-8,-4,-3
1533864603822764,1,1,3,-3,1,1,-1,-2
1533864603845734,-2,-3,-5,23,-2,-1,-2,0
1533864603845734,-6,-3,-3,11,4,-4,0,-2
1533864603846797,2,2,5,-7,11,1,1,-1
1533864603846797,-2,-2,0,18,-2,-1,0,-1
1533864603867826,0,-2,-4,-27,-5,-1,-1,-2
1533864603867826,2,1,-2,-5,-1,1,-2,-1
1533864603868641,0,0,-1,12,2,1,0,0
1533864603868641,-2,-1,-1,-3,-6,-2,0,-1
1533864603882692,0,1,2,-3,1,-1,-1,-1
1533864603882692,0,-2,-2,5,-1,1,-1,-1
1533864603882692,-1,0,-1,-4,1,-2,-3,-1
1533864603882692,-2,-3,-3,-7,1,-2,0,-1
1533864603905707,0,0,-2,-3,-1,0,1,0
1533864603905707,-1,-2,-1,-5,-5,-3,0,-1
1533864603906542,0,-2,1,5,3,1,-2,-3
1533864603906542,-1,0,-3,-6,-2,1,-2,-3
1533864603928483,-2,0,0,-1,-2,-2,-2,0
1533864603928483,-2,-1,-3,1,-4,-1,-4,-1
1533864603928483,-2,-1,0,6,6,1,1,1
1533864603928483,0,0,-2,-17,-8,-3,0,-1
1533864603942624,-4,-2,-3,-11,-4,-3,-2,-4
1533864603942624,-1,-1,1,-2,-1,-1,0,0
1533864603943456,1,0,1,-6,1,0,0,0
1533864603943456,-4,-2,-2,5,4,2,-1,0
1533864603965398,-1,-1,1,15,-3,2,-2,-1
1533864603965398,-1,-3,-5,-38,-1,0,0,-2
1533864603966390,0,0,-1,-8,-9,-3,-2,0
1533864603966390,-2,-1,2,30,6,-1,0,0
1533864603988320,-1,-1,-2,-37,-8,0,0,0
1533864603988320,0,0,1,15,6,1,1,-1
1533864603988320,0,-1,-1,-17,-10,-2,-2,-1
1533864603988320,-3,-4,-4,-6,-2,-1,-2,-1
1533864604002283,1,1,0,14,-1,-2,-1,-1
1533864604002283,0,-1,1,9,0,0,-2,-1
1533864604003280,0,-3,-2,0,7,0,1,1
1533864604003280,-1,0,1,-3,-1,-1,0,0
1533864604025417,-2,-1,-2,5,2,-2,-2,-4
1533864604025417,-1,-1,-1,-6,-5,-1,0,-1
1533864604026221,-2,0,0,10,3,0,-1,0
1533864604026221,-1,0,-2,-15,-5,-2,-2,-1
1533864604048162,-1,-1,-1,4,-3,1,0,1
1533864604048162,-1,0,-3,10,-2,-1,-1,-1
1533864604049171,-4,-2,-3,6,1,-4,-2,-1
1533864604049171,-1,-1,0,-9,-1,1,-1,1
1533864604062133,0,0,2,16,5,-1,0,-1
1533864604062133,-2,-2,-2,-20,-11,-4,-2,-3
1533864604063121,-3,-6,-7,2,0,-2,-3,-3
1533864604063121,1,0,0,-7,-4,-3,-1,-2
1533864604093046,-1,-1,-1,3,0,-1,1,0
1533864604093046,0,0,2,13,1,-1,-2,-1
1533864604094038,-1,0,1,-1,1,0,2,-3
1533864604094038,-1,-3,-1,-1,-1,-1,-1,-1
1533864604108218,-2,-3,-5,-15,-2,-1,-2,0
1533864604108218,-3,1,-2,-5,1,1,0,-1
1533864604108998,-2,0,0,-7,-2,0,-1,-3
1533864604108998,0,-1,0,6,0,1,0,0
1533864604121967,0,2,1,11,-2,-2,0,0
1533864604121967,-1,-2,-2,-28,-11,-3,-2,-1
1533864604122961,-2,-3,-3,2,-6,-3,-1,-2
1533864604122961,-2,-1,-1,3,0,-3,0,-2
1533864604145899,-1,-2,-3,-4,1,-4,-1,0
1533864604145899,-1,0,0,11,5,-1,0,-3
1533864604145899,1,2,0,-3,0,0,-1,0
1533864604145899,0,-1,-1,-5,0,0,-1,-1
1533864604167841,0,0,5,27,4,6,1,1
1533864604167841,-6,-7,-11,-61,-6,-3,-3,-1
1533864604168838,-1,0,-2,26,0,-2,0,0
1533864604168838,-1,-1,-6,-32,5,-2,-2,-2
1533864604181804,-2,-1,-3,-25,-18,-4,-1,-2
1533864604181804,2,1,3,24,10,2,1,2
1533864604182803,-2,0,1,-1,1,2,-2,-2
1533864604182803,-1,-2,-2,6,-1,-3,-1,-1
1533864604205801,0,-2,0,-1,5,-3,-1,0
1533864604205801,-2,-4,-2,15,-7,-3,-1,0
1533864604206737,0,-1,-2,-11,-4,-1,-1,0
1533864604206737,0,1,1,12,-1,2,0,-1
1533864604227681,-2,-1,-4,-11,0,-1,-2,-1
1533864604227681,-3,-1,-1,13,0,0,0,-2
1533864604228678,0,-2,-1,2,3,1,-1,1
1533864604228678,-1,0,-2,-6,-2,1,0,-2
1533864604242645,2,1,1,-2,0,2,0,-1
1533864604242645,0,1,2,22,2,-3,-2,-1
1533864604242645,-2,-1,-4,-36,-4,-3,-1,0
1533864604242645,-2,-2,-1,0,-6,-2,-1,0
1533864604265580,-2,-3,-2,-8,-4,-4,-3,-1
1533864604265580,1,0,3,8,2,-1,0,0
1533864604266585,1,-1,5,14,10,1,0,0
1533864604266585,1,-1,1,10,0,-2,1,0
1533864604287555,-3,-1,-4,2,-10,-2,-2,-2
1533864604287555,-3,-3,-4,7,4,0,-3,0
1533864604288521,0,-3,-1,3,-1,-2,-2,1
1533864604288521,0,-3,-4,-3,0,1,-2,-1
1533864604301512,1,0,0,18,8,1,2,0
1533864604301512,-2,-1,-2,-6,-8,-1,-1,-3
1533864604309467,1,-1,-1,5,4,-2,-3,-3
1533864604309467,-2,2,0,23,2,0,-1,-1
1533864604325423,-2,-3,-3,-49,-7,-2,-1,-3
1533864604325423,1,1,-2,0,0,-3,1,1
1533864604326417,-1,-1,0,-5,-2,0,1,2
1533864604326417,-2,-3,-3,4,-6,-1,-2,-2
1533864604348380,-2,-2,-3,-5,1,1,-1,-2
1533864604348380,0,-1,0,-2,-1,1,-1,1
1533864604348380,-1,0,0,5,-3,-2,-1,-2
1533864604348380,-1,-1,0,-17,-7,-3,-1,0
1533864604370443,-2,-1,-1,10,5,-3,0,-1
1533864604370443,-3,-3,1,2,0,-1,-2,-3
1533864604371297,-2,-2,-2,-4,-7,-2,-1,-2
1533864604371297,0,-2,-1,-11,0,-2,0,0
1533864604385406,0,-1,0,20,8,-1,-1,-2
1533864604385406,-2,-2,-1,10,-5,0,1,0
1533864604386404,-3,-2,-9,-53,-17,-3,-1,0
1533864604386404,-1,-2,-1,1,-3,-1,-1,1
1533864604408349,-2,-1,-3,18,4,0,-1,-1
1533864604408349,0,0,2,-14,-1,-1,-2,-3
1533864604408349,0,0,1,12,5,3,1,-3
1533864604408349,0,0,0,-8,-1,-3,1,0
1533864604422311,-1,-1,-2,5,-4,-2,-2,-1
1533864604422311,-2,0,-3,0,-1,-2,-1,-1
1533864604423305,-1,-1,-1,4,0,-2,-1,0
1533864604423305,-3,-1,-1,-9,-3,-2,-2,-1
1533864604445247,0,0,3,5,-1,0,0,0
1533864604445247,2,0,4,-8,-4,1,1,1
1533864604446244,-3,-3,-7,18,5,-6,-4,-3
1533864604446244,-1,1,1,-1,-6,-1,-2,0
1533864604468189,-1,-2,-2,-7,-2,-1,1,0
1533864604468189,0,-1,-1,-3,0,-1,-1,0
1533864604468189,0,-4,3,16,1,0,1,-1
1533864604468189,1,-3,-3,-4,11,0,-2,-3
1533864604481152,-3,-2,1,-1,-11,-3,-3,-1
1533864604481152,0,1,-1,-15,-11,-3,-2,-1
1533864604489131,-1,-2,1,1,0,2,0,-1
1533864604489131,-3,0,-3,10,-1,-4,-1,0
1533864604505268,0,1,-3,-18,6,2,0,1
1533864604505268,-2,-2,-5,-1,-7,0,0,-1
1533864604506089,-1,1,1,-8,-1,0,0,-2
1533864604506089,1,1,0,19,5,0,-1,-1
1533864604528024,-3,1,-3,-8,-5,-3,-3,-2
1533864604528024,-4,-2,-1,4,4,1,-1,-1
1533864604529051,-3,-7,-2,4,1,-2,-3,-2
1533864604529051,-1,2,0,-9,-10,-1,-1,-1
1533864604541993,2,-2,-2,25,9,-4,-3,0
1533864604541993,-2,-3,-3,-45,-14,-1,-2,-1
1533864604549970,-7,-4,-8,17,-8,-8,-3,-3
1533864604549970,1,1,5,-9,7,4,1,0
1533864604565932,-4,-4,-5,-35,-10,-3,-4,-1
1533864604565932,4,1,-1,19,-18,-2,1,-1
1533864604565932,-3,-2,-4,13,5,-1,-1,1
1533864604565932,-3,-3,-6,8,1,-1,-3,-1
1533864604587865,-2,-1,-1,-25,-21,2,3,1
1533864604587865,1,0,2,15,22,1,-1,-1
1533864604588862,3,3,2,-15,-9,0,0,-1
1533864604588862,0,-1,3,14,7,0,0,-2
1533864604601827,0,-2,-4,1,0,-1,-2,-1
1533864604601827,-5,-2,-3,24,7,-2,-2,-2
1533864604609806,2,3,1,-9,2,0,1,2
1533864604609806,-2,0,-2,-10,-2,-4,-1,-4
1533864604625800,2,0,2,18,6,-1,0,-2
1533864604625800,-3,-3,-4,-10,-9,-3,-1,0
1533864604625800,0,-2,-1,-24,3,-2,-4,-3
1533864604625800,-4,-5,-6,-14,-20,-6,-3,0
1533864604648703,-4,-1,2,0,-27,-3,0,-1
1533864604648703,-2,0,-1,20,22,0,-1,-1
1533864604648703,3,3,2,6,11,4,1,0
1533864604648703,2,0,-2,-17,-1,3,-1,0
1533864604661735,-7,-4,-7,-9,-14,-6,-4,-3
1533864604661735,0,3,4,4,-5,1,-1,0
1533864604669648,-1,1,1,8,4,-2,-2,-1
1533864604669648,-1,-3,-1,12,17,1,-2,0
1533864604685636,1,3,1,17,19,0,0,-1
1533864604685636,-1,-2,-1,-10,-12,-4,-2,-2
1533864604686604,-3,-3,-3,-4,-5,-1,-2,-2
1533864604686604,-3,-1,-1,11,-2,1,2,-2
1533864604708543,0,-1,-5,-22,10,-3,0,-2
1533864604708543,-1,-1,1,-8,-2,0,0,-1
1533864604708543,0,0,2,0,-6,-1,-3,-2
1533864604708543,0,-1,-6,7,-12,-4,-3,-1
1533864604721510,-2,-1,0,6,6,2,-1,-2
1533864604721510,0,1,-3,17,-2,-3,0,-2
1533864604729487,-2,-4,-7,-25,-5,-4,-1,-3
1533864604729487,-6,-1,0,-8,2,-1,-2,-1
1533864604745445,1,-2,-1,9,4,1,-1,0
1533864604745445,3,-1,-1,3,10,2,1,-1
1533864604746443,-1,0,-2,23,-1,-4,0,0
1533864604746443,1,0,-2,-24,-6,-3,0,-2
1533864604768383,-2,2,3,20,10,2,-2,-3
1533864604768383,-1,-2,-5,-51,-8,-1,-1,0
1533864604768383,-3,-4,0,7,0,-4,-1,-1
1533864604768383,0,-1,2,8,1,-3,-1,-1
1533864604781349,-2,-1,-2,-17,-5,1,0,-3
1533864604781349,1,0,-1,19,7,-1,-2,1
1533864604789327,1,1,0,-7,-3,2,2,-2
1533864604789327,1,-2,1,-9,-1,0,0,1
1533864604804307,-2,-3,0,18,4,0,-3,0
1533864604804307,-4,-2,-2,-12,-9,-2,-1,-3
1533864604813263,-1,3,1,14,1,-1,0,3
1533864604813263,-1,-1,-2,4,1,-1,-1,-1
1533864604828222,-1,1,2,23,9,-2,-1,0
1533864604828222,-5,-4,-5,-26,-1,-3,-2,-1
1533864604829220,1,-1,0,12,-5,1,-1,-3
1533864604829220,-1,0,0,-11,-10,-2,-1,-1
1533864604850199,0,-1,1,11,6,0,1,-1
1533864604850199,1,-1,-1,15,18,-2,-4,-1
1533864604852160,-3,-3,-6,-53,-14,0,0,-1
1533864604852160,-2,-2,1,-10,-15,-2,-4,0
1533864604864252,0,0,2,-15,-6,-4,-1,-1
1533864604864252,-2,1,-1,6,-2,-2,0,0
1533864604873116,2,1,3,0,9,2,-1,0
1533864604873116,1,0,-3,0,4,1,0,-1
1533864604888066,-1,-2,-4,-15,-10,0,-2,-1
1533864604888066,-2,-3,-2,13,-2,0,-2,-3
1533864604889060,1,1,1,-19,3,2,-1,0
1533864604889060,-5,-2,-6,16,-5,-6,-4,-4
1533864604910003,-3,0,-3,1,-4,-1,0,1
1533864604910003,-1,0,-1,-7,5,-2,0,1
1533864604911998,-3,-2,-2,14,-13,-1,-3,-2
1533864604911998,0,-1,1,-7,-1,3,1,0
1533864604923969,3,0,3,18,13,0,-1,-3
1533864604923969,0,-1,0,-20,-3,1,-1,-1
1533864604932942,-6,-2,-3,-15,-20,-6,-2,-3
1533864604932942,-1,-2,-5,-15,3,-1,-1,-2
1533864604947911,0,0,-2,2,-6,-1,-1,0
1533864604947911,0,1,5,14,3,2,1,0
1533864604949897,-1,-2,-2,9,11,-1,-1,1
1533864604949897,-4,-4,-1,2,0,-2,0,-2
1533864604970925,0,-1,-2,-15,-5,-1,-2,0
1533864604970925,-2,-1,-1,8,-2,-3,-1,-2
1533864604971855,0,0,1,4,2,1,1,0
1533864604971855,0,-1,0,2,3,-2,0,-1
1533864604983806,-1,-1,-3,-5,-8,-2,0,1
1533864604983806,-2,-3,-3,-6,-10,-2,-3,-2
1533864604992786,0,0,-2,8,4,0,-2,-1
1533864604992786,1,2,2,4,3,3,0,-1
1533864605007742,-3,-4,-2,-8,-1,-4,-1,-1
1533864605007742,-2,-2,-2,11,-3,-2,-4,-2
1533864605009736,-3,-3,-1,-3,0,-1,0,0
1533864605009736,0,0,0,2,2,-2,0,-3
1533864605030871,1,0,-1,-10,1,0,0,1
1533864605030871,-2,-2,-3,-9,-9,-3,-2,-1
1533864605031679,-2,-3,-1,6,4,1,0,-1
1533864605031679,1,-1,0,-9,-4,-1,-2,-1
1533864605044647,-1,-3,0,11,10,-2,-1,-2
1533864605044647,-3,-3,-5,-26,-20,-2,2,-2
1533864605052622,1,0,0,7,2,0,0,-1
1533864605052622,-3,-2,-2,4,-2,-1,-3,-1
1533864605067582,0,1,-4,0,-3,0,0,-1
1533864605067582,2,1,1,13,7,1,-1,-2
1533864605069577,0,0,0,-7,-1,0,-1,0
1533864605069577,-1,1,0,7,-6,0,1,0
1533864605090524,-4,-2,-5,-9,0,-5,-6,-4
1533864605090524,0,-2,1,19,2,1,-2,-2
1533864605092521,-1,-2,-3,6,-1,-6,-1,0
1533864605092521,0,0,1,1,4,0,-1,-1
1533864605104483,4,4,7,3,2,3,2,-1
1533864605104483,-2,-2,-7,-20,-10,-2,-2,-1
1533864605111679,0,2,0,-2,9,-5,-3,-1
1533864605111679,-3,-7,-2,-6,0,-3,0,-1
1533864605127423,-2,-2,-2,10,-2,-1,0,0
1533864605127423,0,0,3,12,3,3,-1,-1
1533864605129429,-1,0,1,8,4,2,-2,-1
1533864605129429,0,1,0,-4,-4,0,-1,1
1533864605150361,-2,-1,-2,-9,0,0,0,-1
1533864605150361,-2,0,0,2,6,-1,2,0
1533864605152364,-1,-1,0,-7,-7,0,-1,-1
1533864605152364,-2,-1,-2,-3,2,-1,0,0
1533864605165321,-1,-2,1,-15,-6,0,-2,-2
1533864605165321,1,-1,0,19,11,-1,-2,0
1533864605171336,-3,-3,-7,-14,-14,-5,0,-1
1533864605171336,0,1,-2,-10,2,-3,-3,-4
1533864605188268,-7,-9,-11,6,-13,-4,-3,-3
1533864605188268,-1,0,2,1,-1,-2,0,-1
1533864605189257,2,0,4,8,7,3,0,-1
1533864605189257,-2,1,0,14,1,-1,1,-1
1533864605210337,0,3,0,-11,-2,0,-1,0
1533864605210337,-1,-1,-2,-2,5,0,-1,-1
1533864605212196,-2,0,-2,18,1,2,-1,-2
1533864605212196,2,0,-1,-38,-8,-1,-2,-2
1533864605225163,-3,-4,-3,15,3,-3,-3,-2
1533864605225163,-3,-3,-2,-24,-34,-4,-2,1
1533864605231144,-2,-2,-3,-18,3,-3,-2,-2
1533864605231144,-2,-4,-4,-14,-1,1,-1,2
1533864605248100,-3,0,-3,3,0,1,-1,-2
1533864605248100,1,0,0,0,0,2,-1,1
1533864605249097,1,0,2,13,-1,2,1,0
1533864605249097,-2,0,-1,6,2,0,1,-1
1533864605270044,1,1,1,-10,-6,0,-1,0
1533864605270044,0,-2,-1,1,8,-1,0,1
1533864605272034,-1,-1,-2,-12,-11,-3,-1,-1
1533864605272034,-1,-2,-1,18,3,-3,0,-1
1533864605284005,1,-1,0,-28,-4,-3,-1,0
1533864605284005,-2,-2,-2,-2,2,-2,-2,-3
1533864605292979,-2,-2,-2,-5,6,0,-1,-1
1533864605292979,0,-3,1,9,-2,2,1,-1
1533864605307940,3,2,7,58,11,3,1,0
1533864605307940,-11,-10,-17,-67,-24,-10,-7,-5
1533864605309943,0,-3,-1,17,-15,-5,-1,-2
1533864605309943,-6,-4,-4,14,14,-4,-3,-3
1533864605330888,1,0,3,5,-6,-1,2,-1
1533864605330888,3,3,5,17,9,2,1,-1
1533864605331876,1,0,2,-2,3,1,0,0
1533864605331876,1,1,1,-10,-7,0,-1,-2
1533864605343846,1,1,-3,-18,3,0,0,-2
1533864605343846,-4,-2,-1,46,8,2,0,-1
1533864605352831,-5,0,-3,-19,-6,-4,-1,-3
1533864605352831,1,0,-2,8,1,1,-3,0
1533864605367973,-2,-2,-2,-29,-7,-3,-1,-1
1533864605367973,1,0,-1,8,1,-2,-2,-2
1533864605369773,-1,0,0,15,5,2,0,-1
1533864605369773,-2,0,-2,-1,-6,0,-2,-1
1533864605390721,-3,-2,-4,-11,-3,-1,-4,0
1533864605390721,1,0,4,3,3,2,0,-3
1533864605391715,1,0,0,-2,0,-1,1,0
1533864605391715,-4,-3,-6,-29,-17,-7,-4,-2
1533864605403685,0,-3,-3,-13,-11,-3,-1,0
1533864605403685,-2,-1,-2,12,10,-4,-2,-3
1533864605412886,-3,0,-3,2,-1,1,-3,-1
1533864605412886,1,-1,1,10,1,1,2,-2
1533864605427620,-1,-1,2,0,1,0,-1,-1
1533864605427620,0,-1,0,-11,-5,-2,-2,-1
1533864605429614,-2,-3,-1,-2,6,1,-2,0
1533864605429614,-3,-1,5,33,5,-1,-3,-1
1533864605450559,-2,-2,-4,-70,-21,-2,-1,-2
1533864605450559,-1,-1,-6,-35,-15,-5,-2,-2
1533864605451555,0,-2,-3,2,1,-1,-1,-2
1533864605451555,-4,-2,-4,10,5,-1,-1,-1
1533864605464521,1,0,3,15,0,1,0,-1
1533864605464521,-2,0,4,5,2,0,2,1
1533864605480478,1,-1,-1,-13,-6,-1,0,-1
1533864605480478,-1,-1,-2,0,-1,1,-1,-2
1533864605487463,-1,1,-1,8,5,0,1,0
1533864605487463,0,1,-1,13,14,2,0,1
1533864605489454,-5,-3,-3,-9,-11,-5,-3,-1
1533864605489454,-2,-2,-2,7,-14,-4,-2,-2
1533864605510401,-2,-3,-4,-25,-1,-2,-4,-3
1533864605510401,1,-1,-5,-8,-2,0,1,1
1533864605512397,1,-2,1,9,10,1,0,1
1533864605512397,0,-2,-2,-6,0,-1,0,0
1533864605524364,-2,-1,-1,15,0,-3,-2,-2
1533864605524364,1,0,6,4,0,0,-1,1
1533864605533336,0,1,0,17,5,-2,-2,-3
1533864605533336,-3,-1,-4,-61,-19,-4,-2,-2
1533864605548297,-2,-3,-2,24,10,-2,-1,-1
1533864605548297,-3,-2,1,0,-2,-1,-1,-2
1533864605549293,-2,0,-1,-1,-2,-1,-1,0
1533864605549293,3,1,3,1,2,1,0,-1
1533864605570340,-3,-3,-3,6,3,1,0,-3
1533864605570340,-1,1,-1,-2,-1,-2,-4,-1
1533864605572233,-3,-3,0,-6,-4,1,1,-1
1533864605572233,-1,-2,0,14,9,0,1,-2
1533864605584202,-1,2,2,6,-6,0,-1,1
1533864605584202,-1,-2,-1,32,30,0,-1,-2
1533864605593176,-4,-5,-15,-76,-47,-11,-6,-5
1533864605593176,-5,-5,-7,2,3,-2,-1,-1
1533864605608136,1,0,4,15,7,1,1,1
1533864605608136,-1,-1,2,19,0,2,1,-1
1533864605609134,3,1,6,6,8,1,-2,1
1533864605609134,-1,-4,-4,-8,12,-3,-3,-3
1533864605630081,-4,-2,-2,6,-7,-3,-1,-1
1533864605630081,1,0,-4,-21,-29,-2,-1,-2
1533864605632082,1,-1,-1,7,5,0,1,-1
1533864605632082,1,2,0,-5,-8,0,0,2
1533864605644157,0,0,-2,14,13,1,-1,1
1533864605644157,-2,-1,-2,-5,-2,0,-1,0
1533864605653016,0,-1,-1,7,10,-1,-1,-1
1533864605653016,1,2,3,2,-6,0,0,0
1533864605667982,-1,-1,-1,-7,0,-1,0,-3
1533864605667982,-2,-3,-4,-9,-7,-3,-2,0
1533864605669986,-3,0,-1,13,7,0,-3,0
1533864605669986,0,2,2,26,9,2,-1,-2
1533864605690915,-3,-2,-5,-20,-10,-3,-1,-3
1533864605690915,-3,-3,-1,-28,0,-1,-1,-2
1533864605691922,-2,-3,-1,10,7,-2,0,-2
1533864605691922,0,-2,-3,-1,5,-1,0,0
1533864605704016,1,-1,1,4,-12,-3,-1,-2
1533864605704016,1,-1,-1,-11,0,0,-1,1
1533864605712868,-1,0,2,0,7,0,0,0
1533864605712868,1,2,2,26,3,0,1,-1
1533864605727817,-5,-4,-6,-36,-15,-9,-6,-5
1533864605727817,-2,-2,3,21,10,-1,-1,-2
1533864605729812,-1,0,2,2,7,0,0,-1
1533864605729812,-4,-3,-3,-29,-30,-3,0,-3
1533864605757740,3,3,1,28,15,4,0,2
1533864605757740,0,-2,0,-5,-4,-2,-2,-2
1533864605759731,-1,-2,-3,1,-2,0,-2,-2
1533864605759731,2,-1,1,-5,9,2,0,1
1533864605772784,-2,-2,-3,-7,-7,-2,-1,1
1533864605772784,1,0,-1,9,-3,-1,-1,-2
1533864605774775,1,-1,0,4,-4,-1,0,0
1533864605774775,-2,-3,-1,10,6,-2,-2,0
1533864605787958,-3,-3,-4,-32,-5,-2,-2,-1
1533864605787958,-2,0,-1,-3,-3,0,1,-1
1533864605789735,-2,0,0,-3,-3,-2,0,-2
1533864605789735,1,1,6,31,14,4,-1,0
1533864605810683,-2,-1,-3,-55,-16,-4,-1,-2
1533864605810683,-3,-2,-5,-2,-7,-5,-3,-2
1533864605811676,-2,-4,-7,3,-5,-4,-1,-1
1533864605811676,-6,-2,-3,8,0,-3,-1,-2
1533864605832622,1,1,5,26,9,4,0,1
1533864605832622,0,0,-2,4,2,-2,-1,-2
1533864605834617,0,0,3,1,-6,0,0,0
1533864605834617,2,1,2,-9,8,2,0,0
1533864605847621,-2,-2,-6,19,7,-4,-1,-1
1533864605847621,-5,-7,-7,-3,-16,-5,-3,-3
1533864605849594,-1,0,-1,8,4,0,-1,0
1533864605849594,-2,-4,-3,-4,-2,-3,-2,0
1533864605870524,1,2,3,11,8,2,1,-2
1533864605870524,0,1,2,-1,2,-1,0,-2
1533864605872520,-2,0,1,-7,-2,-1,-1,-1
1533864605872520,-2,-2,-4,-10,-6,-3,-1,0
1533864605893466,-2,-2,-2,5,-5,-2,-1,-2
1533864605893466,0,-1,-1,3,3,-1,-1,0
1533864605894465,-2,-2,-2,11,2,-1,0,-2
1533864605894465,1,1,-2,-55,-17,1,-1,0
1533864605907439,-3,-4,-6,18,4,-4,-4,-2
1533864605907439,2,1,2,-2,12,4,1,0
1533864605914404,-3,-1,-2,31,4,0,0,-1
1533864605914404,-6,-3,-5,-1,-16,-7,-2,-4
1533864605930360,2,-2,-1,16,11,2,-1,0
1533864605930360,-1,-1,-1,-30,-6,0,-2,1
1533864605932355,0,0,0,20,4,-1,-1,0
1533864605932355,2,-1,-1,-8,2,0,0,-2
1533864605953302,-1,0,1,22,5,-1,-1,-2
1533864605953302,-6,-4,-5,-10,-4,-5,-5,-2
1533864605954296,0,0,3,-2,-2,2,0,-1
1533864605954296,-5,-4,-6,-43,-10,-4,-5,-3
1533864605967264,0,-2,-2,-4,-5,-2,0,0
1533864605967264,0,0,1,11,2,0,0,0
1533864605974242,0,2,-2,-15,-4,-3,-2,-2
1533864605974242,0,-2,1,-8,-7,-2,-2,0
1533864605990200,1,-1,0,-2,3,1,2,0
1533864605990200,1,1,2,-3,-3,3,1,-1
1533864605992194,-4,-3,-4,-8,2,-5,-3,-1
1533864605992194,-3,-3,-1,36,5,0,-2,-2
1533864606013137,-2,0,-1,-20,8,-1,-2,-2
1533864606013137,-1,2,1,20,-29,-3,2,-1
1533864606014135,-1,-2,0,-20,-7,0,-1,-2
1533864606014135,-5,-5,-7,-32,1,-4,-2,-3
1533864606035080,-4,-2,-3,5,0,1,-1,1
1533864606035080,-1,-1,-2,1,-1,-2,-2,-1
1533864606037091,6,2,9,33,8,2,2,0
1533864606037091,-2,-3,-7,-28,10,-3,-2,-3
1533864606051041,3,2,4,-4,-12,1,2,0
1533864606051041,-2,-1,-4,-27,-10,-4,-3,-3
1533864606052067,-5,-4,-6,8,-10,-1,-1,-3
1533864606052067,3,1,2,12,-2,3,-1,-1
1533864606072982,-1,0,1,1,8,-4,-1,0
1533864606072982,0,-1,3,-4,4,1,2,0
1533864606074972,-1,-1,0,-12,6,-1,-1,0
1533864606074972,2,1,-1,-5,-19,0,0,1
1533864606086945,-2,-4,-2,9,-1,-1,-4,-3
1533864606086945,-2,-4,-2,-18,-2,0,-1,-1
1533864606093922,-3,-3,-6,-9,2,-1,-3,-2
1533864606093922,1,2,4,23,10,0,-1,-1
1533864606111073,0,-1,0,5,-16,-2,-1,0
1533864606111073,-1,-1,-2,-16,18,-4,-2,-1
1533864606111887,-10,-6,-12,-4,-26,-8,-5,-2
1533864606111887,0,2,5,0,14,4,1,1
1533864606132818,-6,-7,-10,6,-37,-9,-6,-3
1533864606132818,1,0,5,35,14,2,1,0
1533864606134813,1,3,0,-41,0,-3,2,-1
1533864606134813,-1,0,-1,7,-3,-4,0,-1
1533864606147784,-3,0,1,-1,7,5,-2,-2
1533864606147784,1,1,1,14,8,2,-2,0
1533864606153806,-1,-2,-5,3,-13,0,-1,0
1533864606153806,0,0,0,7,-7,-2,-2,-1
1533864606170717,1,-1,0,-16,7,1,1,-1
1533864606170717,-2,-4,-5,3,-9,-3,-2,-3
1533864606171713,2,2,2,-18,0,-1,0,0
1533864606171713,0,-1,-2,24,13,-2,-1,-1
1533864606192868,-1,-1,-4,-37,-12,-3,0,-1
1533864606192868,-5,-5,-7,18,-5,-6,-4,-4
1533864606194653,0,-2,-4,-54,-20,-3,-2,-1
1533864606194653,-1,-2,-2,10,1,0,-1,-1
1533864606207801,-1,-1,-2,15,7,0,1,0
1533864606207801,1,1,3,-6,-1,-1,0,1
1533864606213602,3,-1,0,4,14,2,1,-3
1533864606213602,-1,-2,-2,15,-11,-3,-1,-1
1533864606230556,0,2,2,-5,10,1,0,-2
1533864606230556,-3,-1,0,-12,-19,-1,0,-1
1533864606231554,-2,-4,-4,16,4,-2,-3,1
1533864606231554,2,3,2,23,15,1,1,-1
1533864606252501,-4,-1,-4,-45,-18,-5,-4,-2
1533864606252501,-3,-3,-3,12,11,1,-1,-1
1533864606254492,-2,-2,-2,-4,-1,-2,-1,-3
1533864606254492,-3,-3,0,6,-3,2,1,-1
1533864606266461,4,0,1,-16,5,1,1,-2
1533864606266461,0,0,-3,2,-2,-2,-2,0
1533864606275436,0,0,1,-5,-1,1,0,0
1533864606275436,-2,-1,-3,0,-1,-1,0,-2
1533864606291420,-3,0,4,22,8,-2,-2,0
1533864606291420,-3,-4,-7,-15,-8,-2,-2,-2
1533864606292392,2,3,2,3,6,2,1,-1
1533864606292392,-4,-5,-4,7,9,-2,-3,-3
1533864606313559,-3,-1,-2,-8,-27,-2,-2,0
1533864606313559,2,0,1,4,0,0,0,1
1533864606315330,0,0,2,-6,9,0,1,0
1533864606315330,-2,2,-1,-22,-20,-3,-3,-2
1533864606326497,-3,-3,-3,1,10,-2,-2,-3
1533864606326497,-2,0,-1,-1,-2,-2,-2,-1
1533864606335277,-2,-1,0,13,1,-1,-2,-1
1533864606335277,2,0,2,-2,4,2,0,0
1533864606350248,-1,0,-1,18,1,-2,1,-2
1533864606350248,2,2,-1,-16,-2,2,1,2
1533864606352231,-4,-4,-5,27,14,-5,-4,-2
1533864606352231,-1,0,-4,-36,-21,-5,-1,-2
1533864606373178,0,-1,-3,12,7,-2,-1,0
1533864606373178,0,0,0,10,3,0,0,-3
1533864606374177,4,2,1,-3,1,1,0,0
1533864606374177,0,-2,3,5,29,6,0,0
1533864606386144,-2,-3,-4,43,-17,-5,-1,-1
1533864606386144,-8,-8,-11,-15,4,-6,-4,-5
1533864606395120,-4,-1,-1,4,-4,0,-1,-1
1533864606395120,-2,0,-1,15,-2,-1,-1,1
1533864606410080,6,6,5,-44,8,4,1,0
1533864606410080,1,0,1,59,22,-3,-1,1
1533864606412071,-4,-4,-10,-61,-32,-6,-1,-2
1533864606412071,-2,-4,-1,8,20,-2,-3,-2
1533864606433016,3,0,5,-12,1,2,0,-1
1533864606433016,-6,-3,-2,-4,-33,-9,-3,-2
1533864606434012,0,2,0,5,3,1,-1,0
1533864606434012,-2,-3,-3,-8,5,0,-1,-1
1533864606447160,-1,0,-1,-3,-1,-1,0,0
1533864606447160,0,-2,-3,-26,-8,-2,-1,-1
1533864606455979,0,0,2,13,2,2,2,2
1533864606455979,-2,-2,0,6,-2,-2,-2,-2
1533864606470916,1,-2,-4,6,-14,-3,-1,0
1533864606470916,1,2,5,-8,9,2,2,0
1533864606471929,-4,-2,-5,23,-11,-5,-3,-1
1533864606471929,-2,-1,-5,-36,-12,-4,-2,0
1533864606493035,-2,-3,2,20,10,3,1,2
1533864606493035,-1,-3,-6,-37,-9,-1,-3,-2
1533864606494856,1,0,0,6,18,0,-2,-1
1533864606494856,1,1,0,-7,-20,-3,-3,-1
1533864606506821,-4,-3,-2,1,5,-3,-2,-1
1533864606506821,2,1,2,1,3,1,1,0
1533864606515794,-5,-5,2,17,6,0,-2,-1
1533864606515794,0,-1,0,12,2,1,1,-1
1533864606530754,-2,-1,-5,-20,-8,-3,-2,-3
1533864606530754,1,0,0,7,10,3,0,-2
1533864606531758,2,4,1,-6,-4,0,-1,-3
1533864606531758,-3,-1,-3,23,2,-2,0,0
1533864606552698,-4,-2,-5,12,3,-2,1,0
1533864606552698,1,2,1,-32,-2,-3,-3,-1
1533864606554690,2,5,7,-8,1,-1,-1,4
1533864606554690,-4,-8,-9,-19,-27,-6,-2,-2
1533864606566659,0,-4,-8,5,-13,-3,-4,-4
1533864606566659,-2,-2,-2,7,-4,-1,-2,1
1533864606575634,0,-3,-3,-3,-2,1,1,1
1533864606575634,-3,1,2,3,2,0,-2,-3
1533864606590599,-1,0,3,-2,6,-1,-1,2
1533864606590599,-1,1,-2,8,-6,-1,0,0
1533864606592599,0,-1,1,-25,-6,0,1,-2
1533864606592599,-1,-2,0,15,6,-1,-1,1
1533864606612535,-2,0,-2,0,2,0,-3,-4
1533864606612535,-1,-1,1,3,0,1,-2,0
1533864606614529,-1,-3,-2,15,4,-1,-1,-3
1533864606614529,0,-2,-1,-17,-4,-3,-1,-1
1533864606626497,-1,-1,-1,-4,1,-3,0,-2
1533864606626497,-2,-2,-1,7,-1,0,0,0
1533864606635491,0,-3,-4,-1,-4,0,-1,0
1533864606635491,-2,-3,-3,-2,-3,-1,-1,0
1533864606650829,-1,0,-3,-3,0,2,0,-1
1533864606650829,0,1,2,7,2,-1,0,0
1533864606651647,-1,-2,1,34,0,-1,-2,-1
1533864606651647,0,-1,-5,-70,-10,-2,-1,-1
1533864606672556,1,-1,3,6,17,4,0,1
1533864606672556,-7,-7,-7,12,-6,-4,-2,-3
1533864606674548,-2,-1,-5,0,-12,-2,-1,0
1533864606674548,0,2,2,27,3,0,0,-2
1533864606695495,-2,-1,-4,-12,0,-3,1,-3
1533864606695495,4,-2,3,-5,5,1,0,1
1533864606697486,-1,-6,-4,-6,1,-4,-3,-2
1533864606697486,-1,2,1,6,-1,1,-1,-1
1533864606710455,0,3,2,-2,0,-2,-2,-1
1533864606710455,-1,0,-1,12,-3,1,3,-1
1533864606712450,-5,-4,-4,-16,-11,-5,-3,-5
1533864606712450,-6,-12,-3,29,7,-3,-1,-2
1533864606733394,-1,-1,1,-35,7,0,0,0
1533864606733394,0,-1,-4,-16,-32,-2,-1,-3
1533864606734389,4,5,4,7,8,0,1,4
1533864606734389,-4,-2,-3,-21,-7,-3,-1,-1
1533864606755332,-1,0,0,20,1,0,0,-1
1533864606755332,0,1,0,-11,7,3,0,0
1533864606757326,0,1,-4,4,5,2,0,0
1533864606757326,-1,-1,0,23,2,-2,-2,-1
1533864606770293,-2,-3,0,-12,-14,-3,-1,-2
1533864606770293,-1,-1,1,12,7,0,1,1
1533864606772287,-2,-4,-5,-37,-7,-1,-2,-2
1533864606772287,-4,-3,-7,-16,-20,-5,-4,-1
1533864606793230,-1,-2,-2,13,2,-2,-2,-1
1533864606793230,0,-1,-1,-5,4,0,-1,0
1533864606794228,1,-1,2,13,-4,-1,1,-2
1533864606794228,2,1,2,-7,9,0,2,-1
1533864606815174,-3,-4,-6,-1,-11,-5,-2,-3
1533864606815174,0,0,1,17,14,1,0,-2
1533864606817167,1,-1,3,-1,23,3,-1,1
1533864606817167,1,1,-3,-19,-28,-3,-1,-2
1533864606830336,-5,-4,-4,38,5,-4,-4,-3
1533864606830336,1,2,1,-19,19,1,-1,0
1533864606832129,-10,-11,-15,-39,-71,-14,-5,-3
1533864606832129,7,5,10,15,22,8,4,2
1533864606853071,-2,-4,-5,-14,-1,-1,-1,-1
1533864606853071,-2,-2,-4,1,7,-3,-4,-2
1533864606855066,0,1,2,12,13,-2,1,-2
1533864606855066,0,1,2,-8,-10,-2,-1,-1
1533864606876068,3,1,0,7,-7,0,0,1
1533864606876068,-6,-3,0,3,5,-1,0,-2
1533864606877007,-1,0,0,-9,-2,0,0,-1
1533864606877007,-2,-1,-4,27,6,1,-1,-1
1533864606889975,0,0,1,-19,-1,3,1,1
1533864606889975,3,0,0,20,38,3,2,0
1533864606896969,-7,-5,-10,-43,-74,-9,-7,-4
1533864606896969,-3,-2,-3,11,8,2,-3,-2
1533864606913102,1,-1,-1,-34,-1,-1,-2,1
1533864606913102,3,2,3,10,1,0,1,0
1533864606914906,-2,-2,-7,-14,16,-2,-1,-2
1533864606914906,2,-1,4,28,7,1,2,0
1533864606935850,-8,-5,-4,-10,-16,-6,-3,-2
1533864606935850,-4,-5,-2,-21,-19,-3,-3,-2
1533864606936864,4,4,7,32,41,6,0,0
1533864606936864,-1,-2,-3,-20,-32,-2,-1,0
1533864606949835,2,3,1,-20,13,3,0,0
1533864606949835,-3,0,-1,-8,-18,-5,-4,-1
1533864606957858,-4,-3,-2,17,12,-2,-3,-2
1533864606957858,-1,2,-1,-12,3,-2,-1,0
1533864606972753,-4,-4,-3,35,6,-4,-3,-1
1533864606972753,-1,0,-1,-4,-10,0,-1,-2
1533864606974745,1,-1,0,5,3,3,-2,0
1533864606974745,-1,-2,0,-12,6,1,0,-1
1533864606995705,1,-2,0,12,-1,2,0,0
1533864606995705,0,1,-2,-2,-7,-2,-3,-2
1533864606996688,-1,-3,2,-6,19,2,2,1
1533864606996688,-5,-4,-4,11,-4,-6,-2,-2
1533864607009650,-4,-3,-4,-23,-14,-4,-4,-3
1533864607009650,-3,-2,-3,-7,-13,-2,-1,-1
1533864607016632,2,2,2,16,10,0,2,0
1533864607016632,2,2,1,-1,8,1,-2,-1
1533864607032595,1,0,-2,5,-1,-1,-2,0
1533864607032595,-2,-2,0,0,-1,0,-1,-1
1533864607034591,3,2,2,4,7,2,-1,1
1533864607034591,1,-2,-1,-4,-2,-3,-2,-2
1533864607055714,-3,-3,-8,1,-3,-8,-2,-4
1533864607055714,-3,-3,-5,-29,-17,0,0,0
1533864607057525,-6,-5,-3,28,-2,-6,-5,-6
1533864607057525,-5,-3,-7,-12,-3,1,-2,-1
1533864607069495,6,4,8,18,19,6,2,1
1533864607069495,-4,-5,-5,-9,-30,-7,-4,-4
1533864607076476,2,2,2,-20,-4,2,2,0
1533864607076476,-1,-3,-5,18,3,-5,-4,-2
1533864607093430,-1,2,0,21,22,1,0,-2
1533864607093430,0,0,-2,9,-6,-2,-2,0
1533864607094425,0,-2,-2,-11,1,0,2,0
1533864607094425,0,-1,2,0,3,-2,0,0
1533864607115378,-1,1,0,-8,-10,0,-1,-1
1533864607115378,-2,-3,-1,9,3,-1,0,-2
1533864607117364,-1,-1,-3,-1,-4,1,0,-1
1533864607117364,0,-1,-1,6,5,-1,-2,-3
1533864607129335,-1,-2,-1,5,-16,-1,-1,-2
1533864607129335,-2,-1,-2,-25,7,-3,-2,-2
1533864607136329,-2,-4,-5,-10,21,-5,-4,-2
1533864607136329,-6,-3,-7,15,-17,-2,-1,-2
1533864607153271,-2,-1,2,-6,-5,1,0,2
1533864607153271,1,1,4,20,-1,1,0,-2
1533864607154265,3,4,5,22,13,2,3,1
1533864607154265,-2,-3,-6,-44,-14,-4,-2,-2
1533864607175209,-3,0,-1,1,-9,-2,-1,-3
1533864607175209,1,-2,-4,-1,4,-1,0,0
1533864607177204,-2,-1,-2,-14,-7,-3,-3,-2
1533864607177204,-1,-1,1,2,6,2,0,-1
1533864607189174,0,-3,1,7,-4,1,2,0
1533864607189174,-1,-1,0,30,15,-1,1,2
1533864607198148,-3,-2,-4,-58,-11,-3,-4,-1
1533864607198148,-2,-3,-2,17,7,-2,0,-2
1533864607213111,0,0,-2,0,9,-1,1,-1
1533864607213111,-3,-3,-3,-5,-26,-6,0,-2
1533864607214105,-2,-2,1,25,0,-1,-1,-1
1533864607214105,3,3,7,10,11,2,1,0
1533864607235052,-3,-4,-6,-38,-14,-3,-2,-2
1533864607235052,3,3,4,12,25,5,-2,0
1533864607237043,-3,-3,-4,7,-25,-5,-2,-2
1533864607237043,0,1,-1,-20,-3,-2,-3,0
1533864607249011,-1,-2,1,5,3,-1,-1,-1
1533864607249011,0,1,-2,11,3,-2,1,0
1533864607257988,-3,-2,-4,-23,-7,-2,-2,-2
1533864607257988,2,-2,-2,-17,0,0,0,0
1533864607272951,-2,2,-1,2,-8,-2,-3,0
1533864607272951,-3,-2,-5,-8,-3,0,0,-1
1533864607274942,0,1,2,19,4,3,2,1
1533864607274942,0,0,2,3,0,-1,-1,-1
1533864607295889,-1,-2,-2,-3,10,-1,-1,-3
1533864607295889,-2,-3,0,-14,-6,-2,0,-2
1533864607296883,3,1,4,-7,-16,-1,0,-1
1533864607296883,1,1,1,18,19,4,0,0
1533864607308851,-7,-4,-7,-11,-16,-5,-5,-3
1533864607308851,0,1,3,13,14,3,-1,1
1533864607317846,1,1,-3,-6,4,1,1,1
1533864607317846,2,2,4,-9,-16,-2,-1,-2
1533864607332798,4,0,2,30,19,1,0,2
1533864607332798,-3,-2,-5,-71,-15,0,-1,-2
1533864607334782,-3,-6,-7,42,-2,-5,-5,-6
1533864607334782,-1,0,-4,10,5,-1,1,0
1533864607355746,-1,-1,-1,-11,-2,2,1,0
1533864607355746,-3,0,0,16,11,-2,-3,-2
1533864607356728,2,0,2,-14,1,2,0,1
1533864607356728,-3,-3,-5,-9,7,-3,-1,-2
1533864607368697,0,2,2,29,-7,-4,-1,-1
1533864607368697,2,1,-3,-47,-6,-1,0,-1
1533864607377670,-3,0,1,11,3,-1,-2,-1
1533864607377670,-1,-1,-2,7,-4,-2,-2,0
1533864607392627,-2,-2,-2,-4,6,1,-1,-1
1533864607392627,0,-3,-1,-14,-18,-1,-1,-1
1533864607394661,1,2,-1,-13,-7,0,0,0
1533864607394661,-1,0,-1,-10,5,1,-2,-2
1533864607422550,-3,-2,-2,20,9,1,1,-2
1533864607422550,0,-1,-1,25,1,-5,-3,4
1533864607424543,-4,-4,-7,-23,-12,-4,-5,-6
1533864607424543,-2,-1,-3,-11,-7,-1,-1,-1
1533864607429532,1,1,1,-11,-4,1,-1,-1
1533864607429532,-3,-3,5,24,3,-3,-2,-1
1533864607438514,1,-3,2,1,5,1,-1,2
1533864607438514,-2,-1,-5,-10,-14,-5,-2,0
1533864607452470,-2,-1,-4,-13,-5,0,1,-1
1533864607452470,-2,1,-2,7,1,0,-1,-1
1533864607454469,-1,0,-1,-12,5,-1,-2,0
1533864607454469,-4,-3,-3,-7,-6,-1,-1,-3
1533864607475409,0,0,-3,-4,1,-3,-2,0
1533864607475409,-1,-1,-2,10,0,1,0,-1
1533864607477400,-1,-1,4,10,-1,-1,0,-2
1533864607477400,-2,-4,-3,2,-1,-1,0,1
1533864607489402,-1,-3,0,-16,-6,-2,-2,-1
1533864607489402,0,0,-2,9,4,0,-2,-1
1533864607498379,-1,0,-2,5,1,2,-1,0
1533864607498379,2,2,3,15,0,-1,0,0
1533864607513339,-2,0,-2,-19,-4,-5,-1,-2
1533864607513339,-1,0,-1,16,0,0,-3,-3
1533864607514335,-1,-1,-2,7,24,5,1,0
1533864607514335,-4,-3,-3,-9,-26,-9,0,-4
1533864607535283,-1,-7,1,13,-6,1,1,2
1533864607535283,-3,-2,-8,12,-3,-2,-4,-2
1533864607537275,-1,2,5,12,15,1,3,0
1533864607537275,1,1,6,9,13,2,-2,0
1533864607549242,-3,0,-6,-4,-19,-8,-5,-3
1533864607549242,2,-3,1,-14,8,2,2,2
1533864607558219,-1,-9,-4,23,1,-3,-2,-2
1533864607558219,-2,-2,-2,-3,6,2,-1,-1
1533864607573191,1,-2,2,7,7,1,0,-2
1533864607573191,-1,4,1,-31,-6,-1,-1,-2
1533864607574176,-3,1,-5,-2,-9,-5,-4,-2
1533864607574176,-2,-2,-3,-6,-3,-2,-2,0
1533864607595123,1,2,0,-1,1,-1,-1,1
1533864607595123,0,3,5,28,4,1,0,-2
1533864607597126,-2,-2,-1,-15,-18,-5,-1,-1
1533864607597126,-1,1,0,-2,-3,-1,-2,-1
1533864607609083,-1,-2,-3,-19,1,1,-1,-1
1533864607609083,0,-3,0,8,0,-2,0,-1
1533864607618059,1,1,3,5,5,-1,3,1
1533864607618059,-7,-8,-7,2,-8,-6,-3,-3
1533864607632023,2,2,5,16,7,4,1,0
1533864607632023,1,-2,-1,-27,-16,-2,1,0
1533864607639003,-6,-6,-7,21,-2,-5,-4,-5
1533864607639003,3,2,4,-17,14,4,1,0
1533864607654962,-5,-5,-3,26,-4,-5,-3,-3
1533864607654962,0,-3,-3,-65,-29,-5,0,-1
1533864607656957,6,2,3,4,19,4,1,1
1533864607656957,-3,-2,-3,22,-16,-8,-4,-4
1533864607678104,-9,-4,-12,3,-30,-9,-6,-5
1533864607678104,-5,-4,-3,12,7,5,1,-1
1533864607683885,0,3,4,-14,-5,0,1,0
1533864607683885,4,1,3,6,15,4,1,1
1533864607700838,2,1,4,-8,19,4,3,0
1533864607700838,1,0,-1,2,-19,-3,-1,-1
1533864607701836,-4,-6,-12,-25,-6,-8,-4,-6
1533864607701836,-4,-1,1,-2,-7,2,-1,0
1533864607715799,2,2,0,-8,1,1,-1,1
1533864607715799,-2,-1,-2,36,15,-2,-2,-2
1533864607716808,2,2,3,-7,-3,1,2,0
1533864607716808,-4,-4,-7,-12,-25,-8,-4,-4
1533864607737777,-1,-2,1,-9,9,-1,-2,-1
1533864607737777,0,0,-1,15,13,-1,-2,-3
1533864607739734,5,3,3,6,3,4,3,3
1533864607739734,-5,-5,-7,-16,7,-3,-3,-3
1533864607752700,-2,1,2,3,-4,-2,-1,0
1533864607752700,1,0,1,-3,6,3,0,2
1533864607754694,-5,-3,-3,27,-3,-3,0,0
1533864607754694,1,1,1,6,15,5,3,0
1533864607775680,0,-3,-7,-68,-23,-3,-2,-2
1533864607775680,0,0,0,11,17,-1,0,0
1533864607776646,-3,-1,-6,-28,-18,-2,-2,-3
1533864607776646,-2,-1,-4,-33,-22,-5,-1,-2
1533864607797578,-3,-3,-1,40,-2,-4,-4,-2
1533864607797578,-3,-4,-2,-12,-14,-1,0,-2
1533864607799575,1,-1,-2,2,11,1,-1,-2
1533864607799575,0,-1,1,2,-6,2,3,3
1533864607812742,0,1,1,-7,5,0,-2,-1
1533864607812742,-2,-2,-2,1,4,-5,-2,-1
1533864607819526,1,2,5,28,3,3,0,-1
1533864607819526,3,0,-1,-58,-2,-3,0,0
1533864607835479,-4,-3,-6,16,21,2,1,-1
1533864607835479,-8,-6,-9,-19,-37,-7,-5,-4
1533864607837476,1,1,4,-17,4,2,1,1
1533864607837476,-2,-3,-3,21,-3,-3,-4,-2
1533864607857422,3,3,3,3,13,2,3,-1
1533864607857422,-1,-1,-3,3,10,-1,-2,-1
1533864607859414,-2,-1,-3,-12,-18,-4,-5,-2
1533864607859414,0,1,3,15,15,2,-3,-1
1533864607872381,2,0,1,17,-5,1,0,0
1533864607872381,1,1,0,-48,8,2,2,2
1533864607879363,-4,-4,-4,61,23,-6,-2,-4
1533864607879363,-10,-6,-14,-46,-46,-11,-3,-3
1533864607895320,-4,-4,-2,-5,-6,-3,-1,-1
1533864607895320,0,0,0,5,-4,-2,-3,-1
1533864607897312,2,0,1,-7,18,2,0,1
1533864607897312,5,4,4,25,21,4,0,-1
1533864607918259,1,-1,-1,-17,-10,-2,0,0
1533864607918259,1,1,6,23,24,3,0,0
1533864607919253,-10,-8,-12,-21,-29,-9,-6,-3
1533864607919253,-3,0,2,26,3,-2,0,-1
1533864607932218,1,-2,2,-11,-9,0,-1,-1
1533864607932218,1,0,2,12,3,1,2,-1
1533864607939203,1,0,-2,-17,-9,-1,1,1
1533864607939203,1,0,1,-1,0,-2,-1,-1
1533864607955157,0,0,0,1,6,-2,-2,-1
1533864607955157,-1,1,-1,14,3,1,2,-1
1533864607957152,1,1,2,-4,-2,1,-3,1
1533864607957152,-3,-5,-7,-9,-14,-4,-4,-4
1533864607978097,4,4,10,-3,31,6,3,2
1533864607978097,-8,-9,-16,-51,-43,-18,-9,-5
1533864607980102,-5,-4,0,-7,-8,-2,-2,-2
1533864607980102,2,0,4,31,20,7,2,0
1533864607992227,-1,-1,-3,-12,-17,-3,-3,-4
1533864607992227,3,1,1,3,9,4,1,1
1533864607999056,2,1,1,-10,-2,0,3,0
1533864607999056,-1,-1,0,-1,1,1,0,0
1533864608015036,-2,-1,-3,10,5,1,-1,0
1533864608015036,-2,-2,-1,6,1,-1,0,-1
1533864608016991,1,-3,-3,-7,-12,-4,-3,-4
1533864608016991,1,0,2,12,10,1,-1,0
1533864608037938,-3,-2,-3,-6,-11,-4,-1,0
1533864608037938,-3,1,0,10,1,0,-5,-2
1533864608039930,-3,-1,1,13,-4,1,0,-2
1533864608039930,-2,-3,-4,-17,-5,-1,-3,-3
1533864608051932,1,-1,-1,-5,-2,0,-1,-1
1533864608051932,-3,-4,-1,16,1,-1,-1,-1
1533864608058919,3,4,5,-19,5,4,2,0
1533864608058919,-4,-5,-11,11,3,-7,-4,-4
1533864608075854,-5,-2,-4,4,-13,-4,-4,-4
1533864608075854,1,0,0,11,3,-1,0,-1
1533864608076832,-1,-3,-1,-10,-7,-4,-1,1
1533864608076832,2,2,2,-2,1,2,2,-1
1533864608097775,-1,-2,-4,-3,0,-3,-1,-2
1533864608097775,-2,-1,0,4,1,-1,1,-2
1533864608099770,0,-1,-1,1,-3,0,-5,4
1533864608099770,-1,-1,1,-5,2,2,2,2
1533864608112735,-4,-4,-1,11,-1,-3,-4,-2
1533864608112735,3,1,0,-7,-2,3,16,13
1533864608118743,-5,-4,-3,-5,-3,-2,-17,-25
1533864608118743,1,1,2,2,1,0,3,7
1533864608135676,-4,-4,-5,-8,-2,-1,-9,-2
1533864608135676,-2,1,1,-4,-2,-2,-7,-14
1533864608136677,-3,0,-3,0,-3,-3,5,6
1533864608136677,-3,-1,1,5,1,-2,-1,-5
1533864608157616,2,2,3,4,4,1,6,2
1533864608157616,-2,-5,-8,-14,-6,0,-1,6
1533864608159611,1,2,0,12,4,0,-2,0
1533864608159611,1,-2,-2,26,16,-2,-3,-1
1533864608171582,-1,2,0,-40,-7,0,6,5
1533864608171582,-2,-2,-1,-18,6,-1,-6,-4
1533864608180555,-5,-5,-7,9,-12,-5,-2,-3
1533864608180555,6,9,7,8,20,6,2,0
1533864608195517,-10,-6,-8,18,-45,-11,-6,-5
1533864608195517,2,9,9,30,23,5,0,-3
1533864608197509,-1,-12,-4,-39,-12,0,1,2
1533864608197509,-3,-4,-7,5,-9,-5,-3,0
1533864608218453,2,-7,-2,8,13,5,0,-3
1533864608218453,0,-6,-6,-25,-19,-3,-4,-2
1533864608219451,4,2,4,45,21,3,5,2
1533864608219451,-7,1,-1,-20,2,-3,-4,-5
1533864608231418,3,5,0,-33,-12,-1,1,-2
1533864608231418,-4,-3,-1,32,12,0,-4,-1
1533864608240397,-3,-1,-3,12,-4,-3,2,0
1533864608240397,-3,-4,-1,-13,-12,-2,-4,-2
1533864608256353,3,6,7,37,33,6,3,3
1533864608256353,-3,-3,-7,-71,-48,-6,-3,-1
1533864608257351,-1,2,1,22,17,-1,-1,0
1533864608257351,-2,-1,-6,-19,-2,2,-1,-2
1533864608278340,-3,-2,1,32,8,1,0,0
1533864608278340,-1,-3,-4,4,13,-4,-2,-5
1533864608279299,-4,0,-2,-12,-20,-1,-1,0
1533864608279299,2,-3,-1,6,-7,-1,0,0
1533864608291270,1,-1,1,-7,9,0,0,-1
1533864608291270,1,1,0,6,13,2,-1,-2
1533864608300234,-1,1,-2,-22,-13,-2,1,-1
1533864608300234,2,2,6,34,26,4,-1,-1
1533864608315215,1,1,-3,-72,-18,-2,0,1
1533864608315215,-7,-6,-5,37,-12,-6,-4,-3
1533864608317191,-3,-3,-5,-25,4,-4,-3,-1
1533864608317191,-1,0,1,1,-14,0,0,0
1533864608338137,-1,-3,-3,1,10,-2,-1,-2
1533864608338137,-3,-2,0,12,8,0,1,1
1533864608339134,1,-1,0,-13,-5,-1,0,1
1533864608339134,1,0,2,9,8,-1,1,0
1533864608352099,-3,-3,-4,-17,-18,-4,-3,-3
1533864608352099,1,0,-1,3,-6,-2,-1,1
1533864608361071,0,0,-2,2,8,1,-1,-1
1533864608361071,-1,0,-2,-7,-14,-3,-1,-2
1533864608376031,0,-2,1,21,10,0,1,-1
1533864608376031,-2,-3,-3,-2,0,-4,-2,-2
1533864608377029,0,0,0,-2,-2,1,-1,-1
1533864608377029,-1,-2,-3,-14,-7,-3,-2,-1
1533864608397973,1,4,4,23,8,2,1,2
1533864608397973,-1,-3,-6,-42,-4,-4,-4,0
1533864608399970,-6,-4,-3,14,-20,-4,-3,-3
1533864608399970,0,-1,-2,-44,-6,0,1,0
1533864608411938,-5,-7,-6,39,9,-3,-4,-2
1533864608411938,1,1,1,0,2,3,1,0
1533864608420912,2,3,3,9,17,0,1,1
1533864608420912,-2,1,0,-12,-25,0,0,-2
1533864608435871,-5,-5,-8,-17,-13,-7,-3,-4
1533864608435871,-1,1,1,1,6,-2,1,1
1533864608436869,1,-1,-1,-2,4,0,-1,0
1533864608436869,-1,-1,-1,3,-4,1,-2,-1
1533864608458019,4,2,1,8,8,1,-1,0
1533864608458019,-3,-1,0,11,-4,2,-3,-3
1533864608459825,2,0,1,-15,1,1,0,-2
1533864608459825,-1,-3,-1,46,27,2,-2,-2
1533864608471804,-3,-4,-6,-26,-21,-3,-1,1
1533864608471804,-1,-2,0,15,7,-2,1,-1
1533864608480751,3,1,1,-7,-6,-1,0,-1
1533864608480751,-3,-4,-3,1,8,-5,-4,-2
1533864608495714,-2,-1,-3,-5,-2,0,-1,-2
1533864608495714,-2,1,1,6,0,0,-2,0
1533864608496709,3,-1,2,4,8,3,1,0
1533864608496709,-4,-4,-4,0,-8,-4,-2,-2
1533864608517656,-3,-2,-5,12,-3,-2,-2,-1
1533864608517656,0,0,0,-16,-9,2,2,2
1533864608519648,-2,-1,-4,-1,-3,-2,-1,-1
1533864608519648,1,-1,1,-11,1,-1,-3,-1
1533864608531615,0,0,1,7,8,-1,-1,-2
1533864608531615,-2,-3,-3,-12,-13,-2,1,-2
1533864608540592,0,1,2,21,12,3,0,-2
1533864608540592,-2,-4,-6,-38,-29,-2,-2,-1
1533864608555554,-4,-3,-2,19,4,-4,-3,-3
1533864608555554,2,0,6,16,27,1,1,-3
1533864608557546,-5,-3,-5,-3,-14,-3,-3,-1
1533864608557546,2,2,6,16,10,2,-1,0
1533864608576498,-1,-2,-6,-38,-32,-2,-2,-2
1533864608576498,1,0,-1,-3,4,-2,-1,0
1533864608585488,2,2,4,13,0,-2,2,1
1533864608585488,-2,-1,-5,-8,4,-2,0,-1
1533864608600434,-1,0,2,4,3,1,-1,0
1533864608600434,2,0,-2,14,1,-1,-1,-2
1533864608602426,-5,-5,-6,4,-7,-4,-4,-1
1533864608602426,0,-1,-2,5,-4,-1,0,-1
1533864608615406,2,0,4,-4,25,3,0,1
1533864608615406,0,0,0,1,-19,-2,-1,0
1533864608617386,-4,-3,-2,2,-11,-4,-4,-1
1533864608617386,-3,-2,-1,-4,13,-2,0,-2
1533864608638333,2,1,-5,-36,-21,-1,1,-1
1533864608638333,-4,-4,-4,-20,-12,-2,-2,-1
1533864608639327,-2,-2,-3,-19,1,-1,-1,0
1533864608639327,-3,-1,1,21,2,-2,0,-2
1533864608660274,3,3,7,-5,13,4,2,4
1533864608660274,-2,0,-3,-2,4,-1,-1,-2
1533864608662266,-3,-1,-6,-6,-9,-4,-2,-1
1533864608662266,-1,2,2,-8,-8,1,1,2
1533864608675231,0,-1,2,23,13,0,-2,-1
1533864608675231,2,3,-1,-10,4,8,0,-1
1533864608677226,-7,-6,-7,-7,-8,-7,-3,-4
1533864608677226,2,-1,-4,-6,-4,-2,-3,-2
1533864608698181,-3,-4,-2,4,-4,-4,-1,-2
1533864608698181,-2,-3,1,6,3,-2,0,-1
1533864608699179,4,3,4,-2,14,2,2,-2
1533864608699179,0,1,-3,-7,-6,-2,0,-1
1533864608720114,-2,-3,-5,2,-5,-3,-3,-2
1533864608720114,0,-2,0,3,4,-1,-1,1
1533864608722122,-1,-2,0,-9,-4,0,-2,1
1533864608722122,-4,-2,-2,-6,-7,0,-2,1
1533864608736077,-3,0,-2,0,-1,-1,-1,-1
1533864608736077,-3,-3,-2,17,0,-3,-3,-1
1533864608737066,-2,-2,-4,-16,-12,1,-1,0
1533864608737066,-2,-1,-1,22,-1,0,-1,-1
1533864608758013,1,0,-2,-62,-9,-1,-2,-5
1533864608758013,-4,-2,-4,22,5,-6,-3,-3
1533864608760008,0,-2,-1,-27,-8,-2,0,-2
1533864608760008,-2,-2,-5,24,7,-1,0,1
1533864608780975,-4,-2,-3,7,-10,-4,-1,-1
1533864608780975,-5,-5,-3,-7,-4,-4,-2,-2
1533864608781945,3,3,5,9,20,3,2,-1
1533864608781945,-2,-2,-2,-3,-6,-3,-3,-3
1533864608794914,0,-2,1,15,4,-1,-1,1
1533864608794914,0,1,-2,-4,-5,1,0,0
1533864608801896,1,1,2,11,8,0,-1,-1
1533864608801896,3,-1,2,-18,1,1,2,-1
1533864608817849,-1,-3,0,12,0,1,-2,-1
1533864608817849,0,-2,-1,-12,-6,-2,-2,-1
1533864608819844,-1,-2,-3,1,-4,-2,-1,0
1533864608819844,-1,0,0,-12,-5,-1,-1,-1
1533864608840788,-1,2,-3,4,-3,-1,-2,-2
1533864608840788,1,2,3,1,0,1,-2,-1
1533864608841786,-3,-2,-2,-2,0,1,-2,-2
1533864608841786,-2,-4,-1,-4,-4,-2,0,-1
1533864608854755,0,-3,-2,13,2,-3,-2,-1
1533864608854755,3,1,1,-16,-6,1,0,1
1533864608861735,1,0,0,30,16,0,0,0
1533864608861735,-4,0,-2,-5,-12,-5,-1,-1
1533864608877692,-6,-3,-4,-63,-20,-3,-3,-2
1533864608877692,0,0,2,4,0,-1,1,-2
1533864608879684,-5,-4,-5,-15,0,-3,-3,-3
1533864608879684,6,5,9,16,8,9,2,1
1533864608900631,0,0,0,-17,17,0,-1,-2
1533864608900631,-7,-3,-9,0,-33,-7,-5,-1
1533864608901626,1,3,4,9,8,3,2,1
1533864608901626,-1,-1,-1,0,5,2,0,0
1533864608914610,1,0,5,20,11,4,1,0
1533864608914610,1,-1,2,-5,8,0,0,-1
1533864608921829,-1,-5,-2,-3,-11,-6,-2,-1
1533864608921829,2,-2,-1,-6,2,-2,-1,-2
1533864608937771,-2,-2,-5,18,-2,-2,-3,0
1533864608937771,-3,-1,-2,-2,5,-2,-2,-2
1533864608939761,-5,-2,-4,-3,-9,-3,-3,-3
1533864608939761,-1,-1,-2,-14,-7,-3,-1,0
1533864608960706,3,0,2,11,1,1,0,0
1533864608960706,-5,-4,-6,6,0,-3,-2,-3
1533864608961787,1,4,0,-10,0,0,0,1
1533864608961787,-2,-3,0,-15,2,1,-1,-1
1533864608974724,-5,-4,-1,41,20,-7,-3,-3
1533864608974724,0,1,0,-41,-48,-2,1,1
1533864608981654,-5,-5,-10,-14,2,-7,-4,-4
1533864608981654,-3,-3,-2,23,-2,-1,-2,-3
1533864608997607,2,-1,1,4,-6,-1,1,0
1533864608997607,1,-1,1,11,20,2,0,0
1533864608999602,3,1,1,-1,-9,2,1,0
1533864608999602,0,-3,-3,-7,-3,-3,-2,0
1533864609020721,0,0,0,-2,-3,-3,0,0
1533864609020721,1,1,-1,-1,8,-3,0,-1
1533864609022540,0,-1,1,-5,-7,-1,-1,-2
1533864609022540,-1,-2,-4,4,5,-1,0,0
1533864609034709,-1,-1,-2,-4,-8,2,0,-1
1533864609034709,-2,-2,-2,-3,0,-1,-1,-1
1533864609041490,-1,-1,0,5,0,-2,-2,-1
1533864609041490,-3,-2,0,-5,-5,-1,-3,-3
1533864609058601,-2,-1,-2,0,-5,1,1,1
1533864609058601,-2,-3,-3,6,10,1,-3,0
1533864609059442,-1,-2,0,2,-8,-1,-2,0
1533864609059442,4,4,7,36,26,4,3,2
1533864609088364,-6,-6,-13,-52,-50,-13,-5,-3
1533864609088364,-4,-2,-2,-13,15,0,-1,-2
1533864609089362,3,1,3,-16,-6,0,1,1
1533864609089362,-2,-4,-4,21,13,0,-4,-3
1533864609094352,-3,-1,1,10,-1,-1,-1,0
1533864609094352,-1,1,2,9,0,-1,1,-1
1533864609103343,-1,0,-2,-3,-11,-2,-1,-2
1533864609103343,2,3,2,-13,2,-1,1,1
1533864609118288,1,-2,0,14,12,0,-2,-1
1533864609118288,-2,-3,-4,-1,-7,-2,-2,-1
1533864609119282,1,0,0,7,5,2,2,0
1533864609119282,-5,-1,-5,-12,-11,-7,-2,-4
1533864609140229,2,2,13,1,2,1,0,-2
1533864609140229,-1,-1,1,2,-3,0,-1,0
1533864609142220,-4,-1,-2,3,8,-2,-2,-2
1533864609142220,-4,-2,2,-18,-11,-3,-1,-2
1533864609154371,-1,0,-4,3,1,0,1,-1
1533864609154371,1,0,-1,9,8,0,-1,0
1533864609163164,6,0,2,9,-5,0,1,-3
1533864609163164,-6,-5,-13,-21,-10,-4,-2,-4
1533864609178124,-1,-1,-6,13,13,0,-2,0
1533864609178124,0,0,-2,-4,-17,1,0,-2
1533864609179121,-4,-3,-4,7,5,0,0,-1
1533864609179121,3,-1,1,-1,-8,-1,2,1
1533864609200069,4,8,14,40,32,8,8,12
1533864609200069,-8,-20,-44,-39,-30,-12,-11,-13
1533864609202061,1,2,4,-29,-9,-3,1,8
1533864609202061,-3,-4,-6,-8,-4,-3,-8,-18
1533864609214029,-2,0,1,7,4,0,2,1
1533864609214029,6,3,0,13,12,4,15,32
1533864609223176,-1,3,5,-6,1,-1,-16,-8
1533864609223176,-11,-1,-1,18,-1,-2,-5,-13
1533864609238284,-3,0,26,-33,-15,-1,-4,-8
1533864609238284,14,7,16,25,4,0,0,3
1533864609240149,-9,-10,-11,-20,-5,-4,3,5
1533864609240149,-7,3,20,11,7,2,0,5
1533864609260080,-4,1,17,13,-1,-5,-4,-8
1533864609260080,-5,-10,-40,-18,-16,0,3,5
1533864609262070,10,0,-5,-15,11,-3,-6,0
1533864609262070,2,-4,-19,-10,-25,-11,2,-7
1533864609274042,-4,2,7,22,6,6,0,5
1533864609274042,0,9,25,23,10,2,-6,-1
1533864609283019,-5,2,-2,5,-1,3,9,-1
1533864609283019,2,2,4,47,4,6,12,8
1533864609297975,-1,-9,-26,-67,-11,-3,0,-2
1533864609297975,-7,3,23,17,1,0,-8,-7
1533864609299970,-4,-6,-9,-33,9,3,-2,-6
1533864609299970,2,-5,-4,21,-4,-6,-4,8
1533864609320917,4,-4,-5,17,-10,-5,-4,-5
1533864609320917,-2,-14,-18,16,34,3,-7,-9
1533864609321910,-2,-4,5,-77,-13,14,2,1
1533864609321910,1,-3,1,-18,-30,-5,16,4
1533864609333880,-3,-6,-20,-8,-3,3,-1,-1
1533864609333880,-1,10,18,5,3,3,3,-1
1533864609342908,-2,4,4,54,18,-6,1,-3
1533864609342908,-1,2,-6,-28,1,-1,-20,-6
1533864609365798,-3,1,-14,4,-13,-16,-10,-7
1533864609365798,1,6,7,-10,-2,-5,3,-1
1533864609366798,1,1,0,29,4,4,5,-3
1533864609366798,1,-1,-8,-23,-10,2,3,0
1533864609380754,-3,2,2,-2,-3,-6,-1,-1
1533864609380754,-4,-4,-1,-2,2,-9,-9,-6
1533864609381751,-2,-1,-8,6,-13,-4,-1,-2
1533864609381751,1,2,1,-10,5,5,-3,0
1533864609394720,3,-1,-4,5,12,3,-1,2
1533864609394720,-3,0,5,-12,-6,3,6,-3
1533864609402698,0,1,-1,19,-8,-9,-3,0
1533864609402698,-2,-4,1,-7,7,-7,-2,-3
1533864609417655,-1,0,-1,2,2,11,6,3
1533864609417655,-1,-1,-6,-7,-8,0,1,-2
1533864609424640,0,-3,1,4,-1,-2,-1,1
1533864609424640,-1,-1,-3,2,2,-6,-6,1
1533864609440597,-2,-4,-10,-7,-6,-15,-10,-7
1533864609440597,-2,-1,0,-5,7,-6,-7,-5
1533864609442592,1,0,-3,9,-19,3,10,1
1533864609442592,3,0,2,-1,29,15,-1,2
1533864609454560,-4,-3,-6,-11,-26,-10,-4,2
1533864609454560,-4,-3,-1,0,-2,-5,-6,-6
1533864609463532,-3,-1,-1,-3,-15,-6,-1,0
1533864609463532,2,-2,1,2,8,2,2,1
1533864609477495,-1,-1,1,-6,-3,2,4,-2
1533864609477495,-1,-8,-3,4,3,-2,0,-3
1533864609484477,-1,-8,-4,4,-2,-8,-9,-4
1533864609484477,-4,-11,-5,-8,-9,-11,-8,-4
1533864609500442,2,-3,2,6,18,5,2,0
1533864609500442,0,1,1,-3,-12,2,9,1
1533864609502428,-1,-1,-2,11,10,7,3,-1
1533864609502428,0,-5,-2,-6,2,0,-4,-1
1533864609514397,-2,-5,-5,-4,-5,-6,-1,-3
1533864609514397,-1,-3,-1,-8,-9,0,-1,-2
1533864609523372,-2,-2,0,6,28,2,0,0
1533864609523372,-1,4,0,-3,-17,-2,-1,-1
1533864609537335,0,2,-1,1,1,9,4,1
1533864609537335,2,1,0,-8,-4,0,-1,-1
1533864609544319,-1,-8,-1,-1,12,-4,-9,-4
1533864609544319,0,-2,-1,-9,-1,1,3,2
1533864609560276,1,2,-1,0,-3,2,2,2
1533864609560276,-5,4,-1,1,1,-4,-1,0
1533864609562268,-2,5,-1,10,-6,-6,-11,-3
1533864609562268,2,3,-4,-4,2,-3,4,-4
1533864609583216,2,4,-1,8,-8,-2,3,-3
1533864609583216,0,3,-2,0,18,14,2,2
1533864609584219,-3,1,-1,-3,-4,-5,-7,1
1533864609584219,-3,1,-2,-1,-8,-10,-3,-1
1533864609597175,-1,-2,-1,0,-4,2,2,-3
1533864609597175,-1,-2,0,-7,-5,-1,-4,-2
1533864609604156,-2,1,1,0,-2,1,4,0
1533864609604156,-2,-1,-3,-2,-2,-2,-5,-2
1533864609620113,0,1,-3,-5,8,1,-2,1
1533864609620113,0,0,0,2,-2,-5,-9,-2
1533864609622108,-1,-1,-2,-4,-10,-14,6,-2
1533864609622108,0,0,1,-1,3,10,5,2
1533864609643073,-4,0,4,5,9,10,-6,-4
1533864609643073,0,1,3,3,10,-1,9,1
1533864609645046,-1,-2,-6,-3,3,3,-3,1
1533864609645046,-4,-2,-6,8,-19,-16,-4,-2
1533864609657016,1,1,1,-4,25,1,-4,-3
1533864609657016,1,2,-3,4,-27,-4,-8,3
1533864609663996,-4,-5,-6,-13,-16,-9,-2,-8
1533864609663996,1,1,-2,-11,-4,3,3,5
1533864609680950,-1,-1,-3,-3,10,6,-2,0
1533864609680950,0,-2,1,0,9,1,5,-1
1533864609681966,0,-2,0,2,0,-8,-7,-2
1533864609681966,2,-1,-3,-2,-3,-5,-11,-6
1533864609702892,0,1,1,2,-1,5,10,0
1533864609702892,1,0,-3,-15,6,7,11,3
1533864609704921,1,1,4,-1,-5,4,6,2
1533864609704921,-2,0,2,-2,7,0,-2,0
1533864609716859,-4,-3,-5,-12,-9,-16,-12,-3
1533864609716859,-4,-6,-9,6,-13,-10,-6,-8
1533864609725831,1,-3,-4,-10,0,0,-4,-1
1533864609725831,1,2,5,8,3,8,4,2
1533864609740791,0,2,-1,-6,-8,3,8,4
1533864609740791,-3,0,7,20,18,7,-4,-3
1533864609741788,-3,-6,-20,-19,-16,-1,5,2
1533864609741788,-6,-6,-43,-9,-3,-4,-4,-5
1533864609762735,-3,-1,5,-9,-10,-4,-5,-1
1533864609762735,0,2,10,10,9,1,-2,-1
1533864609764727,0,5,-23,-3,-2,-5,-4,-6
1533864609764727,3,2,-25,1,17,3,2,-1
1533864609776698,-5,-9,35,4,-22,0,1,2
1533864609776698,-1,12,31,-23,-10,-12,-6,-5
1533864609785670,-4,-15,31,24,8,3,3,-1
1533864609785670,2,8,-9,18,15,3,1,0
1533864609800634,1,6,-54,2,35,5,-6,-5
1533864609800634,1,-10,-43,-38,-40,-14,0,-2
1533864609802626,-9,-3,-50,11,4,7,-2,1
1533864609802626,-7,0,120,11,-29,-1,3,3
1533864609823580,-6,-9,22,10,-17,-11,-4,0
1533864609823580,-8,-1,-28,-6,12,3,-3,0
1533864609824577,1,5,-35,-6,8,4,-7,-3
1533864609824577,4,-3,-23,-12,2,-6,-4,-1
1533864609836538,1,3,-41,0,6,6,1,-2
1533864609836538,-2,3,-10,-2,-1,1,5,-2
1533864609845511,-1,2,-1,-10,-6,-7,-3,-3
1533864609845511,0,-14,-55,0,6,-1,-1,-1
1533864609860474,-3,-5,-9,-5,-10,-4,-4,-2
1533864609860474,5,3,52,-7,-4,-5,-3,-1
1533864609862470,9,8,102,2,-6,-2,-2,-2
1533864609862470,-10,-2,-9,-7,-10,-12,-5,-10
1533864609883413,-4,-3,-24,2,-3,2,12,8
1533864609883413,-5,-3,-10,14,2,3,-10,5
1533864609884412,0,-1,-43,-1,10,9,5,2
1533864609884412,-2,-4,-1,-13,-7,5,1,0
1533864609896378,1,-5,4,-2,-18,-13,-2,-7
1533864609896378,-2,-11,-24,2,12,-3,-3,-8
1533864609905362,2,4,25,6,5,2,-1,1
1533864609905362,-1,0,-10,-5,-1,-4,-1,0
1533864609920314,1,3,8,2,-1,-1,1,3
1533864609920314,0,-4,-8,7,1,10,6,2
1533864609922306,-7,-7,-17,-1,-3,-2,-3,-7
1533864609922306,3,4,22,-4,-2,-3,3,-2
1533864609943249,2,0,-5,-2,7,-4,-16,4
1533864609943249,-3,-4,6,6,0,-1,-1,0
1533864609944246,-1,-2,8,-8,-13,-7,0,-1
1533864609944246,0,-3,-3,5,6,8,1,2
1533864609956218,2,0,8,-6,-6,-3,-3,-4
1533864609956218,6,0,-11,-3,8,9,3,3
1533864609965191,-3,-2,-4,1,-3,-3,-1,-3
1533864609965191,-2,-2,0,-1,-4,-4,-3,1
1533864609980154,0,0,3,0,16,7,3,-5
1533864609980154,-6,-3,7,-4,-29,-3,-2,-4
1533864609982145,1,-1,-7,1,-3,-4,-5,-4
1533864609982145,0,0,5,-3,2,8,4,2
1533864610003092,-3,-3,3,-1,4,-3,2,-3
1533864610003092,1,0,-11,1,5,-4,-3,-2
1533864610004086,-3,-3,-17,5,-2,-2,-1,0
1533864610004086,-2,0,-14,1,5,-2,-5,-3
1533864610017051,3,1,-5,-6,-9,-2,1,1
1533864610017051,0,-3,-21,-5,16,5,0,-3
1533864610026040,-2,-1,-4,-4,-23,-9,-2,0
1533864610026040,-3,2,1,10,10,7,5,4
1533864610039990,2,1,4,4,22,-2,-4,-2
1533864610039990,1,3,12,-10,-32,-12,1,2
1533864610041997,-1,0,15,5,4,5,3,3
1533864610041997,-4,-9,-2,-9,-16,-11,-10,-8
1533864610062929,-1,-5,-12,-14,-13,3,-1,-4
1533864610062929,2,-4,-11,1,8,3,4,3
1533864610064924,-2,-1,-3,15,16,1,0,0
1533864610064924,-1,3,24,-13,-9,-5,-1,-3
1533864610076891,-4,-5,4,10,5,-7,-7,0
1533864610076891,1,3,14,-4,11,2,-1,2
1533864610085868,0,-1,13,-6,-2,7,0,1
1533864610085868,1,-1,15,7,5,0,1,3
1533864610100831,-3,0,13,-1,-8,-7,-3,-2
1533864610100831,2,-3,-3,4,-4,-3,8,-1
1533864610101830,-4,-5,-21,-3,-8,-3,-12,-14
1533864610101830,1,-4,-30,-4,4,3,-5,0
1533864610122796,1,3,8,-3,-3,5,1,3
1533864610122796,-5,-4,-4,10,-4,-4,-5,1
1533864610124764,-2,0,-3,-1,2,-3,4,-6
1533864610124764,-2,0,-5,-9,-3,-6,-1,-1
1533864610136778,-3,-1,-23,4,-7,0,-1,-5
1533864610136778,-3,-2,-29,-2,-4,-5,-5,-2
1533864610145712,3,-2,17,-6,6,1,0,2
1533864610145712,2,1,29,3,2,2,2,2
1533864610160668,-2,-4,16,0,-11,-2,-1,-2
1533864610160668,-2,7,-6,-10,-1,-7,-8,-8
1533864610162669,3,-5,-12,1,13,0,7,7
1533864610162669,-3,-1,4,3,-6,0,0,0
1533864610182612,-4,-3,14,6,13,-3,-1,-1
1533864610182612,0,0,25,-3,-4,4,2,-1
1533864610184604,-1,1,42,-11,-8,-2,-5,-2
1533864610184604,-1,1,105,5,2,-1,-1,-2
1533864610196572,-1,0,35,-11,-7,-1,2,1
1533864610196572,-1,-2,-5,5,8,0,-6,1
1533864610205548,5,0,99,0,-5,-1,-3,1
1533864610205548,3,-2,-43,2,7,3,0,-1
1533864610220511,3,2,-27,4,-3,2,0,-2
1533864610220511,-4,-5,-55,-1,-2,0,2,-3
1533864610222502,5,-2,-65,-5,-5,1,-2,-4
1533864610222502,10,2,-32,-4,-9,-5,-2,-3
1533864610243450,6,3,3,1,-3,5,3,3
1533864610243450,2,-1,-13,1,-2,-2,4,2
1533864610244443,-6,1,-61,-2,-2,-5,-3,-6
1533864610244443,-7,-1,-25,7,3,-3,-4,-1
1533864610256415,-8,-4,-33,0,-1,-5,-4,-5
1533864610256415,-2,-2,1,-2,-6,-4,-4,-1
1533864610265407,-3,0,-22,4,-2,-1,1,1
1533864610265407,3,5,-3,3,15,8,5,2
1533864610279353,-4,-5,-12,-1,-3,0,1,-3
1533864610279353,2,0,24,3,9,-2,-9,-1
1533864610286335,-3,-2,-28,-2,-11,-6,-2,1
1533864610286335,-3,-2,-27,-1,10,11,1,0
1533864610303290,-4,0,3,-6,-14,-5,-1,-3
1533864610303290,-3,-5,0,-1,1,-4,0,-3
1533864610304299,0,1,-16,0,-1,1,1,3
1533864610304299,-7,-6,-24,-8,-12,-11,-5,-4
1533864610316255,0,-1,-12,-3,6,2,-1,4
1533864610316255,-3,-1,8,-1,-6,-1,-2,-4
1533864610325231,0,3,15,-1,7,-1,-1,2
1533864610325231,-4,-5,-1,-4,-6,-6,0,-2
1533864610340187,4,-2,-1,-3,-2,-4,-3,-3
1533864610340187,-1,-3,-3,-3,-7,-1,0,-1
1533864610342191,-3,0,-19,2,8,5,3,1
1533864610342191,-4,-1,-7,-2,-7,-3,-2,-3
1533864610363130,-6,-3,-1,2,-4,-4,-4,-2
1533864610363130,-3,1,-11,1,3,0,-1,0
1533864610365120,-4,-1,-18,-4,5,-5,1,-3
1533864610365120,-3,0,-10,-1,-2,-6,-5,-6
1533864610377096,1,3,14,5,9,0,-5,4
1533864610377096,-3,0,8,-4,-3,4,3,3
1533864610386065,-3,-3,-36,-4,2,2,-2,-1
1533864610386065,3,1,-45,5,-4,-1,-2,0
1533864610400031,-3,-3,-41,0,-2,-6,-1,0
1533864610400031,-1,2,-13,0,2,-4,-2,-5
1533864610402038,-1,0,-15,2,0,3,-2,2
1533864610402038,-1,-2,3,-2,0,-2,0,-2
1533864610422970,-1,-3,9,-4,-4,-3,-2,-5
1533864610422970,1,0,8,4,2,-2,1,-2
1533864610424965,1,-2,-1,-2,-4,-2,-2,-1
1533864610424965,-1,3,15,-3,-6,-1,5,-4
1533864610436177,-2,-1,10,3,0,2,5,4
1533864610436177,-7,-5,-14,0,-1,-1,-6,-4
1533864610446163,-1,-1,1,3,-1,-3,-4,-1
1533864610446163,-2,-2,-13,-5,-3,-1,-4,4
1533864610461110,0,-2,-6,-4,1,-3,0,-3
1533864610461110,1,-1,-1,-1,-4,-1,-7,-1
1533864610462108,-3,-3,0,-2,-4,-6,-1,-7
1533864610462108,-1,-2,9,-3,-1,-2,3,0
1533864610482058,0,4,-10,2,2,2,-1,-1
1533864610482058,-2,-4,-8,1,-2,-2,-1,3
1533864610483052,1,0,26,-3,-10,-4,-4,0
1533864610483052,-4,-4,0,3,9,-2,-5,-3
1533864610504994,3,3,12,-5,3,7,4,-2
1533864610504994,1,-1,-7,1,6,3,2,-1
1533864610505990,-2,0,0,-7,-9,0,-4,4
1533864610505990,1,0,-1,-6,-2,2,0,1
1533864610520060,-1,-3,-7,-3,-3,-7,-8,0
1533864610520060,3,0,2,-1,1,3,-3,-2
1533864610521053,1,4,19,-2,-8,2,5,1
1533864610521053,0,-3,-13,2,10,5,-1,3
1533864610541997,-3,-1,-6,1,-2,-4,-3,-2
1533864610541997,0,0,2,2,-1,2,3,-1
1533864610542992,-2,1,8,3,2,-3,-2,-3
1533864610542992,2,3,9,-1,-6,-8,3,-7
1533864610565120,-2,-5,-10,-4,-2,1,-5,4
1533864610565120,-3,-3,5,-2,-4,-6,-11,1
1533864610565120,-1,-3,-10,-1,9,4,6,-1
1533864610565120,-3,-1,-6,-2,-7,-3,-5,0
1533864610580078,-4,-4,-9,-5,-8,-4,1,-5
1533864610580078,2,1,1,-13,-21,-10,1,-1
1533864610581122,2,-1,-3,9,21,7,-2,-1
1533864610581122,0,2,-20,-5,-12,1,1,-1
1533864610602014,-1,0,-9,-5,17,0,-2,0
1533864610602014,-3,-1,-2,3,-1,0,2,1
1533864610603019,0,0,5,-7,-11,-11,-7,-4
1533864610603019,-3,-2,8,0,-15,3,-1,-1
1533864610624956,2,8,-6,3,1,1,0,-1
1533864610624956,-1,-13,10,5,3,-3,1,-1
1533864610625951,-2,-6,6,0,-5,0,0,0
1533864610625951,1,3,5,1,8,0,-3,3
1533864610639913,-1,1,17,2,-2,2,0,-3
1533864610639913,-2,0,-5,-3,1,-2,0,-3
1533864610640910,-3,0,3,1,2,-2,0,0
1533864610640910,1,-1,-6,-3,1,3,-1,1
1533864610662892,1,-8,5,0,3,-4,0,-2
1533864610662892,0,3,-1,-2,-1,3,0,-1
1533864610662892,1,-6,-11,4,-2,-2,-1,0
1533864610662892,0,-6,1,-2,7,0,-3,0
1533864610684991,-1,2,-8,-1,-20,-6,1,-3
1533864610684991,1,-4,-19,-6,6,3,0,-1
1533864610685811,0,1,-6,-2,4,-6,-2,-1
1533864610685811,3,4,3,1,11,1,-2,-2
1533864610699754,-5,-4,-22,-12,-35,-1,-1,0
1533864610699754,-1,1,13,-7,-6,-3,-1,-2
1533864610700751,-3,2,-10,0,-2,4,-2,-4
1533864610700751,1,-5,-1,2,-2,-4,1,0
1533864610722717,1,-3,-5,3,10,-2,-4,-1
1533864610722717,-4,1,-20,-11,-7,-2,-2,-1
1533864610723731,-5,-3,-19,-1,3,-2,-1,-3
1533864610723731,3,12,56,2,-5,-2,0,2
1533864610752615,2,-3,29,8,7,5,1,2
1533864610752615,0,0,11,-5,-1,-2,1,-2
1533864610753609,-3,-5,-13,2,9,2,1,2
1533864610753609,-4,-7,-39,-3,-9,-7,-4,-4
1533864610759596,-2,0,-16,2,2,0,3,-1
1533864610759596,2,1,27,3,7,-1,-3,1
1533864610760593,0,-15,4,-9,-4,1,2,1
1533864610760593,-5,-5,-6,-3,-9,-1,-6,-7
1533864610782532,-2,-2,-21,1,6,-1,-2,-3
1533864610782532,0,0,-16,4,-3,2,3,-1
1533864610783529,0,4,-8,-1,-7,-3,-1,0
1533864610783529,0,-3,-7,-1,1,-1,1,4
1533864610804655,-3,-1,4,-4,-3,-6,-5,-4
1533864610804655,0,6,-1,7,4,1,0,-1
1533864610805472,0,1,8,-3,-6,-4,-3,-3
1533864610805472,0,7,2,-1,4,2,-1,-4
1533864610819545,0,1,1,0,-1,-1,-4,-1
1533864610819545,-2,-7,-21,-4,-17,-8,-4,-1
1533864610820431,-1,-4,-1,2,15,5,2,2
1533864610820431,-2,-4,-11,-3,-5,-2,2,2
1533864610842375,-2,-1,-14,-9,-2,-2,-1,0
1533864610842375,2,0,42,7,8,-2,0,-1
1533864610843369,0,0,-10,-3,-12,-3,-1,-3
1533864610843369,4,5,13,6,1,3,3,3
1533864610864313,2,9,11,0,7,1,-2,-3
1533864610864313,-3,-6,-18,1,1,2,0,-4
1533864610865310,-2,2,-6,-8,-10,-5,-4,-3
1533864610865310,-3,-6,-11,-11,1,-2,0,1
1533864610879276,-1,0,-7,-2,-5,-3,1,1
1533864610879276,-4,1,-10,1,5,0,-2,-1
1533864610880270,0,3,15,5,3,3,0,-1
1533864610880270,-3,-3,-8,-2,-4,-2,-5,-4
1533864610902383,-1,0,-5,3,2,1,-1,-2
1533864610902383,0,-8,-17,-2,-6,-1,-1,1
1533864610903210,1,0,19,-1,3,-2,-2,-3
1533864610903210,-1,-6,-28,-4,1,-5,-2,-2
1533864610925150,1,-2,2,-1,2,1,-1,-1
1533864610925150,-2,-1,-1,-1,4,1,-3,0
1533864610925150,-3,-2,0,-2,-12,-4,-3,-2
1533864610925150,-1,0,-2,-1,0,1,-2,-2
1533864610939116,-1,-4,12,-3,-5,-2,-1,-3
1533864610939116,0,5,21,6,-1,-4,-1,-4
1533864610947091,-3,-3,-11,-8,7,4,-3,2
1533864610947091,-2,-2,-5,-3,2,3,3,-2
1533864610962059,1,1,9,2,-3,1,1,1
1533864610962059,-6,-5,-12,-12,-8,-6,-1,-4
1533864610963051,-3,-2,-19,-6,-10,-10,-3,-6
1533864610963051,-1,1,11,4,0,-3,0,0
1533864610984990,0,-2,5,-9,-1,2,-1,-1
1533864610984990,0,-1,13,2,6,8,0,-1
1533864610985988,0,2,-3,0,-4,0,1,0
1533864610985988,2,1,4,3,15,0,-5,1
1533864610998972,-3,-4,-18,-4,-11,-8,-5,-2
1533864610998972,-1,0,15,0,-2,-4,-3,1
1533864611006935,1,3,23,-1,1,0,2,0
1533864611006935,-3,-3,-11,-7,-13,-5,-3,-5
1533864611022983,0,4,32,4,-1,-1,0,0
1533864611022983,-3,-16,0,3,4,2,0,0
1533864611022983,-1,-2,-13,0,-7,-1,-2,0
1533864611022983,3,1,25,8,23,-1,1,0
1533864611044833,-4,-3,-15,-11,-15,3,1,-1
1533864611044833,0,3,-19,-4,-9,-2,1,-1
1533864611045827,-2,-5,-21,-2,-7,-1,0,-1
1533864611045827,-2,-2,-5,0,-9,1,-4,-3
1533864611058796,1,1,-2,10,17,4,0,2
1533864611058796,-1,4,6,2,-1,-3,-2,-1
1533864611067772,1,1,3,3,7,2,2,0
1533864611067772,-2,-1,-9,0,-3,-3,0,-3
1533864611082729,1,-6,-21,-1,3,-3,-4,-2
1533864611082729,0,2,3,-6,-7,-1,-1,-1
1533864611082729,0,-1,15,3,-1,-3,-1,0
1533864611082729,-2,-1,0,-1,2,1,1,1
1533864611104682,-1,-1,1,-4,-3,-2,2,0
1533864611104682,-2,-2,-9,-2,-4,-3,-5,-2
1533864611105673,0,9,-15,-8,-6,0,-5,-3
1533864611105673,-2,-7,4,1,3,3,2,3
1533864611119633,-4,0,2,0,-8,-2,-1,-2
1533864611119633,3,2,5,-4,5,1,1,-2
1533864611127628,0,2,12,3,14,-4,-3,-4
1533864611127628,-2,1,-12,-2,-16,-3,-4,-2
1533864611142572,-3,-5,-7,3,10,-2,-4,0
1533864611142572,-6,-1,-14,-7,-15,-4,1,-1
1533864611142572,2,-3,23,4,20,6,3,3
1533864611142572,0,-1,-12,-1,-1,-2,1,-1
1533864611164510,-1,-2,-7,-1,-4,-2,-6,-5
1533864611164510,1,2,-4,1,-3,2,0,0
1533864611165507,-1,-4,-12,-4,-8,0,-1,1
1533864611165507,0,2,4,-3,0,0,2,1
1533864611179470,-1,1,-4,-4,5,-2,-1,-1
1533864611179470,0,-2,-14,-6,-1,-1,1,-1
1533864611187452,1,-3,-16,-1,-7,-4,0,-1
1533864611187452,0,-1,2,-7,-10,-5,-3,-1
1533864611202447,2,4,14,6,11,-3,1,-1
1533864611202447,0,-2,-2,5,10,0,-2,0
1533864611203407,-5,-5,-18,2,15,2,-2,-1
1533864611203407,-3,-1,-9,-9,-37,-5,0,0
1533864611225347,-1,-1,3,2,-6,-1,0,-1
1533864611225347,-3,6,-13,-2,-2,-4,-4,-2
1533864611225347,-1,-12,-9,7,1,-1,1,1
1533864611225347,3,2,4,-1,12,1,0,-1
1533864611239310,-3,-3,-1,0,-10,-1,-1,-1
1533864611239310,-2,1,2,2,7,7,3,-1
1533864611246298,0,3,7,-3,-8,-5,-1,-4
1533864611246298,-2,-5,-9,-4,4,-2,-2,-4
1533864611262249,1,-4,-9,0,0,-1,0,0
1533864611262249,0,-1,0,1,-2,-3,-2,-2
1533864611263249,-1,0,5,-1,-1,-1,1,-1
1533864611263249,1,-3,0,-10,11,1,-1,-1
1533864611285191,0,5,18,2,9,-2,-4,2
1533864611285191,-6,-9,-31,-6,-5,-5,-6,-3
1533864611285191,-1,0,8,2,-6,-1,0,-1
1533864611285191,-4,-3,-16,1,-5,-5,-4,-4
1533864611299154,-1,-2,-3,-1,-5,0,1,-1
1533864611299154,1,-2,5,-12,-1,-2,-1,-2
1533864611307129,0,2,7,-2,-9,-7,-5,-1
1533864611307129,-3,-2,-11,5,1,4,1,1
1533864611322102,1,4,29,7,10,6,2,-1
1533864611322102,-3,-7,-11,5,-1,-3,-1,-2
1533864611323086,0,0,-16,0,-2,0,-2,-4
1533864611323086,-1,-3,-5,-9,-4,-2,-5,-1
1533864611345031,1,-2,-4,-9,-5,1,2,-1
1533864611345031,1,1,-5,-6,-7,1,-2,0
1533864611346025,-3,-2,-9,-4,-10,-2,-3,-2
1533864611346025,-2,-1,7,8,9,1,3,-3
1533864611358993,1,-1,-6,2,-6,-4,-5,-1
1533864611358993,0,-2,8,0,9,-1,0,-1
1533864611366969,0,-2,-8,1,2,4,-2,1
1533864611366969,0,1,10,4,-7,-2,0,-2
1533864611381932,-1,-4,-21,-7,-1,-2,-1,-1
1533864611381932,3,2,33,0,-11,-4,0,-2
1533864611382925,-4,-2,-5,3,9,-1,-3,-3
1533864611382925,1,3,5,-9,0,2,0,0
1533864611404870,-5,-5,-9,-6,-6,-5,-1,-4
1533864611404870,1,3,26,0,2,1,0,1
1533864611405865,-2,-2,1,-4,-12,-5,1,0
1533864611405865,-4,-4,-4,4,10,1,-3,-1
1533864611418875,2,-2,-10,-9,-7,-1,0,0
1533864611418875,0,-2,2,7,8,1,1,0
1533864611427932,-1,0,12,-3,-13,-1,-1,-2
1533864611427932,-4,-2,-3,4,-7,-7,-5,-3
1533864611442766,-3,1,12,7,-7,1,-3,3
1533864611442766,-2,6,-3,1,11,2,-2,0
1533864611442766,2,-13,-2,-9,0,0,2,3
1533864611442766,1,0,5,-2,4,0,2,-2
1533864611464707,-3,-2,-2,-10,-21,-3,-1,-2
1533864611464707,-3,-6,-23,0,1,-4,-3,-2
1533864611465705,0,2,-3,-4,-2,0,-2,-1
1533864611465705,1,2,4,3,-1,1,-3,1
1533864611487718,3,-1,-13,-1,10,3,2,0
1533864611487718,0,2,-17,-1,-4,-2,-1,0
1533864611488644,-2,1,-6,3,9,-1,-2,-2
1533864611488644,-2,-1,-15,-8,-15,-4,0,0
1533864611502609,-1,1,-20,-1,-3,-4,-1,-1
1533864611502609,-3,-3,-7,-4,-10,-1,-3,-3
1533864611502609,2,1,-12,-4,5,1,0,-2
1533864611502609,0,-1,1,3,5,2,0,-1
1533864611524586,-3,-5,-10,-1,6,1,0,-2
1533864611524586,-6,-7,-27,-5,-11,-5,-1,-1
1533864611525550,1,2,-4,-1,-2,-3,-1,-1
1533864611525550,1,0,-2,-3,-5,-1,-4,-1
1533864611547487,1,1,0,10,1,-1,-1,-1
1533864611547487,1,2,-1,9,1,0,-1,1
1533864611548536,-4,0,-9,-2,-4,-2,-2,-2
1533864611548536,-1,0,-5,-4,-7,-6,-2,-1
1533864611562447,-1,-2,-6,-5,5,2,-1,-2
1533864611562447,0,-4,4,3,11,0,-1,-2
1533864611563444,-1,-1,-9,3,5,2,-1,0
1533864611563444,-1,-1,-13,-4,-6,-1,0,-1
1533864611585433,-4,-4,4,-1,-9,-3,-2,-2
1533864611585433,1,1,-3,3,8,5,6,2
1533864611586382,1,0,-6,-2,-3,-4,-8,-3
1533864611586382,1,-1,6,1,-2,0,-2,0
1533864611607578,0,0,-2,0,-1,0,1,0
1533864611607578,-1,1,0,-2,-2,-3,-4,0
1533864611608576,-2,-3,-3,-3,-3,-1,3,2
1533864611608576,-4,1,-4,0,3,3,3,-2
1533864611622542,-2,-2,-13,0,3,-3,-9,-6
1533864611622542,0,1,-10,-11,-10,-3,-3,1
1533864611622542,-6,-2,-9,-2,-1,-7,-3,-7
1533864611622542,2,0,-6,-1,-1,-3,-3,0
1533864611645478,-3,-2,-7,-5,-1,-6,-1,-4
1533864611645478,-3,-2,-21,-6,-5,0,2,-6
1533864611645478,2,3,-6,4,2,1,-3,3
1533864611645478,-3,-4,-4,0,-3,-5,-2,-1
1533864611667418,0,0,5,-5,-4,-3,-3,-2
1533864611667418,1,-3,1,-5,-5,-1,-1,1
1533864611668416,2,3,-4,-1,9,13,10,3
1533864611668416,-4,-4,-16,1,10,-1,-1,-2
1533864611682378,-2,0,14,0,1,2,2,2
1533864611682378,-2,-2,-14,-3,-7,-5,-6,-4
1533864611683376,-1,2,1,-6,-19,-5,-2,-1
1533864611683376,0,-3,0,1,3,-1,0,-2
1533864611705424,-1,-1,-9,2,14,3,-2,-1
1533864611705424,0,-2,-6,-6,-15,1,0,1
1533864611705424,-2,-3,-4,-1,5,-2,-2,-4
1533864611705424,1,1,-6,2,-8,-2,-3,0
1533864611728257,-3,-4,-11,-4,-2,-5,-3,0
1533864611728257,1,0,12,3,-3,-1,-1,-1
1533864611728257,0,-1,2,-2,12,-2,-1,-2
1533864611728257,-2,0,1,-2,-8,-3,0,0
1533864611742274,-2,-3,14,1,-4,1,-2,-1
1533864611742274,-1,-1,1,0,4,-4,-2,-1
1533864611743216,-2,-2,5,-3,-18,-1,-1,0
1533864611743216,0,-1,8,4,8,2,-7,-2
1533864611765158,2,4,-10,0,-1,3,3,2
1533864611765158,-3,-4,-2,0,13,0,-2,-5
1533864611765158,0,-1,3,-1,-10,-1,-1,-1
1533864611765158,-3,-5,-5,-5,4,-1,0,0
1533864611788099,-1,-1,1,4,-5,-1,-2,-2
1533864611788099,-4,-3,-11,-7,5,0,-2,-1
1533864611789094,-2,-4,6,0,-1,-4,-2,-2
1533864611789094,-4,-4,-19,-10,-1,2,2,-1
1533864611802190,1,3,17,2,0,-5,-1,-5
1533864611802190,1,-1,22,13,26,1,1,-1
1533864611803055,-2,-1,-3,-6,-8,2,0,0
1533864611803055,0,3,10,1,-12,-2,-2,0
1533864611825000,0,0,-6,-6,4,1,0,0
1533864611825000,-1,-3,10,-3,-26,-4,-1,-1
1533864611826000,1,-3,-2,7,49,1,-3,-2
1533864611826000,1,3,-2,-7,-34,1,2,-1
1533864611847936,-4,0,-16,-3,-7,-1,3,2
1533864611847936,-2,4,4,1,-10,1,1,2
1533864611848934,-2,-1,8,-6,-11,-9,-4,-2
1533864611848934,0,6,18,3,11,-3,1,-3
1533864611862897,-2,-12,-21,1,3,-1,-2,0
1533864611862897,-1,8,6,-6,-7,-2,-1,0
1533864611862897,-4,-9,-13,2,-3,0,-1,-3
1533864611862897,1,3,4,7,14,1,0,-1
1533864611884837,-1,0,-13,-6,-6,0,-1,1
1533864611884837,0,1,-2,3,6,1,-2,-4
1533864611885834,0,3,-6,-3,-7,-3,0,-2
1533864611885834,-1,-4,0,-3,6,-2,-2,0
1533864611907775,0,3,7,3,1,0,0,0
1533864611907775,-5,-7,-30,-4,-8,-4,-4,2
1533864611908774,-1,1,-6,4,2,1,-2,2
1533864611908774,-1,-3,-2,-6,-4,-1,0,0
1533864611922880,-2,0,-1,0,3,-3,0,-3
1533864611922880,0,1,-2,-2,-1,-1,0,0
1533864611922880,-1,-1,-13,-1,-11,0,-1,-1
1533864611922880,-1,-2,-5,6,-4,-6,-5,-3
1533864611944880,-2,0,-4,-2,22,1,-4,-2
1533864611944880,1,0,-21,-8,-13,4,1,0
1533864611945674,-2,-4,-8,-3,-2,-2,-1,1
1533864611945674,0,-1,-2,3,6,1,0,0
1533864611967619,1,-1,7,-2,-12,-4,0,2
1533864611967619,-3,-2,-6,-2,-6,-3,-2,-3
1533864611968613,-1,10,0,2,10,2,-1,-1
1533864611968613,-1,-16,-2,-1,-11,-1,4,2
1533864611982575,-2,-2,-18,-4,-2,1,-1,-2
1533864611982575,-1,-2,15,2,10,2,-1,0
1533864611982575,2,-1,1,3,5,3,0,0
1533864611982575,-2,1,-3,-2,1,-4,0,-1
1533864612004523,1,1,1,1,-6,-1,0,-1
1533864612004523,-1,-7,-16,-1,-2,-4,-2,-1
1533864612005518,0,-2,-9,-1,1,-1,-1,-2
1533864612005518,0,2,-11,0,7,0,-4,-2
1533864612027492,1,-1,7,3,-9,-3,-2,0
1533864612027492,0,9,-16,0,10,-1,-4,-4
1533864612028453,-4,-17,0,-4,-32,-4,1,0
1533864612028453,-2,0,-3,-2,18,1,-1,-1
1533864612042419,-3,-4,-12,-4,1,-1,0,-2
1533864612042419,1,4,1,-2,-1,1,0,0
1533864612050393,-1,2,-2,-2,-3,0,-3,-2
1533864612050393,0,1,4,3,0,-3,-2,-2
1533864612064366,-5,-3,-16,-11,-18,-2,-4,-1
1533864612064366,1,-1,-8,0,16,5,1,2
1533864612065355,0,1,-10,3,1,-1,1,0
1533864612065355,-1,-3,-8,1,3,-3,-3,-2
1533864612088292,-3,1,13,1,-13,-5,0,-1
1533864612088292,-2,-6,-6,-6,-3,-2,-1,0
1533864612089291,-4,0,-2,-5,-1,-3,-2,-2
1533864612089291,-2,4,-27,-3,-4,1,0,-3
1533864612102270,2,3,11,4,10,1,1,2
1533864612102270,-2,-18,20,2,-3,0,0,1
1533864612110233,-1,-2,-8,-6,0,-4,-2,-1
1533864612110233,-3,-5,-7,-5,-3,-2,-5,-3
1533864612125194,2,5,9,8,8,4,2,0
1533864612125194,-3,2,0,0,-3,-5,-3,-2
1533864612125194,0,2,2,-2,2,-1,0,0
1533864612125194,-2,1,-5,0,-12,-2,0,0
1533864612148139,-1,-3,-2,-4,4,0,-2,-1
1533864612148139,2,-1,3,6,10,1,-1,-1
1533864612149130,-3,-4,-16,-6,-13,-3,-1,-1
1533864612149130,0,-1,11,0,2,0,2,-1
1533864612162096,-1,0,8,2,5,0,-1,0
1533864612162096,-6,-2,-1,-1,-6,-2,-1,-1
1533864612170077,0,4,13,1,-1,0,0,0
1533864612170077,-2,-2,-2,-2,0,0,-1,0
1533864612185038,-1,-4,-7,-3,1,-3,-4,-2
1533864612185038,-1,-3,2,-2,-5,-2,-2,-2
1533864612185038,0,-3,-14,-3,0,-3,-3,0
1533864612185038,0,-2,5,1,-1,0,0,0
1533864612208006,0,-2,-8,-2,-7,1,-3,1
1533864612208006,0,0,-7,0,-3,-3,-1,-2
1533864612208970,-1,-1,-3,-3,5,-1,-2,-2
1533864612208970,-2,0,-11,-2,-4,0,1,1
1533864612221935,-1,-5,-7,-1,0,-4,0,-2
1533864612221935,-1,1,-1,-2,-4,-2,0,0
1533864612229918,-1,1,-18,4,2,-2,-2,-3
1533864612229918,0,5,7,0,2,-2,-2,-2
1533864612245009,-1,-16,-8,3,-5,2,2,2
1533864612245009,0,1,7,4,-1,-3,-3,1
1533864612245893,1,-3,-7,4,10,4,2,0
1533864612245893,-2,-3,-1,-5,-4,-4,-3,-1
1533864612267816,-1,3,-11,2,0,2,-1,-2
1533864612267816,0,1,0,4,5,3,3,1
1533864612268811,-1,-1,37,4,-1,0,2,-2
1533864612268811,-1,-2,-12,-1,-4,1,0,1
1533864612281776,-3,1,-1,-3,0,-4,-3,-2
1533864612281776,-2,-1,8,-2,4,-1,0,-1
1533864612289753,-2,1,10,2,0,0,-1,1
1533864612289753,-2,-4,-1,-6,-8,-3,0,-2
1533864612304716,0,0,-11,-6,-8,-3,0,-3
1533864612304716,1,1,0,-1,-5,1,1,-1
1533864612305713,-3,-2,-6,-1,9,0,-2,-2
1533864612305713,-1,-4,3,5,0,-2,-1,-1
1533864612327716,0,1,-1,-4,1,0,-1,-1
1533864612327716,0,0,-3,-5,-3,-2,-4,-4
1533864612328651,0,0,-3,-3,-4,-1,-1,-2
1533864612328651,0,-2,-12,-1,1,-1,-1,0
1533864612341615,0,0,-5,2,0,-1,-1,0
1533864612341615,-2,-2,18,2,2,-2,1,-3
1533864612349595,-2,-4,-9,-5,-8,0,2,-1
1533864612349595,-2,-2,-1,-2,-3,1,-3,-3
1533864612364568,0,2,14,5,10,0,-3,-1
1533864612364568,0,1,6,4,8,2,0,0
1533864612365564,-4,-1,-2,0,-16,-6,-1,-2
1533864612365564,0,0,13,0,5,5,3,2
1533864612387492,0,0,-7,-2,1,3,2,1
1533864612387492,-1,0,-9,-5,-5,-4,0,1
1533864612388500,-1,0,10,3,6,-1,0,0
1533864612388500,-2,-2,-5,0,-1,-3,0,-2
1533864612409437,0,-5,-9,-2,-1,-4,-5,-2
1533864612409437,0,-1,-3,-4,-2,2,-1,-1
1533864612417416,0,-2,0,-3,-1,-1,-1,1
1533864612417416,-2,1,-3,2,-1,0,-1,-1
1533864612425415,-3,-3,-35,-5,-4,-3,-3,0
1533864612425415,-3,-2,-15,-3,-7,-2,-3,-1
1533864612425415,-1,-1,-21,-5,-8,-4,-6,-1
1533864612425415,1,0,-9,-1,2,-1,0,0
1533864612448344,-2,0,-7,-5,-4,-2,-2,-3
1533864612448344,1,2,-12,0,-6,-3,-2,-1
1533864612448344,-2,-1,-1,-3,-1,-1,0,0
1533864612448344,-1,6,-14,2,3,-2,-3,-2
1533864612470274,-2,-14,3,-5,-15,1,1,-2
1533864612470274,0,-4,-8,-5,1,-4,0,-1
1533864612471268,3,3,-2,5,17,4,3,1
1533864612471268,-4,-1,-4,-8,-35,-7,-4,-2
1533864612485231,-2,4,-7,2,3,-3,-2,-2
1533864612485231,0,-2,0,2,6,0,0,-2
1533864612485231,-1,-3,-4,-3,-11,-2,-2,-1
1533864612485231,1,-3,0,2,13,1,-1,-1
1533864612508170,1,4,12,-3,1,2,1,0
1533864612508170,-2,-3,-5,-3,-5,1,1,-1
1533864612509176,-3,-2,-25,0,0,-3,-2,-2
1533864612509176,0,-1,8,-1,3,0,-1,-1
1533864612530110,1,2,16,-1,0,-1,0,-2
1533864612530110,-4,0,2,-1,1,-1,-3,1
1533864612531109,1,2,13,-1,-1,0,1,1
1533864612531109,-3,-5,-9,-5,-7,-3,-2,-2
1533864612545074,-1,-2,-16,3,6,-3,-2,-3
1533864612545074,0,1,12,2,-3,2,2,1
1533864612545074,-2,-4,-21,-6,-6,-3,-5,-3
1533864612545074,-1,-3,1,1,-2,-1,-3,1
1533864612568214,-2,2,6,1,3,0,-2,0
1533864612568214,-3,-5,-14,-4,-5,-4,-4,-3
1533864612569008,1,2,5,-4,-6,-4,1,1
1533864612569008,-1,-2,-24,3,12,2,-1,-1
1533864612590949,-3,-2,7,-3,-13,-2,-2,-2
1533864612590949,-1,-2,-8,-1,-10,-3,-2,-1
1533864612590949,-2,-5,-15,-6,2,0,-2,0
1533864612590949,0,1,-7,1,9,3,0,-1
1533864612604912,-1,3,-9,-3,2,1,-2,0
1533864612604912,0,-2,-5,-2,0,0,-3,-2
1533864612605915,-1,1,-8,1,-6,-1,0,-2
1533864612605915,0,0,0,5,-7,0,-1,0
1533864612627996,-2,-6,-27,-13,8,-6,-4,-3
1533864612627996,2,0,-3,1,4,-1,0,-1
1533864612628847,-1,-2,-3,-1,-8,1,-1,-2
1533864612628847,-2,0,7,-7,-4,-2,1,-2
1533864612650994,-3,-7,-20,-3,-5,0,-1,-3
1533864612650994,-2,-1,-5,-1,0,0,-1,1
1533864612651786,1,-1,-4,0,0,-1,-2,-1
1533864612651786,-2,-1,-7,-4,-1,-2,-1,-2
1533864612664752,1,5,-3,0,-7,0,1,-1
1533864612664752,1,-1,1,-1,-4,-3,-1,-2
1533864612665748,-3,-2,3,2,2,-2,-4,-1
1533864612665748,-2,-1,-5,-6,-12,-5,-3,-1
1533864612687689,-2,-1,3,3,5,3,2,2
1533864612687689,1,0,4,2,6,-1,-1,0
1533864612688687,-1,-4,-10,-6,0,0,-1,-1
1533864612688687,1,-1,0,-1,4,-3,2,0
1533864612710629,-1,0,0,3,0,-2,0,-1
1533864612710629,-1,1,-9,2,-1,0,1,2
1533864612711637,-1,0,8,1,-6,0,1,-2
1533864612711637,-1,-3,-7,-9,-2,-1,0,-2
1533864612724594,-1,-2,-5,3,-5,0,0,-4
1533864612724594,-3,-1,-7,-3,1,-2,-3,-3
1533864612725593,-1,-1,7,8,5,-1,-3,-1
1533864612725593,0,-1,-6,-3,0,1,0,0
1533864612747543,-3,-2,5,-1,-2,-4,-3,-1
1533864612747543,0,-3,2,-3,-5,0,0,-2
1533864612748528,1,1,1,1,2,0,0,0
1533864612748528,1,0,1,1,-8,-2,-1,-1
1533864612770684,0,1,6,2,12,-1,3,1
1533864612770684,-2,-4,-11,-4,2,0,1,0
1533864612771534,-3,-1,-1,4,-4,-4,-4,-2
1533864612771534,-2,-2,6,0,3,1,0,-2
1533864612784434,-1,0,-27,-3,-7,-3,-1,-2
1533864612784434,2,3,-2,-2,1,0,-1,0
1533864612785428,-1,-1,0,2,13,5,-1,0
1533864612785428,-1,1,-2,4,2,2,0,0
1533864612808550,-2,-6,-11,2,2,0,-1,-1
1533864612808550,-3,-1,-5,2,-4,-1,-1,-3
1533864612808550,-2,-1,0,-3,-29,-4,1,0
1533864612808550,-1,-3,-10,-1,35,4,-1,-2
1533864612838334,-2,1,0,-7,-18,-4,1,2
1533864612838334,-2,-1,2,4,2,0,0,1
1533864612838334,-3,-3,-5,-5,2,-1,-1,-1
1533864612838334,-1,0,-3,2,-8,-1,-4,0
1533864612844337,-2,-3,-11,-2,-14,-5,-2,-1
1533864612844337,-2,-1,-2,-4,-1,-4,0,-2
1533864612845333,1,-3,-2,0,0,0,1,-2
1533864612845333,0,1,6,3,0,-2,-5,-1
1533864612868248,-1,-2,14,1,12,6,3,0
1533864612868248,-1,-1,8,-2,-17,-5,-2,0
1533864612869237,-1,1,1,-1,2,-2,-2,-3
1533864612869237,-3,-2,-12,-6,-6,-6,-1,-5
1533864612889186,-1,-1,9,4,1,2,-1,-1
1533864612889186,-2,-3,2,4,6,1,0,1
1533864612897161,-2,-4,1,-4,-1,-2,-2,-2
1533864612897161,-1,0,2,-3,-16,-7,-2,-3
1533864612905346,0,1,-4,0,-1,-4,-1,-2
1533864612905346,2,2,-1,-7,7,8,0,2
1533864612905346,-2,-2,-8,-4,2,-3,-1,1
1533864612905346,-3,-2,-4,0,-7,-1,0,0
1533864612928282,0,0,13,0,6,-3,-4,-3
1533864612928282,-2,-5,-13,-11,-14,-4,-1,-5
1533864612929077,2,2,2,2,9,0,2,0
1533864612929077,0,-3,-9,-2,-7,-1,-2,-1
1533864612951021,1,1,6,0,8,2,0,0
1533864612951021,-2,0,-2,0,-5,-5,-1,-1
1533864612951021,0,-2,3,-4,-9,-3,-4,0
1533864612951021,0,-2,-8,1,20,4,-1,1
1533864612972958,-2,0,-8,-2,-11,-4,-3,-1
1533864612972958,-2,0,3,0,-17,-1,-2,-2
1533864612973964,-1,0,-10,-2,4,2,-1,0
1533864612973964,1,0,4,1,-1,0,0,1
1533864612988124,2,2,7,1,0,1,-1,0
1533864612988124,0,0,-15,-3,2,0,-2,-3
1533864612988916,-3,0,-21,3,4,-2,-1,-2
1533864612988916,0,-1,-6,-1,-3,3,4,-1
1533864613010857,-3,-3,-8,-3,-3,0,0,0
1533864613010857,-2,-1,-10,2,4,-5,-2,-2
1533864613010857,1,-1,-19,-10,-7,-1,-2,-2
1533864613010857,-1,-1,-3,-1,-2,-2,-3,-2
1533864613023826,0,-1,-9,2,11,1,1,1
1533864613023826,-1,1,-2,-5,-1,-1,-3,0
1533864613032802,-3,-1,4,0,-2,-3,-2,-1
1533864613032802,-3,-1,-7,1,-9,-4,-2,0
1533864613047759,-2,-5,-22,-5,-13,-5,-2,-2
1533864613047759,-2,-2,-8,9,12,2,0,0
1533864613048756,-2,1,-5,0,3,0,1,1
1533864613048756,-2,-2,-6,-2,-3,-2,2,0
1533864613070699,0,-1,-1,1,-1,2,-2,-1
1533864613070699,-1,0,-6,-3,-12,-1,-1,1
1533864613071694,0,0,-2,0,5,3,1,-1
1533864613071694,-1,-1,4,3,-3,-1,-1,-2
1533864613084663,0,1,-3,-1,-9,-1,-3,-2
1533864613084663,0,0,4,3,17,0,1,-1
1533864613092641,-1,0,10,1,-3,-3,-4,-2
1533864613092641,-2,-3,-11,0,15,1,0,-2
1533864613108599,-2,0,-8,-10,-31,-7,-2,-2
1533864613108599,-1,5,-1,-1,7,0,-2,-2
1533864613108599,1,-5,-9,5,-2,0,1,-1
1533864613108599,-1,-1,-4,2,7,1,-1,1
1533864613130587,1,0,-4,4,-2,-4,-2,-3
1533864613130587,-1,4,-6,-2,3,-1,-1,-2
1533864613131539,-2,-9,-7,-11,-4,-3,2,-1
1533864613131539,-1,-2,-4,-5,-14,1,0,-1
1533864613144703,0,2,-5,3,19,2,2,1
1533864613144703,-3,-2,-9,-8,-16,-6,-1,-1
1533864613152479,0,4,10,-4,-4,0,-1,0
1533864613152479,-1,-2,-3,3,11,-2,-1,0
1533864613168440,-5,-4,-16,-5,-12,0,-3,-2
1533864613168440,0,-5,-2,-2,-6,-1,-2,-1
1533864613169433,1,2,-11,3,2,-3,-2,-1
1533864613169433,-2,-1,-1,-7,-4,-1,-1,-3
1533864613190380,0,0,-10,0,27,1,-2,-1
1533864613190380,-3,-4,-10,1,-5,-2,0,-1
1533864613192372,-3,0,3,-2,-7,-2,-2,-3
1533864613192372,2,1,0,2,3,-1,-3,-1
1533864613204343,1,0,-5,6,7,0,-2,-1
1533864613204343,-4,-7,-13,-9,-8,-2,0,1
1533864613213315,-3,0,-6,4,7,2,-1,-2
1533864613213315,-2,-1,-12,-4,-14,-5,-3,-2
1533864613228276,-3,-3,4,1,-7,-4,-2,-1
1533864613228276,2,0,-6,-3,2,0,-3,-1
1533864613229277,-4,-6,-11,0,7,-1,-2,-2
1533864613229277,-3,-1,0,-5,1,0,0,1
1533864613250220,1,1,10,4,1,1,1,-1
1533864613250220,-3,-4,6,0,-4,2,-1,-4
1533864613252214,2,0,0,-11,-10,-3,0,0
1533864613252214,0,0,7,1,4,-1,-1,-1
1533864613264180,-4,-1,-23,-9,-19,-10,-4,-4
1533864613264180,1,-17,2,8,34,5,2,0
1533864613273155,0,0,3,-5,-26,-3,0,-1
1533864613273155,-2,-1,9,-4,-9,-2,2,1
1533864613288171,-3,-3,-2,-5,-7,-3,-3,-1
1533864613288171,0,2,-3,-4,3,-1,-2,-1
1533864613290111,-1,-1,-2,1,-3,-4,-4,-3
1533864613290111,-1,0,2,1,5,-1,0,-2
1533864613311057,2,0,17,3,0,1,-2,0
1533864613311057,-2,1,0,1,-10,-3,-2,1
1533864613312051,-2,-4,3,-5,13,-1,-5,-4
1533864613312051,0,2,-11,2,-14,-1,0,-1
1533864613324138,1,-2,4,3,24,5,2,0
1533864613324138,-2,2,9,-2,-12,-1,-1,-2
1533864613333006,1,1,-6,0,2,2,0,-2
1533864613333006,-1,-2,-13,1,-6,-5,-3,-2
1533864613347955,-1,-1,4,-1,-8,2,-1,2
1533864613347955,-1,2,8,3,8,-5,0,-1
1533864613349950,-3,1,12,8,6,2,1,2
1533864613349950,-1,-4,-23,-6,-8,-3,-2,-4
1533864613370895,3,1,-7,2,4,-2,0,-1
1533864613370895,-6,6,-26,-16,-23,-4,-3,-4
1533864613371896,-1,-15,-8,4,8,1,2,1
1533864613371896,-2,1,-6,-2,-5,0,-3,0
1533864613392836,-4,-6,-9,-6,5,-3,-2,-1
1533864613392836,2,1,0,7,5,-3,-4,-1
1533864613394830,-2,5,-16,0,-2,-3,-1,-1
1533864613394830,-2,-4,-21,-6,-4,-4,-3,-2
1533864613407798,-4,-3,-9,-3,-8,-2,0,-3
1533864613407798,0,-2,-5,0,-3,0,-2,-2
1533864613409790,0,0,-15,2,2,-3,-3,-1
1533864613409790,2,7,-13,-2,1,0,-1,-1
1533864613430735,-3,-5,4,-3,2,2,-1,0
1533864613430735,-2,-4,-13,-2,-1,3,1,1
1533864613431732,-2,2,-1,-2,-7,-2,0,0
1533864613431732,-1,1,4,10,24,2,-1,-2
1533864613452679,-1,1,-21,-8,-15,-5,0,0
1533864613452679,-1,-1,2,2,-3,-4,-2,0
1533864613454670,0,0,-12,-5,-4,2,0,-2
1533864613454670,-1,-3,4,-3,-2,0,0,0
1533864613467638,0,0,2,1,2,1,-1,-1
1533864613467638,0,-2,3,1,-2,-1,-2,0
1533864613474620,-1,3,7,7,5,2,-2,-2
1533864613474620,0,-3,-8,-5,-1,-3,0,-2
1533864613490577,-3,0,5,-4,-11,1,0,-2
1533864613490577,2,0,-4,7,29,2,-3,-2
1533864613492572,-6,-5,-14,-9,-27,-6,-4,-3
1533864613492572,-2,-4,5,-1,-11,-4,-3,0
1533864613513550,1,0,11,-5,2,-1,-1,0
1533864613513550,-1,-3,-14,-9,-9,-3,0,-1
1533864613514525,0,0,-2,0,10,-1,1,-1
1533864613514525,-2,-3,-2,2,4,0,0,-1
1533864613527475,1,3,-12,2,-6,0,-2,1
1533864613527475,-1,-3,-3,4,6,0,-2,-2
1533864613534469,0,-3,-10,1,2,-1,-2,1
1533864613534469,-2,-1,1,-1,-10,-1,-2,-3
1533864613550417,-1,0,6,0,6,-3,-1,-2
1533864613550417,-1,0,3,-3,-7,-1,0,0
1533864613552408,-1,-3,-4,-3,-2,-1,1,0
1533864613552408,-1,0,-2,-1,-5,-1,-2,2
1533864613573353,0,-1,-1,4,9,-1,-1,-1
1533864613573353,-3,-3,-12,-8,-12,-4,-2,-2
1533864613574350,-1,0,2,-2,-12,1,0,-2
1533864613574350,-2,-5,-14,-1,7,-2,-1,0
1533864613587315,0,1,14,1,5,-1,0,-1
1533864613587315,-4,2,3,0,-9,-3,3,-1
1533864613594300,-3,-2,-4,-1,9,-1,-1,0
1533864613594300,-2,-3,-2,-10,-17,2,-2,-1
1533864613610258,-2,-4,-6,1,5,-3,-1,1
1533864613610258,2,2,9,1,0,1,1,-1
1533864613612249,-1,-3,12,1,1,-1,-1,-2
1533864613612249,0,0,8,4,8,-1,0,0
1533864613633254,-3,-5,2,-3,-10,-2,-2,-5
1533864613633254,-1,-2,1,2,1,-2,-1,-1
1533864613634202,1,1,-7,-2,0,-1,0,-1
1533864613634202,-3,1,4,-6,-2,0,-3,0
1533864613647156,-2,-4,-6,-7,-2,0,1,-2
1533864613647156,1,2,1,-2,1,-2,2,0
1533864613654137,-1,0,8,0,1,-1,-1,-2
1533864613654137,-1,-2,-1,1,-3,-5,-1,-3
1533864613671107,1,0,8,2,4,1,-1,0
1533864613671107,0,-2,2,0,-1,-1,-3,-1
1533864613672102,0,-1,-2,-5,-8,-3,-1,1
1533864613672102,-1,-2,8,4,6,-2,-1,-1
1533864613693036,-1,1,6,-4,2,-3,0,0
1533864613693036,-3,-3,-12,-7,-18,0,-2,-2
1533864613695027,0,-2,-2,0,-1,-2,-1,-2
1533864613695027,-2,0,-1,3,-1,-2,-2,-3
1533864613706999,1,2,-2,5,5,1,-2,1
1533864613706999,-1,-5,-1,1,1,-1,-1,0
1533864613713976,-2,0,1,-2,1,0,1,0
1533864613713976,1,0,7,1,2,2,0,-1
1533864613730179,-2,-3,-2,-5,-7,-2,-2,-2
1533864613730179,1,-3,-2,-1,5,-3,-2,0
1533864613732215,0,0,-4,4,7,1,0,-1
1533864613732215,-2,-1,-4,-6,-6,-3,-1,0
1533864613753120,-1,1,6,-1,-12,-4,-3,-2
1533864613753120,0,-2,-14,-5,-3,-3,-1,-1
1533864613754114,0,-2,8,0,-1,-1,1,-1
1533864613754114,0,-2,-9,6,12,2,-1,-2
1533864613767083,-4,-2,-9,2,3,-2,-1,-2
1533864613767083,-2,-2,-1,-4,-16,-3,-3,-4
1533864613774064,0,0,-4,2,5,0,-2,-1
1533864613774064,1,-1,-11,-5,-3,0,0,0
1533864613791033,1,0,2,-4,-4,-2,0,0
1533864613791033,-2,-2,-5,5,6,-1,-3,0
1533864613792014,-3,-2,-14,-4,-3,0,-1,-1
1533864613792014,0,3,7,-3,-6,1,-1,2
1533864613813075,-4,-6,-9,-7,-3,-2,-1,-1
1533864613813075,0,-2,-2,-2,1,-1,0,0
1533864613814951,-1,-2,-5,3,4,-1,-3,-2
1533864613814951,-3,-2,-6,-7,-9,-2,-2,0
1533864613826920,0,-1,-11,-1,3,-1,-2,-1
1533864613826920,-3,1,3,3,8,1,-1,-1
1533864613835895,-1,0,-12,-2,-12,-4,-3,-3
1533864613835895,1,1,0,1,2,-2,-1,0
1533864613850909,-2,1,4,-1,-3,1,1,-3
1533864613850909,-2,-2,-8,-5,-12,-2,1,0
1533864613851853,-1,-2,-3,-2,5,-1,-2,0
1533864613851853,0,0,14,6,2,0,1,-1
1533864613872976,-3,-4,3,2,-1,-1,0,0
1533864613872976,-1,-2,-2,2,6,1,1,-1
1533864613874795,-2,-1,-7,-9,-8,-6,-3,-1
1533864613874795,-1,-2,1,-2,-1,0,-1,-2
1533864613886759,2,2,9,10,4,1,-1,2
1533864613886759,-4,-1,4,-1,-4,-2,-2,-3
1533864613895740,-1,0,5,-3,-4,-1,-1,-1
1533864613895740,-2,-4,-15,1,2,-2,-2,-2
1533864613910707,1,0,8,2,1,-5,-3,-2
1533864613910707,1,-2,-3,-2,8,1,0,-1
1533864613912711,-2,0,-14,-14,-36,-4,0,1
1533864613912711,1,1,6,2,0,-1,0,-1
1533864613932793,-2,-4,-3,-5,-7,-2,-3,0
1533864613932793,0,3,2,1,8,3,-1,0
1533864613934632,-1,0,6,3,7,-1,-2,-2
1533864613934632,2,0,-9,-2,-5,-2,-2,5
1533864613946600,-3,-2,-6,-2,-6,-4,-1,-5
1533864613946600,2,1,-2,1,2,1,-1,5
1533864613955575,-1,-1,-7,5,6,2,1,-4
1533864613955575,1,-2,-12,-19,-4,-2,2,5
1533864613970538,0,-2,-13,0,4,2,-3,-5
1533864613970538,-1,-2,-10,-7,-3,-2,-3,-3
1533864613972530,0,1,7,6,4,0,-2,1
1533864613972530,-3,-5,-14,11,-3,-3,-1,-2
1533864613993686,-5,-4,4,-4,-1,1,-2,-2
1533864613993686,-3,-2,-8,-6,-8,-3,0,-1
1533864613994471,-1,-1,-1,-5,3,0,0,-1
1533864613994471,-1,-1,17,0,10,2,-4,-3
1533864614006452,0,0,0,-3,-16,-2,-1,1
1533864614006452,-3,1,-3,5,4,-2,-1,-4
1533864614023393,-1,-3,-2,-1,3,-1,-1,-1
1533864614023393,-3,-1,6,-5,-7,2,2,-2
1533864614030375,1,0,3,2,7,3,1,-2
1533864614030375,0,2,17,6,-2,-4,0,-1
1533864614032370,-3,0,-4,-4,1,-2,-1,0
1533864614032370,-2,-2,-4,-1,4,-2,-2,-3
1533864614053317,0,-1,17,0,2,0,1,1
1533864614053317,0,-2,-14,-1,-3,-3,-2,-3
1533864614054316,0,-2,-2,0,1,0,-1,-1
1533864614054316,0,-2,-5,0,1,3,-1,0
1533864614066502,-1,3,-8,0,0,1,0,-2
1533864614066502,1,2,-10,0,-1,-1,-3,-1
1533864614081255,-5,-4,-4,-5,0,-2,-1,-4
1533864614081255,-2,-1,-13,-3,-4,-2,-3,-2
1533864614090235,-1,-1,-14,-4,-5,-2,0,0
1533864614090235,-1,0,2,-2,4,2,1,0
1533864614092209,1,2,-21,3,-2,-7,-4,-2
1533864614092209,-3,-3,-1,-10,-17,-4,-1,-2
1533864614113153,-2,-2,-3,-1,4,1,-1,-4
1533864614113153,0,0,-1,12,-1,-1,2,0
1533864614114151,0,0,8,-7,4,2,-2,2
1533864614114151,-3,-3,7,5,0,-3,-2,-2
1533864614127116,-3,-4,-4,-3,-2,-4,-5,-2
1533864614127116,-4,-4,-9,-16,-13,-1,-1,-1
1533864614136092,0,0,1,3,0,-1,-2,-1
1533864614136092,3,4,-10,2,6,0,0,0
1533864614150262,0,0,3,5,5,0,-1,-2
1533864614150262,-3,-4,-6,0,1,-2,-4,-3
1533864614152049,-3,-2,-17,-6,-17,-1,-2,-2
1533864614152049,-1,2,17,1,-1,3,2,-2
1533864614172997,-3,0,-6,-6,-3,-3,-3,-2
1533864614172997,0,-3,-4,-2,6,0,1,1
1533864614174988,-3,-1,2,2,-1,-1,-1,0
1533864614174988,-1,-3,-2,-1,0,-2,-1,-2
1533864614186960,2,0,-8,-4,-7,0,-1,0
1533864614186960,-2,-3,-3,-5,-4,1,-4,-1
1533864614195932,0,-2,0,-3,3,-1,-2,-3
1533864614195932,-2,-5,-30,11,6,-2,-2,0
1533864614210893,3,6,12,13,11,1,2,1
1533864614210893,-3,-2,-15,-30,-5,0,-1,-2
1533864614211890,-5,-3,-11,8,-5,-3,-1,-2
1533864614211890,-3,-3,-7,-28,-21,-7,-5,-3
1533864614232835,-1,1,5,-2,-7,-1,-1,0
1533864614232835,3,0,15,11,10,4,2,0
1533864614234829,-2,-3,-9,-3,1,-2,-2,-2
1533864614234829,0,2,3,1,4,-1,-2,0
1533864614246796,-4,-2,-15,4,-1,1,0,1
1533864614246796,0,4,13,13,2,1,0,-3
1533864614255788,4,-1,3,-21,6,3,0,1
1533864614255788,-1,-3,-11,30,6,-1,0,-1
1533864614270903,-4,-6,-2,29,-3,-5,-1,-2
1533864614270903,-4,-3,-8,-15,-12,-4,-2,-1
1533864614271731,-1,-3,-4,4,2,-1,-1,-2
1533864614271731,4,3,20,-2,10,2,1,1
1533864614292677,3,-1,-5,-27,3,3,1,0
1533864614292677,-9,-5,-10,16,-14,-7,-4,-4
1533864614294685,-1,-1,2,-2,2,1,1,-1
1533864614294685,-2,-4,-12,7,-1,2,-2,-2
1533864614315611,1,0,-4,-4,-3,-2,2,1
1533864614315611,0,2,-1,0,2,-1,-2,0
1533864614316611,-2,0,-7,-7,-6,-2,-1,0
1533864614316611,-3,-1,7,2,3,-3,-1,-3
1533864614330592,0,-2,-4,-1,12,2,-2,-4
1533864614330592,-3,-3,-39,-23,-32,-9,-3,0
1533864614332567,4,2,-7,13,6,4,4,4
1533864614332567,-2,-1,-7,-9,-6,-2,-1,-1
1533864614353512,-3,-5,-16,-9,1,-3,-4,-2
1533864614353512,2,-1,-7,5,10,1,0,-2
1533864614354511,-2,0,-3,10,4,0,-2,-2
1533864614354511,-4,-5,-1,-19,-11,-5,-4,-2
1533864614375452,-2,0,1,-9,-14,1,-1,0
1533864614375452,3,1,14,6,0,2,1,-1
1533864614377447,-3,-3,1,-1,-3,-2,-3,-4
1533864614377447,0,2,5,0,-2,-1,1,-3
1533864614390421,-1,-3,6,12,24,1,-2,0
1533864614390421,-2,-4,-5,-6,-11,-2,0,0
1533864614392407,-3,-2,-4,-8,-22,1,2,-3
1533864614392407,-1,-1,2,0,-2,-2,-4,-3
1533864614413351,0,1,11,0,-6,-3,-4,-1
1533864614413351,1,1,12,2,1,-5,-3,1
1533864614414348,1,-2,9,0,14,-2,-1,0
1533864614414348,-1,1,-7,0,3,2,-1,0
1533864614435292,-3,-1,4,-3,-12,1,-1,-1
1533864614435292,2,-4,11,-2,9,-1,-1,1
1533864614437287,-5,-1,-5,-2,3,0,-2,-8
1533864614437287,-1,-3,-14,-8,-7,-8,-2,-3
1533864614450257,-2,-1,-19,-1,-11,0,1,3
1533864614450257,1,0,-3,-8,13,1,0,-36
1533864614456236,-1,-4,-11,-16,-5,-1,2,25
1533864614456236,-2,2,-4,-5,-6,1,2,2
1533864614473191,0,-2,-1,1,3,-1,0,1
1533864614473191,-3,-1,-9,-2,-8,-3,-2,-2
1533864614475229,2,1,-1,7,0,-2,-3,-9
1533864614475229,-1,-1,-13,-5,2,1,-2,-2
1533864614496145,-3,-2,8,-5,-8,-4,-3,-3
1533864614496145,0,-1,-8,5,18,1,-2,7
1533864614497126,-1,-1,-3,2,6,-4,-1,-6
1533864614497126,0,1,5,-3,-12,-5,0,5
1533864614510225,0,-1,-15,6,1,-1,-1,-5
1533864614510225,-6,-6,-16,-5,-23,-6,-1,4
1533864614517078,-2,1,4,-4,5,3,-1,-1
1533864614517078,-1,-3,-14,-10,1,-1,-3,-6
1533864614533041,-1,1,7,5,8,0,0,-1
1533864614533041,2,0,-15,-9,-3,0,3,3
1533864614535025,-2,-3,-20,29,-2,-2,-1,-3
1533864614535025,-1,3,4,-51,-8,-3,-1,-2
1533864614555970,1,-12,-1,19,7,-1,0,2
1533864614555970,-2,-2,-8,-7,4,-1,-3,4
1533864614556979,-3,-4,6,-1,-14,-5,-3,-5
1533864614556979,0,-1,-3,18,17,5,1,0
1533864614569042,-3,1,-25,-18,-7,1,-1,0
1533864614569042,2,2,8,11,3,2,0,1
1533864614577910,-1,-2,-7,-7,-9,0,1,0
1533864614577910,-2,5,1,7,-4,-6,-3,-2
1533864614592875,2,-8,8,-3,5,-1,1,0
1533864614592875,0,0,0,14,8,1,1,0
1533864614594866,0,1,-10,-13,-4,1,-2,-2
1533864614594866,1,-1,-3,6,1,1,2,1
1533864614616022,-4,3,-24,-15,-19,-6,-5,-4
1533864614616022,-1,2,23,-2,1,-1,-1,2
1533864614616831,0,-2,-6,0,6,0,-1,-1
1533864614616831,-2,-6,9,11,5,1,0,-3
1533864614629772,-7,-2,-8,2,-6,-6,-3,-5
1533864614629772,-4,-4,-9,-3,-5,-2,-2,-2
1533864614636757,2,2,3,4,5,-3,-2,2
1533864614636757,2,-1,11,19,4,3,2,2
1533864614652744,3,6,3,-16,-3,0,-1,0
1533864614652744,0,-1,-19,-4,4,1,1,1
1533864614654707,-1,0,5,-4,-5,1,0,-3
1533864614654707,0,-4,-6,-3,-1,0,-2,-2
1533864614675850,0,-1,0,3,2,-2,0,0
1533864614675850,-2,1,2,-2,-11,-4,-1,0
1533864614677677,0,0,-6,-5,-2,-2,0,1
1533864614677677,-3,-3,-12,2,4,-1,-1,-3
1533864614689612,-1,-1,2,-4,-4,-1,-3,-1
1533864614689612,-1,-2,6,-2,6,2,-2,0
1533864614696594,0,1,-2,2,4,-1,-3,-3
1533864614696594,0,0,-7,1,0,-1,-1,2
1533864614712550,-1,1,5,-8,-2,-1,0,-1
1533864614712550,0,9,-8,-3,-10,-6,-3,-1
1533864614714546,-2,-16,8,3,-2,1,-1,2
1533864614714546,-2,-3,6,5,9,-2,-1,0
1533864614735492,-3,-4,-16,-13,-16,-5,-1,-2
1533864614735492,0,-1,-7,3,-3,-1,-1,-1
1533864614737484,-2,2,10,1,5,-4,0,-3
1533864614737484,-1,-3,6,-4,-2,-1,1,-1
1533864614750450,-2,0,17,5,-6,2,0,-2
1533864614750450,1,-2,9,3,4,1,-2,-2
1533864614756438,-2,3,-7,-2,-3,-4,-4,-2
1533864614756438,-2,0,0,-3,-4,-2,-2,-1
1533864614773391,0,2,14,-5,1,0,0,-2
1533864614773391,-2,-1,0,3,12,-1,-1,-1
1533864614774390,1,3,-12,-10,-15,2,-1,2
1533864614774390,-1,-1,4,-3,-12,-7,-2,0
1533864614795329,-2,-1,5,4,2,-1,1,-1
1533864614795329,-1,-5,0,-3,2,1,0,-1
1533864614797326,-2,-1,2,0,7,-3,0,-2
1533864614797326,2,2,6,3,7,3,-1,-2
1533864614809476,0,-1,1,5,5,2,-2,-1
1533864614809476,-3,-2,-6,-12,-29,-4,0,-1
1533864614818289,-1,1,-3,7,7,1,-1,-1
1533864614818289,-2,-5,-18,-4,-2,-1,-3,-2
1533864614833436,-1,1,5,2,6,-3,-2,-3
1533864614833436,1,-3,4,6,6,0,-2,0
1533864614834225,1,2,-1,-2,-3,0,0,1
1533864614834225,-3,-12,-30,-2,-3,-4,-1,-2
1533864614855171,-1,-6,-4,-1,4,-2,0,0
1533864614855171,-3,1,-1,5,8,1,-3,-4
1533864614857173,-1,-2,-1,-7,-5,-2,1,-2
1533864614857173,-1,3,3,3,-4,0,-4,-3
1533864614869302,0,3,-9,2,-4,-3,-1,0
1533864614869302,1,-3,-4,5,14,2,-2,2
1533864614878278,-3,-2,-26,-11,-20,-3,-1,-1
1533864614878278,-1,-1,8,-3,1,-1,0,-2
1533864614893254,1,-1,-7,-5,11,0,-2,-1
1533864614893254,-4,-2,-15,-2,-37,-5,-1,-1
1533864614895232,-2,-2,-10,7,7,-1,0,1
1533864614895232,-3,0,-10,-4,-6,2,-2,-1
1533864614916177,-3,-1,1,-3,-3,-2,-2,0
1533864614916177,1,-1,-8,-4,13,0,1,-1
1533864614917180,-1,1,-3,0,2,0,0,1
1533864614917180,-3,-1,-6,-3,-8,-2,0,-1
1533864614929274,1,1,4,0,10,2,-3,1
1533864614929274,2,0,4,-1,3,1,0,0
1533864614938119,0,-2,-9,-9,-16,2,2,-1
1533864614938119,2,1,3,-2,7,-4,-1,1
1533864614953077,-2,-4,-31,-3,-14,-5,0,1
1533864614953077,-3,-4,-9,-9,-4,-2,1,-2
1533864614955072,0,-2,-6,-1,6,-3,-4,-1
1533864614955072,0,0,-2,0,3,2,0,1
1533864614976081,-1,2,0,-3,-4,-2,-3,-2
1533864614976081,-1,2,-2,6,7,3,-1,0
1533864614977016,-4,-3,-18,-3,0,-3,-1,-3
1533864614977016,1,1,6,-4,-3,0,1,-1
1533864614988985,-3,1,12,7,-1,-2,1,-2
1533864614988985,-4,-1,-12,-5,-1,-1,-4,-1
1533864614997959,-1,-1,5,0,4,-1,-2,-1
1533864614997959,-3,-2,-6,-4,-5,-3,-1,-2
1533864615012919,1,-1,-2,3,8,1,2,-1
1533864615012919,-3,-3,-17,-9,-7,-5,-2,-5
1533864615014913,-1,0,-1,0,-12,-8,-5,-1
1533864615014913,-1,1,8,1,7,2,0,0
1533864615035856,-1,-2,0,2,13,3,0,1
1533864615035856,-2,-1,-12,-4,-21,-4,-1,-1
1533864615036893,-1,0,1,-1,-1,-1,-4,1
1533864615036893,-1,-3,-3,-1,-5,-1,-1,-2
1533864615049042,-1,-3,5,-1,-4,1,-1,-1
1533864615049042,1,0,4,0,2,-3,-1,0
1533864615057993,-1,-2,2,2,14,2,-2,0
1533864615057993,-2,2,-7,1,-25,-2,1,0
1533864615072785,1,0,-21,-2,-3,-2,-2,0
1533864615072785,3,2,0,-4,5,-1,0,1
1533864615074752,0,-5,-9,0,0,0,-2,-4
1533864615074752,-1,-1,7,7,19,3,-2,0
1533864615095720,-4,-6,-8,-11,-29,-5,-1,-2
1533864615095720,-3,-4,-12,5,-4,-2,-1,-3
1533864615097699,-2,0,-6,-6,2,0,-1,-1
1533864615097699,-2,-1,-1,0,3,-1,-3,-3
1533864615109678,-2,-1,0,-1,0,-3,-2,-2
1533864615109678,-4,-3,18,5,4,-3,-5,-4
1533864615118644,-3,-1,15,6,2,3,0,-3
1533864615118644,-2,-3,-4,-3,-1,-1,-4,-1
1533864615133599,1,2,13,1,-3,0,1,-1
1533864615133599,-2,0,5,-4,9,2,1,0
1533864615134593,-3,-3,-16,-5,-1,-3,0,-2
1533864615134593,0,2,18,0,-11,-4,2,1
1533864615155540,0,-1,10,-5,-6,-1,0,-1
1533864615155540,-1,-5,-8,1,13,1,-3,-3
1533864615157531,-2,-1,5,-7,-20,-4,-3,-1
1533864615157531,0,-3,-5,-2,1,-2,0,-1
1533864615169499,-5,-5,0,-6,4,-2,-1,-1
1533864615169499,-1,0,5,7,-6,1,-1,-1
1533864615178474,0,0,-1,2,4,-1,1,0
1533864615178474,-1,8,-7,-6,0,-2,-1,0
1533864615193652,-2,-16,-8,6,-1,-1,-1,0
1533864615193652,0,-1,-6,1,2,2,1,1
1533864615194440,-1,0,-6,3,1,2,-2,-3
1533864615194440,-3,-2,-9,0,-4,-2,-1,-1
1533864615215379,-2,4,1,-7,-2,0,-1,-2
1533864615215379,0,0,-6,2,-3,0,0,0
1533864615217370,0,-1,1,-3,5,-1,-2,-1
1533864615217370,1,0,-6,-2,-2,-1,-1,1
1533864615229339,-4,0,-3,9,5,-3,-6,-6
1533864615229339,-2,-3,3,-9,-5,1,0,-2
1533864615238314,-2,1,-6,1,-3,-3,-1,0
1533864615238314,-1,-5,-4,-4,1,0,0,-2
1533864615253280,-3,-1,3,0,-1,-2,-1,-3
1533864615253280,-3,-2,-5,-6,-7,-3,-2,-3
1533864615254275,2,-1,-26,2,10,3,-1,4
1533864615254275,-1,0,-14,-1,-5,-2,-1,-1
1533864615275410,1,0,-10,5,8,-1,-2,-2
1533864615275410,-3,-2,-15,-2,-11,-6,-3,-2
1533864615277211,-1,-2,-24,2,1,0,0,-3
1533864615277211,-3,-6,-12,-6,-6,-3,-4,-4
1533864615298154,-1,1,3,2,6,2,1,0
1533864615298154,1,0,13,3,4,-1,3,1
1533864615299151,-4,-1,-2,-4,-19,-4,-1,0
1533864615299151,-2,-3,-1,1,6,2,-1,-1
1533864615312458,-1,2,3,-7,-23,0,-2,-1
1533864615312458,-2,-4,-3,3,15,1,-4,-2
1533864615319435,0,-2,9,0,2,-3,2,0
1533864615319435,0,-1,21,3,4,1,-3,-1
1533864615335237,-1,-3,-11,-11,-1,0,0,-3
1533864615335237,0,-2,-6,-5,-4,-2,0,0
1533864615337244,0,0,-5,-2,2,1,2,-3
1533864615337244,0,-4,-6,-2,-4,-2,-1,-1
1533864615358176,1,2,5,1,3,-2,0,2
1533864615358176,-1,0,-8,-2,-6,-1,-1,0
1533864615359177,-1,-1,-2,0,0,-1,-1,-2
1533864615359177,0,-4,-7,3,-4,-2,-2,-1
1533864615372135,0,-2,-12,-2,-1,-1,0,-1
1533864615372135,2,5,9,-1,1,1,-1,-1
1533864615381111,-2,-5,-43,-11,-2,0,0,-2
1533864615381111,-2,1,8,1,2,0,-1,-2
1533864615396159,-2,0,5,-7,-3,-1,1,-1
1533864615396159,-5,-4,-11,0,-3,-4,-2,-2
1533864615397068,1,-2,9,8,0,-1,-3,-2
1533864615397068,-2,-3,-12,1,-1,-1,-2,-4
1533864615418016,0,4,2,30,9,2,0,2
1533864615418016,-2,-2,-8,-30,-11,-2,-1,-3
1533864615420007,-3,-4,14,-33,-9,-4,-3,-6
1533864615420007,0,-1,-6,-2,-2,-4,-4,3
1533864615432183,0,0,10,3,6,3,-3,1
1533864615432183,1,2,1,14,6,0,0,1
1533864615440953,3,4,12,3,0,-4,1,1
1533864615440953,-6,-5,-1,2,-4,-3,-2,-4
1533864615456127,-3,-4,-9,-3,-3,-6,-3,-3
1533864615456127,-1,-4,-11,5,1,1,0,-1
1533864615456916,-3,-1,0,-2,-2,-2,0,-2
1533864615456916,4,6,28,3,2,2,2,2
1533864615477989,-3,-5,-3,-1,0,-1,-1,-2
1533864615477989,-2,0,-1,-12,-9,-6,-4,-3
1533864615479847,-1,-1,10,2,4,0,0,1
1533864615479847,0,0,-4,-2,-1,-2,0,0
1533864615491980,-1,-3,4,-7,-8,0,-1,-2
1533864615491980,-2,-2,9,7,0,-3,-1,-2
1533864615500792,-2,-2,8,6,-2,-2,-4,-2
1533864615500792,0,-2,1,-2,-5,1,-1,-3
1533864615515751,-1,-2,10,-10,4,-1,2,0
1533864615515751,-1,1,-9,3,5,-2,-1,0
1533864615516748,-2,-3,-5,2,-5,3,0,1
1533864615516748,-5,-5,-16,-13,-3,0,2,-2
1533864615537695,0,3,18,-10,-4,-3,-3,-1
1533864615537695,-2,-2,6,6,6,2,-1,-1
1533864615539687,2,2,3,6,2,1,0,-2
1533864615539687,-4,-5,-3,-6,-1,-4,-3,-4
1533864615551689,0,0,-4,5,4,2,0,0
1533864615551689,1,-2,0,16,-1,1,0,-2
1533864615560637,4,1,-3,-24,3,0,1,1
1533864615560637,1,4,11,-9,-9,1,-1,0
1533864615575610,-4,-2,-19,-7,-19,-6,-3,-3
1533864615575610,-1,1,-7,15,-6,-1,-2,0
1533864615577588,2,1,2,21,5,1,-3,0
1533864615577588,2,-1,-11,-14,4,-2,1,-2
1533864615598530,-2,-2,0,2,4,-3,1,-2
1533864615598530,1,3,-4,-12,-3,-1,1,-1
1533864615599527,-1,-1,-13,15,0,0,0,0
1533864615599527,0,-1,-1,16,4,-1,-3,0
1533864615611529,0,1,-3,-15,-12,-1,-1,0
1533864615611529,-3,-5,-8,-2,2,-2,-2,-1
1533864615620472,-3,0,-2,-9,-3,-2,2,0
1533864615620472,-2,-3,-9,-4,-3,-5,1,-1
1533864615635434,0,1,7,5,1,-1,-3,1
1533864615635434,0,-1,0,-14,0,-1,-1,-1
1533864615637425,-2,-2,-19,1,-2,-3,-4,-1
1533864615637425,1,3,2,6,0,3,0,-1
1533864615658373,-1,-4,-11,1,0,-1,-3,-4
1533864615658373,-3,0,6,-4,-5,-3,-1,-2
1533864615660365,-4,-4,-12,1,3,1,-3,-2
1533864615660365,1,2,10,1,-6,1,-1,3
1533864615672336,0,-1,-22,0,4,2,2,0
1533864615672336,-3,-5,-12,-6,-4,-3,-3,-2
1533864615679513,0,-1,4,13,0,-5,-2,-4
1533864615679513,-1,-2,-10,-3,6,2,2,-2
1533864615695271,-4,-2,-3,-11,-5,-2,-4,-4
1533864615695271,0,-1,5,6,2,-1,1,2
1533864615697265,-2,1,5,1,1,1,0,0
1533864615697265,-2,-5,-22,-2,-1,-4,-4,-1
1533864615718209,3,1,-4,-3,-2,-1,-2,1
1533864615718209,-4,-3,-12,-2,0,-1,-1,-2
1533864615719206,-2,-2,10,-2,0,-3,-4,-4
1533864615719206,0,1,-5,4,-3,-2,2,-1
1533864615731184,-4,-6,-10,-11,-9,-5,-3,-2
1533864615731184,2,1,-10,-4,0,5,2,2
1533864615748130,-3,1,-16,-3,-1,2,1,1
1533864615748130,-4,-1,2,3,-6,-5,-5,-1
1533864615755302,0,-1,10,3,6,0,-1,-1
1533864615755302,0,-1,1,-9,-7,-1,-3,-3
1533864615757106,-1,1,7,-3,-6,-3,-1,-2
1533864615757106,0,5,49,17,7,-1,-3,-5
1533864615778050,-1,-4,-18,2,-2,-2,1,9
1533864615778050,-5,-1,1,-1,4,4,-1,-6
1533864615780045,-2,-1,-4,-13,-5,-2,5,-1
1533864615780045,0,1,-1,1,-1,0,-2,-1
1533864615792030,-1,-1,9,2,1,-1,1,-4
1533864615792030,1,-2,-2,-2,-3,-6,-2,1
1533864615807987,0,0,8,4,2,0,-5,0
1533864615807987,0,-4,-40,-9,-2,0,2,-1
1533864615816187,-3,-1,-2,-3,-9,-5,-5,2
1533864615816187,-1,0,-8,-2,2,0,2,-7
1533864615817186,-1,-5,-7,-1,1,0,-4,-4
1533864615817186,0,2,7,0,3,2,0,2
1533864615838130,1,1,-12,-1,-1,1,1,-2
1533864615838130,-1,1,2,-4,0,-3,-3,-1
1533864615840126,-2,-6,-15,-4,3,-1,-1,2
1533864615840126,-2,-4,-25,-11,-18,0,-1,-2
1533864615852150,-2,-4,-17,2,17,-1,-2,-3
1533864615852150,1,5,6,11,-3,0,1,4
1533864615861069,-4,-4,-9,-3,-3,-2,2,-1
1533864615861069,1,-1,20,-4,-6,-2,-5,-2
1533864615876032,-1,3,43,18,9,5,2,2
1533864615876032,-4,-9,-39,-13,-6,-1,0,1
1533864615877026,4,1,15,0,2,-5,-3,8
1533864615877026,-3,-1,-5,-1,0,-1,3,-7
1533864615897970,-3,0,11,3,-7,-3,-3,-3
1533864615897970,-1,-1,5,0,0,-1,-1,3
1533864615899964,-3,0,17,3,-4,-2,0,0
1533864615899964,0,-5,-16,-6,1,-2,-3,-2
1533864615911936,-1,-3,-5,-5,-4,-2,0,-2
1533864615911936,0,-3,9,0,-2,-3,-2,3
1533864615920911,-2,-1,-7,-3,-7,0,-2,-4
1533864615920911,-2,-1,10,4,12,0,1,1
1533864615935872,0,-2,1,-2,-13,0,1,-3
1533864615935872,3,1,3,3,13,2,1,-2
1533864615936886,-4,0,-1,-2,-28,-8,-4,-4
1533864615936886,-1,-4,10,-3,2,-1,-2,-3
1533864615957813,-1,-2,-7,-7,10,2,0,-2
1533864615957813,-7,-4,-21,-9,-22,-7,-2,-3
1533864615959805,-1,-1,-15,2,10,0,0,-2
1533864615959805,-2,-1,-16,-6,-24,-2,0,3
1533864615971776,-2,-3,-8,-7,-5,-2,-1,-2
1533864615971776,2,5,5,-3,10,1,1,0
1533864615980762,-1,0,-8,4,18,4,-1,-2
1533864615980762,-2,0,-3,-1,5,-1,-3,-1
1533864615994939,0,1,-6,1,-2,-2,-2,-5
1533864615994939,3,2,8,5,-6,2,2,-1
1533864616001697,0,-3,-9,-7,0,-3,-4,-2
1533864616001697,0,-1,1,3,-1,-2,-1,-2
1533864616017649,3,-2,0,-5,7,-1,0,-1
1533864616017649,-2,-4,-24,-3,16,-1,0,2
1533864616019658,0,2,0,-2,-27,-1,1,0
1533864616019658,-1,1,4,-9,-30,-1,2,2
1533864616031613,-6,-8,-28,-12,0,-6,-4,-5
1533864616031613,-1,-2,11,-3,-17,-3,-2,-2
1533864616040593,2,6,8,7,26,3,-3,-4
1533864616040593,-2,-17,-14,1,2,-4,-1,-1
1533864616055548,0,2,14,-1,-10,-2,0,1
1533864616055548,-2,-4,7,4,5,0,-2,-2
1533864616061533,-4,-5,-13,-4,-3,-3,-2,-3
1533864616061533,0,9,23,5,8,1,-1,1
1533864616078487,-4,0,15,2,5,2,-1,0
1533864616078487,-3,-2,-12,-4,-5,-4,0,0
1533864616079492,-1,0,15,-1,-18,0,-1,-1
1533864616079492,-6,0,-15,2,14,-2,-4,-5
1533864616091456,0,1,-2,-7,2,1,-1,0
1533864616091456,-1,2,18,5,23,3,-7,-1
1533864616100432,-3,-5,-10,-8,-16,-2,3,-1
1533864616100432,1,5,9,4,-6,0,3,2
1533864616115388,-2,-4,-18,-2,-18,-4,-3,-1
1533864616115388,0,-2,-8,2,1,0,-3,-2
1533864616117388,-1,-1,-17,-3,13,-2,1,3
1533864616117388,-2,-4,-9,-1,9,1,-2,-2
1533864616138367,1,0,-3,4,6,-1,0,-1
1533864616138367,1,1,15,-6,-10,4,4,0
1533864616139378,0,-4,-11,-1,-1,-4,0,-1
1533864616139378,-1,1,-1,5,10,-2,-3,-3
1533864616151512,1,4,12,11,0,3,2,3
1533864616151512,-4,-4,-23,-9,-8,-6,-3,-3
1533864616160308,2,0,-2,7,10,5,-2,-1
1533864616160308,-1,-1,-6,-7,0,-2,0,-1
1533864616175300,1,0,15,1,1,-2,-1,-2
1533864616175300,-1,0,2,1,-11,0,-2,-1
1533864616177260,-2,0,8,-2,0,1,-2,1
1533864616177260,0,0,5,-1,8,4,0,1
1533864616198237,-1,-1,-12,4,6,-1,-2,0
1533864616198237,0,0,-8,-4,-9,-5,0,-1
1533864616199201,1,-1,-7,-3,11,-1,1,-4
1533864616199201,-3,-1,-14,-12,-32,-6,-3,0
1533864616220145,1,1,2,-2,-11,0,2,2
1533864616220145,-3,-2,0,-4,-2,0,0,-2
1533864616222139,0,-2,-2,2,5,-1,-2,-1
1533864616222139,-2,-5,-8,3,10,-1,-2,-2
1533864616235106,-1,-2,-10,-5,0,-4,-2,-2
1533864616235106,-2,-6,3,-6,-5,-3,-2,0
1533864616237108,0,2,-10,-5,-7,-2,-1,-1
1533864616237108,1,2,-4,-2,9,0,-1,-1
1533864616258047,-1,0,11,2,-3,-2,-3,-3
1533864616258047,-2,1,-2,-3,-1,-3,-2,-4
1533864616260038,-1,-3,0,-2,12,-1,-1,-1
1533864616260038,-2,0,0,-5,-41,-6,1,1
1533864616280983,-3,-1,-4,-1,3,1,0,-2
1533864616280983,0,3,26,6,7,-1,0,-1
1533864616281979,-4,-5,0,0,-7,1,1,-1
1533864616281979,1,-2,9,-2,9,0,0,-1
1533864616302927,-3,-3,2,2,0,-2,-2,-1
1533864616302927,-1,6,-11,-5,11,-1,-1,1
1533864616304918,1,-14,10,9,4,1,1,2
1533864616304918,-2,-2,-1,-4,-8,1,-1,0
1533864616317887,-2,-1,11,-1,-14,-1,-2,-3
1533864616317887,0,-3,-6,-2,3,-5,1,-1
1533864616319878,-2,5,8,-11,4,-1,-5,-3
1533864616319878,0,-2,-5,3,7,0,-4,-1
1533864616340825,0,1,3,2,11,-1,1,1
1533864616340825,-2,-1,-7,3,-11,0,-4,-3
1533864616341830,-1,3,0,-1,-9,-4,-2,0
1533864616341830,1,2,3,-3,3,-1,1,0
1533864616354802,0,-1,-15,5,6,1,-1,-3
1533864616354802,0,-2,0,-2,-7,-1,-1,-1
1533864616361769,1,-1,-14,-3,-4,-2,-1,-2
1533864616361769,-3,-3,1,4,6,-1,-1,-3
1533864616377726,0,0,-3,-4,3,0,-2,-2
1533864616377726,-1,-1,-8,4,9,1,2,1
1533864616379719,-4,-2,2,-1,-19,-3,-1,0
1533864616379719,0,-2,-14,2,10,5,-1,1
1533864616400666,-1,-1,1,-6,-8,-5,-3,-2
1533864616400666,-3,-6,-18,-3,-3,0,-3,-2
1533864616401659,0,0,0,3,11,-1,0,-1
1533864616401659,0,0,-6,1,-1,-4,1,-3
1533864616414625,-3,0,-13,-9,-16,-3,-1,3
1533864616414625,1,0,5,0,-4,-1,-1,-1
1533864616421610,-1,-1,-7,-1,-4,-2,-4,-2
1533864616421610,1,-2,5,2,24,4,-4,-3
1533864616438571,-6,-5,-18,-12,-31,-9,-2,1
1533864616438571,-1,2,16,-2,-5,-2,-1,0
1533864616439579,0,-1,0,2,0,2,3,-1
1533864616439579,-2,-2,-6,-4,2,-1,0,-3
1533864616460506,0,-1,7,3,10,1,0,-2
1533864616460506,0,0,2,2,0,-3,-2,-1
1533864616462497,1,2,-18,-6,-3,3,1,1
1533864616462497,-2,-2,1,3,-4,-2,-1,-2
1533864616474468,2,1,7,7,1,3,1,-2
1533864616474468,-3,-5,-9,-1,0,-2,0,-1
1533864616481446,1,0,10,3,10,0,-5,-1
1533864616481446,-3,2,2,-1,-18,0,1,3
1533864616498401,-1,-3,-2,-2,14,-4,-1,-2
1533864616498401,0,0,11,5,7,1,0,-1
1533864616499398,-2,-3,-14,-4,-14,-5,-3,-2
1533864616499398,-2,-2,-9,0,-10,0,-4,0
1533864616520342,-2,0,1,-1,3,0,-3,-2
1533864616520342,-1,-1,-8,-3,-3,-1,0,0
1533864616522337,-1,-3,-3,-2,2,-5,-2,-2
1533864616522337,-1,-1,0,-4,4,-1,-1,0
1533864616535305,1,-4,-2,0,-3,-2,0,-3
1533864616535305,-2,-4,-23,-4,-1,-3,-2,-2
1533864616541286,1,5,20,10,3,4,3,1
1533864616541286,-4,-2,-5,-6,-8,-2,0,-3
1533864616558244,-1,-2,-7,-5,5,2,2,-1
1533864616558244,0,3,15,4,-3,2,1,0
1533864616559238,-3,-7,-12,-3,-5,-2,-4,-1
1533864616559238,3,4,29,7,0,-4,-4,4
1533864616581198,-3,0,3,2,0,-2,-2,-6
1533864616581198,-1,-3,-12,-5,-1,3,-1,2
1533864616582176,-2,1,5,-6,-5,-2,2,-10
1533864616582176,0,0,1,6,5,-2,1,0
1533864616595145,-1,-3,-10,-2,0,1,0,-1
1533864616595145,0,0,-9,0,-3,-2,0,-3
1533864616602124,-3,0,-8,0,-4,-4,-5,0
1533864616602124,0,-1,-8,-5,1,-1,-1,0
1533864616618084,3,0,0,-2,0,-2,-1,8
1533864616618084,-5,-3,-2,-2,-2,-2,1,-4
1533864616620076,-1,0,3,-1,0,-1,3,1
1533864616620076,-1,-2,13,-2,-2,0,-1,-4
1533864616641023,3,1,1,-4,-2,0,0,1
1533864616641023,2,1,-8,-8,-3,-3,-8,-1
1533864616642017,-3,-3,-7,-6,-8,-4,-3,8
1533864616642017,-4,-5,-3,2,-3,-5,-1,-2
1533864616654982,0,0,1,0,-5,0,-2,1
1533864616654982,1,-4,-5,-3,-6,-6,0,-2
1533864616661966,0,2,27,0,2,2,-3,-1
1533864616661966,-2,-5,-11,-7,-4,-3,-4,-3
1533864616678054,-4,0,9,5,0,1,1,0
1533864616678054,-1,1,-6,0,1,-2,0,9
1533864616679917,-6,-1,-17,-5,-3,-2,2,-8
1533864616679917,2,1,5,6,5,1,2,-1
1533864616700948,-1,-2,6,2,3,-2,-3,-5
1533864616700948,0,-2,3,0,-2,3,-3,1
1533864616701857,4,1,-8,-6,-3,1,-1,7
1533864616701857,-4,-4,-19,0,2,2,-2,6
1533864616713825,-2,-1,-9,-1,0,1,3,-1
1533864616713825,-2,1,9,0,-1,-3,-1,-2
1533864616722801,1,-4,-11,-7,-10,-7,-5,-1
1533864616722801,0,1,2,-2,-2,-3,-1,-4
1533864616737761,0,-3,1,-7,-3,-4,-2,-1
1533864616737761,0,-1,-5,-3,-6,-2,-3,-5
1533864616739756,-1,2,-2,1,7,3,0,-1
1533864616739756,-1,1,9,-2,1,0,-5,0
1533864616760699,-4,-3,3,-6,-6,-3,-4,-4
1533864616760699,2,1,-13,2,3,-1,0,-6
1533864616761696,0,-1,-4,2,-4,0,1,-7
1533864616761696,0,-1,-6,3,4,3,0,-2
1533864616774662,-2,-2,-15,0,3,1,-2,-1
1533864616774662,-1,1,10,3,6,0,1,1
1533864616783637,-4,-5,-10,-3,-1,-3,1,-2
1533864616783637,0,1,-11,-1,2,-1,-1,1
1533864616798598,0,0,6,0,-1,-2,0,-2
1533864616798598,-3,-3,-9,1,-3,-2,-2,-3
1533864616799597,2,2,-3,5,3,0,0,1
1533864616799597,1,0,2,-6,-1,-2,0,-1
1533864616820561,-1,1,8,5,-1,-1,-2,0
1533864616820561,-3,-3,-23,-4,-2,-4,-2,-1
1533864616822534,-1,0,-3,4,-3,0,-2,0
1533864616822534,-3,-3,-3,-5,-3,3,0,-3
1533864616834671,0,-2,-3,-6,2,0,-2,-3
1533864616834671,1,1,5,2,1,3,2,0
1533864616843478,-3,-2,-2,-3,-3,-2,-1,-3
1533864616843478,-5,-7,-28,-8,-9,-4,-4,-3
1533864616858441,1,0,3,2,-4,-2,-1,12
1533864616858441,-3,-4,-1,-2,-3,2,-1,-5
1533864616859435,-1,-1,-11,-2,1,-1,0,0
1533864616859435,2,-1,5,2,0,-2,2,8
1533864616880379,-3,-1,-6,2,-1,-2,0,-6
1533864616880379,1,-1,-9,-5,-2,-1,1,1
1533864616882374,-3,-4,-3,-7,-5,-4,-3,-4
1533864616882374,1,1,-3,1,4,0,0,1
1533864616894345,0,-1,-24,-6,-2,-3,1,-2
1533864616894345,-2,0,3,0,-2,-2,-2,-3
1533864616903318,-1,-2,-14,-6,-7,-2,-4,-4
1533864616903318,-3,-2,17,10,4,-2,-3,-4
1533864616918281,-2,-3,-20,-6,2,-2,2,-1
1533864616918281,0,-1,-7,-2,-2,1,1,-1
1533864616919275,1,-2,-22,4,5,2,-1,2
1533864616919275,-1,1,2,-1,-2,-1,-1,-5
1533864616940222,-1,1,11,6,0,0,-4,-2
1533864616940222,0,-3,-19,-5,-5,-4,-2,2
1533864616942214,-1,2,13,1,-12,-2,2,0
1533864616942214,1,0,-3,6,29,4,4,-2
1533864616954185,-3,0,-9,-4,-13,-4,-7,-2
1533864616954185,-4,-3,5,1,-10,-5,-6,-4
1533864616963157,0,-1,4,4,12,0,1,0
1533864616963157,-5,-4,-14,2,-5,-3,1,-4
1533864616978133,1,1,1,2,3,1,2,1
1533864616978133,-3,-1,18,0,-7,-3,-2,-2
1533864616980113,1,0,-13,-2,6,0,-1,0
1533864616980113,-2,-2,-1,2,-10,-4,-3,-1
1533864617001056,1,-3,7,6,9,0,-1,-2
1533864617001056,-4,-1,-5,-2,-7,-2,-3,-3
1533864617002054,-2,-4,4,-3,6,-3,0,-1
1533864617002054,0,-1,-4,-4,-4,2,-2,-1
1533864617014022,-1,1,5,-5,-10,-3,-4,-3
1533864617014022,1,-10,13,2,2,2,3,1
1533864617023056,-2,-1,15,6,3,2,1,0
1533864617023056,-4,-5,-45,-29,-11,-11,-6,-3
1533864617038012,-1,-1,22,8,14,2,1,-1
1533864617038012,0,3,4,-2,-6,1,1,0
1533864617043945,-1,1,8,2,18,0,-6,-2
1533864617043945,0,0,27,8,3,0,1,-1
1533864617060899,-1,3,3,-8,-13,3,4,0
1533864617060899,-2,-1,-15,-11,-14,-9,-6,-5
1533864617061894,-1,-2,-11,1,-5,6,3,2
1533864617061894,-3,1,-9,-11,7,-5,-4,-3
1533864617073869,-1,-3,-8,-7,-14,-1,0,0
1533864617073869,-1,6,-1,12,18,4,0,1
1533864617082842,0,-15,-15,-1,-16,-5,-1,-3
1533864617082842,1,-3,6,-2,-2,3,2,1
1533864617097797,-2,0,13,7,2,-2,-1,-1
1533864617097797,1,-1,-18,0,5,-2,1,-1
1533864617103782,0,7,-4,0,-9,2,1,0
1533864617103782,-1,1,13,5,3,-1,0,-1
1533864617120736,1,-2,0,11,31,5,-2,-1
1533864617120736,-4,-4,-26,-8,-14,-1,-5,-3
1533864617121734,-2,3,1,-3,16,-3,-2,-5
1533864617121734,-3,-4,-4,-6,-31,-4,0,0
1533864617143675,-2,0,-7,-9,-9,-4,-3,-3
1533864617143675,2,-1,16,8,20,7,7,3
1533864617144673,-3,0,-5,-4,2,-1,-5,-2
1533864617144673,0,2,-2,8,5,0,-1,2
1533864617157637,-4,-4,-18,-7,-18,-7,-3,-3
1533864617157637,0,-4,-8,-7,0,1,2,-1
1533864617159632,-1,-4,-21,-6,-9,-5,-2,-5
1533864617159632,3,2,-15,-6,-19,-1,-1,0
1533864617180576,-2,-3,-13,8,31,4,3,4
1533864617180576,-3,-1,-8,-4,-36,0,-1,-1
1533864617182571,-2,7,-14,-16,-1,-3,-3,-3
1533864617182571,0,-7,2,12,10,0,-3,-2
1533864617203519,0,-1,-9,-4,-16,-4,-3,-3
1533864617203519,-5,-5,-2,2,4,-4,-3,0
1533864617204512,-1,2,15,6,-1,-2,-1,0
1533864617204512,-1,3,-18,-1,1,0,-1,-3
1533864617218478,-2,-3,-1,-4,-2,-1,-4,-1
1533864617218478,4,5,61,5,18,-2,-2,0
1533864617219472,-4,-4,-4,3,-16,-2,1,0
1533864617219472,-4,-2,-7,-4,4,-2,-2,-3
1533864617240417,-3,-1,13,-2,-9,0,-1,-1
1533864617240417,0,2,-20,-4,6,0,-3,-3
1533864617242412,-1,-2,-12,2,2,-2,-1,0
1533864617242412,-1,4,25,4,-3,1,1,2
1533864617263372,1,-1,-22,-4,0,-3,-1,-3
1533864617263372,-3,-4,-12,-5,6,3,0,-1
1533864617264354,1,-1,6,4,-5,1,2,1
1533864617264354,-2,0,0,3,14,2,0,-2
1533864617278333,-2,-2,-19,3,-7,-5,-6,-5
1533864617278333,0,5,-12,-3,2,-4,-1,0
1533864617279312,0,-6,-10,-5,-5,-2,0,1
1533864617279312,0,2,-2,-3,-13,-6,-4,-1
1533864617300259,0,-2,9,-1,5,4,1,0
1533864617300259,-5,-1,-21,-5,-12,-5,-1,0
1533864617302266,-4,-2,-22,-5,6,-1,-5,-2
1533864617302266,1,-3,0,-8,-8,-4,-6,-1
1533864617323198,0,1,7,1,0,-3,1,1
1533864617323198,-1,-4,-20,-4,6,0,0,1
1533864617325193,1,1,12,3,0,1,4,0
1533864617325193,-1,-2,14,2,11,1,-1,-3
1533864617337164,-1,-1,-32,-7,-21,-6,-5,-3
1533864617337164,-1,-3,7,1,-1,0,2,-1
1533864617344142,-1,-1,-12,-3,7,-1,-5,-3
1533864617344142,-1,6,4,-11,-19,-3,-1,-5
1533864617361097,-3,-6,8,5,4,0,2,0
1533864617361097,-1,-1,-3,7,3,0,2,1
1533864617362091,0,-1,-3,0,-14,0,1,1
1533864617362091,-3,-7,-58,-1,14,-1,-3,-4
1533864617383052,0,2,45,-5,-6,0,0,4
1533864617383052,-2,2,11,-4,-13,-1,-2,-1
1533864617385037,3,8,10,1,5,0,0,-1
1533864617385037,-6,-20,-12,2,-6,1,1,1
1533864617396999,0,-2,-19,-1,2,-1,-1,-4
1533864617396999,-1,-2,7,5,2,1,-1,-2
1533864617405973,-1,-2,8,-3,-1,-2,-4,-4
1533864617405973,0,6,18,-4,-3,-1,-2,0
1533864617420936,-1,-1,5,-6,0,-2,-1,0
1533864617420936,-3,-7,5,-2,3,0,-3,-2
1533864617421939,-1,0,-1,-1,-2,-2,1,0
1533864617421939,-3,0,-3,-3,-2,-4,-2,-3
1533864617442878,1,1,9,1,10,0,1,-1
1533864617442878,-2,3,-13,-2,-12,-5,-3,-4
1533864617444869,1,-1,-1,0,5,-1,0,-2
1533864617444869,2,12,0,-1,5,4,-2,1
1533864617456837,1,-9,-4,-1,-5,3,1,0
1533864617456837,-1,-6,-17,-1,7,1,-1,-1
1533864617465813,-4,-3,-25,-6,-11,0,1,0
1533864617465813,1,-2,22,7,-2,-2,0,0
1533864617480773,-1,4,-4,-1,-2,-3,-2,-5
1533864617480773,1,-1,0,-3,0,-2,-3,-2
1533864617481771,-1,-3,-20,-1,-1,-2,-1,-1
1533864617481771,-1,-1,-21,-2,-3,-2,1,-1
1533864617502718,-1,3,15,-2,-4,-3,-2,-1
1533864617502718,-1,-1,-1,-3,4,1,1,1
1533864617504709,-1,-2,4,2,-3,-1,-1,-1
1533864617504709,-2,-1,9,4,2,0,-2,-1
1533864617516681,-4,6,-26,-5,-2,-3,-1,-3
1533864617516681,0,-2,6,3,17,1,1,2
1533864617525653,-3,1,5,-2,-23,-3,-2,-2
1533864617525653,1,1,-32,-12,-6,-2,1,-1
1533864617540621,-3,-5,-5,-5,-8,-2,-1,-2
1533864617540621,0,0,-4,1,5,-2,-4,-1
1533864617542612,-4,-4,1,-2,10,0,-1,-1
1533864617542612,-4,-6,-1,0,-9,-2,1,1
1533864617563557,1,-2,8,0,4,0,-4,-1
1533864617563557,0,4,49,0,-8,-1,0,-2
1533864617564556,-2,-8,28,-4,4,-2,-2,-2
1533864617564556,-1,3,28,6,3,-1,1,-3
1533864617576521,-2,4,-32,-3,2,-2,-1,-1
1533864617576521,-5,-10,-39,0,-3,-3,0,0
1533864617585493,-6,2,-44,1,1,-2,-3,-2
1533864617585493,-7,2,-32,0,7,-1,-1,-2
1533864617600457,-9,-3,-33,-5,-6,-3,0,2
1533864617600457,-8,-5,-28,0,-12,-1,-1,-1
1533864617602463,-6,-1,-39,2,12,-1,-1,0
1533864617602463,-8,-4,-31,-3,-7,-5,-1,1
1533864617623392,-9,-11,-3,6,19,0,-1,0
1533864617623392,-4,5,-15,-1,2,0,0,-2
1533864617624395,-4,-7,-15,-2,-19,-4,-4,-2
1533864617624395,-3,-9,-31,-8,9,-1,-4,-4
1533864617636357,-6,5,2,3,-2,-1,-1,-3
1533864617636357,-13,-1,-43,3,6,-4,-2,-1
1533864617645369,-12,-4,-52,6,8,-4,0,0
1533864617645369,-4,0,-112,1,-2,-4,-1,0
1533864617660329,1,-4,-128,0,0,-2,0,-3
1533864617660329,7,-1,-128,-2,2,2,-1,-3
1533864617662330,9,3,-1,-2,-3,3,0,0
1533864617662330,7,-1,63,-3,-7,2,-2,1
1533864617690252,4,-1,87,-6,-16,-3,0,1
1533864617690252,-2,0,113,-4,-5,-2,-4,-1
1533864617692264,-9,0,94,-3,3,-1,-1,1
1533864617692264,-14,-3,87,7,14,-3,-1,0
1533864617697230,-10,-3,72,3,3,0,-2,-2
1533864617697230,-4,-5,59,-13,-13,-6,-2,-2
1533864617705211,9,1,50,-6,17,4,2,0
1533864617705211,7,-2,44,-4,-7,5,0,-2
1533864617721201,12,1,19,2,-11,-1,0,-1
1533864617721201,14,1,20,0,-3,1,0,-1
1533864617722165,18,1,21,-6,-7,2,-1,1
1533864617722165,16,6,18,16,-12,-1,0,0
1533864617743108,16,-2,1,2,-12,3,-1,0
1533864617743108,10,3,9,-66,-27,-1,-4,-2
1533864617745103,8,0,12,8,-3,4,1,-3
1533864617745103,9,0,3,-8,-4,5,0,0
1533864617757071,7,2,-1,19,3,4,-1,-1
1533864617757071,9,3,5,24,3,-1,-1,0
1533864617766047,5,-1,1,-15,-12,-1,2,-1
1533864617766047,2,3,-1,-28,-17,-4,3,7
1533864617781043,1,1,-2,-4,1,-2,-10,-7
1533864617781043,0,-2,3,10,-17,-6,-3,-3
1533864617782011,-1,-1,0,1,14,-1,-2,-5
1533864617782011,-4,-3,1,20,9,2,-1,-5
1533864617802948,-2,2,0,-18,-12,-2,3,4
1533864617802948,-4,-3,0,17,4,0,1,2
1533864617804959,-3,10,0,6,-2,-3,-3,-4
1533864617804959,-2,-4,1,4,-1,-2,0,-2
1533864617816914,-5,-3,-3,-24,9,-5,0,0
1533864617816914,-4,1,-1,13,10,1,-1,-1
1533864617825886,-2,-5,0,-7,-20,-7,-1,0
1533864617825886,1,3,0,-6,22,-2,-5,-5
1533864617840847,2,20,-3,74,15,4,5,4
1533864617840847,0,-25,0,-64,-17,0,2,1
1533864617841862,-14,-17,1,-21,-26,-8,9,15
1533864617841862,-3,-6,-1,20,-12,2,-8,-10
1533864617862788,-6,-4,-2,0,20,2,-2,-5
1533864617862788,-4,-2,0,20,17,-1,0,-3
1533864617864794,3,6,-1,22,-7,-11,-16,-15
1533864617864794,-3,-11,-1,-73,7,9,10,19
1533864617876754,-4,0,-1,-24,-3,0,4,1
1533864617876754,0,6,0,-7,-3,-3,-3,-3
1533864617885727,-6,-13,-1,1,-3,-1,-3,-1
1533864617885727,-2,18,-1,68,-3,-8,-1,0
1533864617899693,-3,-2,-1,-44,13,-1,-3,-4
1533864617899693,1,-1,-1,-8,-11,-6,-4,-3
1533864617906671,-4,-4,-1,5,-9,-1,2,2
1533864617906671,-3,-15,-1,-62,18,2,-2,-11
1533864617923628,-12,-16,-1,1,-29,-6,-5,0
1533864617923628,2,6,-1,0,26,9,5,4
1533864617924623,-11,-6,-1,22,-34,-12,0,-5
1533864617924623,-1,-7,-1,-64,-10,-3,-7,3
1533864617936594,1,3,-1,70,16,0,0,-4
1533864617936594,3,23,-2,-96,-30,-6,-4,-4
1533864617945566,0,-1,-1,63,31,11,0,0
1533864617945566,0,7,-1,-15,6,-5,-4,3
1533864617968508,-2,-6,-2,7,-19,-1,5,-4
1533864617968508,-3,3,-1,15,22,0,-4,-4
1533864617969502,5,-6,-1,-33,-12,1,2,7
1533864617969502,1,13,-16,72,16,5,0,-4
1533864617983469,4,3,38,-68,-28,-7,-3,-4
1533864617983469,-8,-14,-53,41,9,-1,-1,2
1533864617984463,-8,-12,-4,21,13,4,-1,-14
1533864617984463,-4,-19,87,27,-12,-1,5,3
1533864617996445,1,0,38,-11,18,5,1,1
1533864617996445,-4,-21,-99,-6,12,0,1,-6
1533864618005441,1,6,-14,-9,-11,0,-4,-1
1533864618005441,-6,10,70,5,3,-5,-3,-2
1533864618019372,-6,-16,-85,-7,13,-2,-2,-2
1533864618019372,-8,8,119,-49,-12,-3,-3,1
1533864618027382,0,9,-20,-10,11,-2,-2,2
1533864618027382,-6,-4,-18,19,-9,-9,-2,-7
1533864618043308,-5,-4,-22,21,-4,2,-3,-1
1533864618043308,7,-1,-63,49,11,-1,-2,-1
1533864618044302,4,11,-51,18,17,7,3,-1
1533864618044302,-3,8,73,-41,-25,-3,0,1
1533864618057341,1,-9,-26,4,10,8,0,-3
1533864618057341,-1,20,95,38,-5,3,4,3
1533864618065274,-3,8,56,-31,-13,-9,-4,3
1533864618065274,0,-4,26,14,7,0,-3,-1
1533864618080215,-1,14,-90,9,5,-1,-1,0
1533864618080215,-2,2,88,11,-8,-2,-2,-1
1533864618087188,4,-8,-10,4,7,-1,-3,-2
1533864618087188,-3,-4,-25,25,16,0,3,-2
1533864618103145,0,-1,15,-55,-41,-10,-4,13
1533864618103145,-5,-3,-57,2,1,1,-8,-23
1533864618105144,1,-6,91,1,0,-1,1,2
1533864618105144,1,-2,-75,-20,-12,-2,-7,-6
1533864618126084,1,3,29,11,11,3,8,6
1533864618126084,-6,-14,29,20,17,0,2,6
1533864618127080,-8,3,59,-18,7,2,-3,-1
1533864618127080,0,-3,-24,7,-5,-7,0,-4
1533864618140050,-2,-12,51,18,-1,2,-1,-3
1533864618140050,-3,-11,-72,-19,-5,-1,1,2
1533864618147028,-1,5,-22,9,-1,-5,-3,-5
1533864618147028,-3,7,44,-12,-11,5,2,4
1533864618163026,4,16,-42,-4,-7,-3,-6,-6
1533864618163026,-2,7,78,53,26,3,-1,1
1533864618164981,-1,2,-17,-42,5,4,4,3
1533864618164981,-6,-7,-26,37,-14,-10,-3,-4
1533864618185941,-5,-8,9,-11,-3,-4,-5,-6
1533864618185941,7,5,37,12,0,3,3,2
1533864618186922,0,3,-12,-19,-1,1,2,-2
1533864618186922,0,7,-42,-29,-4,0,-1,-2
1533864618199924,2,-9,24,4,14,2,0,5
1533864618199924,-2,-3,-74,-3,-7,-2,8,-4
1533864618206904,9,30,39,17,11,-3,-9,-8
1533864618206904,3,-29,-128,-20,-8,4,-3,-5
1533864618223041,-6,-1,-8,-8,-41,-17,-6,-2
1533864618223041,-9,-2,20,-7,-12,-4,-4,2
1533864618224820,2,-30,-80,6,-2,2,5,2
1533864618224820,-2,4,88,-5,21,6,0,10
1533864618245765,1,-3,6,-19,8,2,-2,-9
1533864618245765,1,9,0,-2,-19,-4,-3,2
1533864618246776,-10,-7,-39,20,-7,-7,-6,-7
1533864618246776,3,-2,-21,-3,-2,-2,1,3
1533864618258763,-1,-6,8,14,5,-3,1,-2
1533864618258763,-2,-2,-10,30,17,0,-6,-1
1533864618267708,-1,-2,-8,-43,-19,-1,3,5
1533864618267708,1,1,9,7,17,-1,1,-1
1533864618283662,-5,-3,21,-10,-38,-3,-3,-2
1533864618283662,-1,-14,-34,11,4,-3,-2,-4
1533864618284660,3,5,-7,6,27,9,-1,1
1533864618284660,3,13,14,-23,-24,-15,-3,-4
1533864618305607,-1,-16,-56,8,-11,-1,1,-2
1533864618305607,1,3,-54,-8,-12,-4,0,3
1533864618307598,-3,-18,40,7,9,5,8,4
1533864618307598,3,9,-17,-3,5,7,-7,-6
1533864618319569,-3,-12,-39,6,16,-1,-3,-2
1533864618319569,-3,0,10,-14,-11,-5,-4,-1
1533864618328542,-3,3,-4,-2,-8,-2,-3,-3
1533864618328542,1,-3,-26,20,20,2,2,3
1533864618343505,3,-1,-19,0,3,-1,1,0
1533864618343505,-1,5,-3,-13,-10,0,-3,-3
1533864618344499,-2,-1,15,11,15,1,-2,0
1533864618344499,-2,-5,-3,15,-4,-6,-3,-3
1533864618365444,-4,10,31,-39,-36,-2,-3,1
1533864618365444,-2,-2,18,-2,3,0,0,-1
1533864618367439,-2,3,-31,3,-3,-4,-4,-2
1533864618367439,-4,3,-12,-8,-4,-1,1,-2
1533864618379406,8,0,13,40,24,4,3,1
1533864618379406,3,-3,-1,-16,5,-1,-1,-1
1533864618388395,-7,-9,-6,-10,-35,-7,-7,-4
1533864618388395,-2,-5,11,19,2,1,-1,0
1533864618403343,0,0,38,-1,7,-1,-1,-1
1533864618403343,0,-4,45,-9,4,2,1,2
1533864618404340,1,1,-2,-8,-3,-1,-2,0
1533864618404340,-3,-8,-4,-1,-7,1,-3,-3
1533864618426281,-4,1,17,-10,14,3,1,0
1533864618426281,-1,-7,-38,-2,-11,-3,-4,-3
1533864618427279,-1,0,-6,1,5,-2,-1,0
1533864618427279,-3,-7,-13,-9,-5,2,3,-1
1533864618440246,0,10,10,13,14,-1,-1,-2
1533864618440246,-4,-9,2,-8,-2,-3,0,-1
1533864618447225,2,0,-10,-1,5,-1,-1,0
1533864618447225,0,-16,6,3,-7,-2,0,0
1533864618463182,-2,2,1,-6,-1,0,-1,-2
1533864618463182,-3,-8,2,19,6,3,0,0
1533864618464188,-3,-1,16,-25,-5,0,-1,-2
1533864618464188,2,-6,-46,-9,-6,0,-3,-2
1533864618486124,-3,11,51,18,0,-1,-1,0
1533864618486124,-1,3,0,-9,-3,-5,-3,0
1533864618487118,4,-4,-17,-11,-5,-5,-2,-2
1533864618487118,-7,0,-6,-1,9,0,1,0
1533864618500087,-3,5,-19,3,-5,-2,0,-2
1533864618500087,3,-14,64,27,10,-1,1,2
1533864618507068,-2,0,-3,-48,-15,3,-1,-2
1533864618507068,1,2,19,7,-19,-3,0,-1
1533864618523025,-5,-6,-6,-11,-26,-4,-4,0
1533864618523025,1,4,-14,-5,2,1,-1,-1
1533864618525017,-2,0,4,28,2,-7,-3,1
1533864618525017,1,3,17,-13,6,2,1,1
1533864618545975,2,-2,-14,-14,14,-2,0,-1
1533864618545975,-4,3,-23,19,-6,0,-2,-2
1533864618546965,2,0,5,10,6,4,0,-1
1533864618546965,0,5,0,-3,-8,-3,-1,0
1533864618558930,0,-2,-4,4,11,2,2,-1
1533864618558930,1,0,-7,-16,-5,-2,1,0
1533864618567905,-5,-2,8,6,-1,1,1,-2
1533864618567905,0,1,3,20,4,-2,1,11
1533864618582866,-4,-6,2,-26,3,0,-7,-15
1533864618582866,-3,2,-7,-15,-6,-2,-2,-3
1533864618584857,1,10,-16,1,-5,-5,-2,-4
1533864618584857,-3,2,26,15,4,-1,-1,1
1533864618605816,-2,-1,1,13,-1,-2,-1,4
1533864618605816,1,8,-59,-11,-6,-4,-4,-4
1533864618607812,3,0,-1,12,4,2,0,1
1533864618607812,-1,-2,-6,-18,16,4,0,-3
1533864618618766,-8,-7,-9,-17,-42,-14,-6,-1
1533864618618766,-6,3,1,-20,5,-1,-2,-2
1533864618627745,-2,-7,-7,-12,-6,-1,2,1
1533864618627745,-1,0,-4,-3,-10,-4,-5,-5
1533864618642722,4,3,0,14,12,7,3,2
1533864618642722,3,-5,-4,12,-6,1,1,1
1533864618644697,-4,-4,-4,-7,0,-7,-5,-4
1533864618644697,0,2,8,-3,9,2,0,-2
1533864618665640,-1,-1,-7,-2,7,-1,0,0
1533864618665640,-1,-2,8,16,-8,-3,-1,-2
1533864618667636,3,-1,15,11,10,3,2,1
1533864618667636,-3,0,-17,-6,-15,-8,-3,-6
1533864618679604,2,0,30,22,16,4,1,3
1533864618679604,4,1,-1,10,27,9,1,1
1533864618688659,-12,-20,8,-29,-37,-11,-8,-5
1533864618688659,-4,-4,-4,5,-3,2,1,-1
1533864618703619,-4,-6,-54,-13,-3,-3,-3,-6
1533864618703619,1,3,27,8,10,0,2,2
1533864618704616,3,1,-17,-13,6,1,3,1
1533864618704616,-2,-4,1,-12,-2,-6,-5,-3
1533864618725563,0,-4,-3,3,6,-1,-3,-1
1533864618725563,-1,1,-6,-11,-10,-2,-2,-2
1533864618727560,2,5,-7,14,8,2,0,1
1533864618727560,-3,1,-9,-2,-4,1,0,-3
1533864618739539,0,3,5,3,-4,-3,-3,0
1533864618739539,-2,-6,-7,-10,-7,-3,-2,0
1533864618748499,3,3,12,-3,-6,-2,-1,1
1533864618748499,-2,1,3,8,6,0,0,-4
1533864618763459,-1,0,8,0,-1,1,1,1
1533864618763459,-2,-3,5,-13,-4,-4,-2,-2
1533864618764466,0,10,5,7,8,4,0,-1
1533864618764466,-3,-7,23,10,0,-3,-1,0
1533864618785597,-1,1,-1,-5,-3,-2,1,-2
1533864618785597,-2,1,-1,-5,-17,-3,-2,0
1533864618787396,0,3,-9,53,29,2,0,0
1533864618787396,-1,1,-7,-89,-43,-5,-4,-3
1533864618800360,-3,-1,7,17,-3,-2,-1,-1
1533864618800360,-1,-5,1,-6,1,0,0,-1
1533864618808339,-2,-2,6,7,-2,-1,2,-3
1533864618808339,4,0,0,20,15,3,2,0
1533864618822305,2,6,-17,-15,-3,-4,-1,-2
1533864618822305,-2,-1,-9,-2,-6,-9,-6,-3
1533864618823299,-4,-2,-2,4,-2,2,-2,0
1533864618823299,-1,1,-2,14,4,1,0,1
1533864618844480,-1,3,-2,-17,0,3,0,1
1533864618844480,0,-1,0,6,1,-2,1,-1
1533864618845474,-2,-3,22,-13,0,-2,-2,-1
1533864618845474,1,1,-4,5,0,-1,-1,-1
1533864618867418,0,-4,3,1,-4,-3,0,0
1533864618867418,-2,2,26,10,-3,-2,-2,-1
1533864618868412,-3,9,-27,-8,-1,-2,-2,-3
1533864618868412,-1,0,2,14,-5,-1,0,-1
1533864618882378,-3,-6,-2,-18,3,0,-1,0
1533864618882378,-2,-2,-12,4,0,1,-2,-1
1533864618883373,1,1,-6,-20,-7,0,-2,-1
1533864618883373,2,2,1,10,5,3,0,-1
1533864618905327,0,0,1,3,-8,-2,-2,-1
1533864618905327,-6,-4,-11,16,5,-4,-3,-2
1533864618905327,-4,-4,3,-17,-13,-3,-1,-2
1533864618905327,-1,-1,-2,15,15,-1,-2,-1
1533864618927258,-1,-3,9,-16,-14,1,0,-2
1533864618927258,4,9,33,9,12,7,4,2
1533864618928252,-4,-10,-6,-14,-33,-8,-5,-2
1533864618928252,-1,-2,-7,-16,11,-1,-6,-1
1533864618942215,0,5,-11,33,13,3,-2,-1
1533864618942215,-3,-3,10,-48,-11,-2,-2,0
1533864618943213,2,0,4,-5,9,2,1,-1
1533864618943213,0,-2,-6,8,-3,-4,1,-1
1533864618965309,-4,-3,-7,8,-2,-4,-1,-1
1533864618965309,-1,-3,-14,5,-5,-1,-2,-3
1533864618965309,-1,-2,6,8,13,1,-1,-2
1533864618965309,0,10,-25,-22,-15,-3,-1,-1
1533864618987452,-2,-13,16,14,14,0,0,-3
1533864618987452,-4,-5,-13,-5,-4,-1,0,-3
1533864618988278,0,-5,3,-3,-4,-1,0,1
1533864618988278,-2,1,0,3,2,2,0,-2
1533864619002423,3,2,-3,-9,-6,-1,0,0
1533864619002423,-2,-2,-9,-3,-8,-3,-2,-1
1533864619003204,-2,1,-4,16,12,0,-2,-1
1533864619003204,1,-9,-23,9,4,0,-2,-1
1533864619025203,-4,2,5,-26,-12,-5,-3,-1
1533864619025203,3,-5,-36,-7,3,0,1,-2
1533864619026308,-3,0,1,16,4,-3,-2,-1
1533864619026308,-2,-2,4,9,-2,-2,1,0
1533864619047104,-3,-2,1,-39,-3,-4,-2,-1
1533864619047104,-2,1,-7,17,2,0,-1,0
1533864619048084,1,-1,-3,-18,0,-1,0,-1
1533864619048084,-2,-2,9,3,-5,-2,-2,-1
1533864619062046,0,-1,-9,15,6,0,-2,-2
1533864619062046,1,3,9,-11,-5,1,0,0
1533864619063044,-1,-2,-2,12,-1,3,0,-1
1533864619063044,-2,-3,14,4,11,1,-3,-2
1533864619084988,1,16,-28,-18,-7,-5,-3,-2
1533864619084988,0,3,2,0,-13,-3,0,-2
1533864619085991,0,-11,-22,-2,2,0,1,-2
1533864619085991,-4,-1,0,-3,-6,-1,0,-2
1533864619107927,2,1,3,11,8,1,0,1
1533864619107927,-2,-1,-3,-2,2,-2,-2,-1
1533864619107927,2,3,-2,5,-4,-3,0,0
1533864619107927,-2,0,4,-8,-1,-2,0,-1
1533864619122985,1,-7,-16,5,1,1,1,-1
1533864619122985,-2,-4,13,11,0,-3,-2,-2
1533864619122985,-4,-3,6,-28,-6,-3,-2,0
1533864619122985,-2,-4,-1,-1,-3,-1,-1,-1
1533864619145018,-1,-3,6,-8,2,1,1,-1
1533864619145018,1,-2,0,6,-7,-3,-3,-3
1533864619145821,0,1,-6,-10,-5,-2,-1,-2
1533864619145821,-4,-3,2,6,-4,-4,-3,-1
1533864619167766,-6,-3,4,-1,1,-1,-1,-1
1533864619167766,-1,-1,0,11,6,2,3,-1
1533864619168760,0,0,8,5,3,-2,-1,0
1533864619168760,1,-2,-5,-11,-7,-1,0,2
1533864619182939,-1,-3,7,20,3,-3,0,0
1533864619182939,0,0,-4,-18,-1,1,-1,0
1533864619182939,-3,-11,24,18,5,-2,-3,0
1533864619182939,-4,-3,-14,-21,-9,-4,-2,-2
1533864619204664,0,2,11,5,3,1,-1,0
1533864619204664,1,-2,1,-11,5,0,0,0
1533864619205662,-2,2,-3,19,-3,1,2,-1
1533864619205662,-2,-1,-10,-33,-8,-2,-3,-2
1533864619227711,-1,-6,7,-12,-11,-4,-2,-2
1533864619227711,-1,-1,-6,-13,-3,-1,1,-2
1533864619228601,1,4,7,16,3,0,-1,-1
1533864619228601,0,-3,56,19,8,0,0,1
1533864619242565,-1,3,-5,1,-2,-1,0,0
1533864619242565,-2,0,5,2,0,-5,-2,0
1533864619243564,-1,0,-5,-8,1,-2,-2,-1
1533864619243564,1,-1,-8,7,-2,-2,-1,-1
1533864619264508,-1,-2,-2,0,-1,0,-1,-1
1533864619264508,-1,-4,-3,3,-2,0,0,-2
1533864619265503,0,2,-6,-6,0,0,0,0
1533864619265503,-1,2,-6,13,1,2,-1,-3
1533864619287446,-1,-4,1,-5,2,2,-2,0
1533864619287446,-4,0,-9,-8,-5,-1,-2,-1
1533864619288441,0,1,-2,4,0,-2,0,-2
1533864619288441,-6,-3,-7,-13,-7,-5,-2,-3
1533864619302406,-3,-2,3,12,-4,-1,1,-1
1533864619302406,-2,-1,1,-8,-3,1,-1,0
1533864619303401,0,-2,2,8,14,2,2,-1
1533864619303401,4,3,0,8,0,1,1,0
1533864619325491,-3,-1,0,4,2,-2,-2,-2
1533864619325491,-1,-1,-2,10,5,1,-3,1
1533864619325491,0,0,-3,-4,-12,0,2,2
1533864619325491,2,7,-26,3,4,1,-5,-4
1533864619347286,2,-10,11,-6,-2,-2,1,6
1533864619347286,-1,-3,2,7,-2,-3,-3,-10
1533864619348281,0,5,32,-5,-1,0,-2,-2
1533864619348281,1,-1,-36,8,13,-1,1,0
1533864619362431,-3,1,8,0,-2,-1,-2,-2
1533864619362431,-2,2,0,3,0,1,0,2
1533864619363253,0,-5,-6,35,11,-1,-2,1
1533864619363253,-5,-7,-7,-19,-40,-4,-2,-2
1533864619385385,3,2,6,-24,3,3,5,5
1533864619385385,1,-1,-8,8,2,-2,-3,-1
1533864619385385,-6,-2,-13,-5,-13,-7,-11,-20
1533864619385385,-2,-1,13,18,14,0,1,-4
1533864619407123,-4,-4,-20,-40,-12,-7,-5,-5
1533864619407123,9,11,-8,-25,-2,5,11,10
1533864619408121,-7,-11,-1,-11,-12,-6,-3,-1
1533864619408121,-2,-7,9,13,14,0,0,13
1533864619422110,-3,8,0,50,4,-1,-10,-7
1533864619422110,0,0,-7,9,6,-1,-2,-6
1533864619423081,-3,1,-13,-33,-15,-4,-3,-2
1533864619423081,4,0,7,-41,4,4,6,4
1533864619445022,-1,2,-47,11,4,-2,0,1
1533864619445022,-6,-8,25,-19,-4,-5,-4,0
1533864619446035,2,-1,-4,-25,-4,2,4,8
1533864619446035,-5,-7,-31,22,-9,-7,-3,-1
1533864619467000,2,2,1,5,6,4,0,-1
1533864619467000,-1,-10,-32,18,6,0,-1,-5
1533864619467964,-1,3,8,5,3,-2,2,1
1533864619467964,3,8,-7,-3,2,-2,-1,-4
1533864619481927,-2,-19,21,12,0,0,3,0
1533864619481927,-1,-5,-5,-42,-21,-2,-1,1
1533864619489902,1,-3,-4,44,15,2,4,15
1533864619489902,4,1,6,-67,-7,0,-7,5
1533864619504958,-4,-1,0,-11,-6,-3,-1,-9
1533864619504958,-10,-3,14,4,0,0,-12,-27
1533864619505893,7,2,-9,3,-9,-3,-3,-4
1533864619505893,0,0,13,27,22,1,3,2
1533864619527804,2,3,7,2,-6,-1,4,10
1533864619527804,-2,-1,6,18,-1,0,2,5
1533864619527804,-2,3,-4,-25,3,-1,-1,-3
1533864619527804,0,-1,18,21,-4,-1,1,-3
1533864619541767,-2,-2,-8,3,-2,-4,-4,-4
1533864619541767,-1,11,-28,65,8,-2,-2,2
1533864619549741,-1,-18,9,-65,-13,0,0,-3
1533864619549741,-3,-4,2,1,-8,-3,-3,8
1533864619564702,1,-1,-2,5,5,2,-3,-11
1533864619564702,1,0,2,-14,-5,-4,4,10
1533864619565699,-3,4,-2,33,12,0,-7,7
1533864619565699,-4,9,28,4,1,-1,0,-18
1533864619587640,2,5,45,-21,3,3,-1,4
1533864619587640,-5,-5,6,8,4,-4,-4,2
1533864619588643,-2,2,-1,19,-9,-1,5,4
1533864619588643,-4,-11,-14,-68,-11,-3,-4,-9
1533864619602611,-2,0,-19,21,0,-2,5,9
1533864619602611,1,-3,-19,-53,-13,-2,-8,-10
1533864619603598,-3,2,-9,7,4,-4,-3,-3
1533864619603598,-3,8,-9,25,0,-2,-5,-15
1533864619624545,1,-12,5,-13,-5,-1,16,11
1533864619624545,0,-5,2,-18,-3,-4,-15,-28
1533864619632520,0,-3,-10,0,1,1,2,-2
1533864619632520,1,-3,15,22,1,1,0,2
1533864619647518,1,-1,-15,-19,-2,-5,-7,-14
1533864619647518,0,5,16,7,-1,-2,6,11
1533864619648495,-3,1,7,-5,1,-2,-5,-7
1533864619648495,2,-3,11,13,0,1,4,1
1533864619661469,-3,1,-8,2,-5,-2,-8,1
1533864619661469,0,-2,-2,-11,0,1,3,6
1533864619670419,0,5,3,-20,-2,-3,-4,-5
1533864619670419,0,-3,-20,-6,-4,1,5,7
1533864619685378,-4,15,-12,6,-2,1,-4,-3
1533864619685378,-4,-10,4,11,8,1,-1,-6
1533864619685378,0,-2,-2,-18,-2,-1,0,-1
1533864619685378,3,7,7,-8,-10,-3,3,2
1533864619707355,-2,2,-6,-13,-1,-4,-4,-6
1533864619707355,-3,-6,12,3,8,4,7,7
1533864619708339,2,2,9,4,2,0,-9,-10
1533864619708339,2,-4,-17,-6,7,3,-2,-2
1533864619722284,-3,1,23,14,0,-1,-2,-2
1533864619722284,-3,5,-2,2,-11,-5,2,4
1533864619730259,0,-3,-7,-3,4,0,4,2
1533864619730259,-4,-5,-6,3,-7,-1,-3,3
1533864619745223,2,1,-2,51,15,3,-2,-4
1533864619745223,-1,-2,-11,-87,-26,-5,-1,0
1533864619745223,2,5,10,23,8,4,2,-1
1533864619745223,-2,1,5,-32,-28,-7,0,-2
1533864619767164,-9,-11,-15,1,0,-7,-5,-3
1533864619767164,7,0,11,21,6,3,4,6
1533864619768158,2,1,-3,25,28,2,12,21
1533864619768158,-5,-1,-6,10,3,2,-15,-37
1533864619782130,-2,-11,7,-17,-21,-2,0,8
1533864619782130,-9,6,-32,5,-4,-3,-11,-32
1533864619790099,0,-7,7,-6,-7,-1,3,1
1533864619790099,-1,-7,-2,29,23,2,4,8
1533864619805059,0,2,-15,-5,-1,-2,-1,-2
1533864619805059,-1,2,-13,34,11,2,3,6
1533864619806057,-1,5,14,-38,-19,-5,-4,-6
1533864619806057,-4,0,4,2,2,-3,1,4
1533864619827003,3,-2,-1,2,-2,4,0,1
1533864619827003,3,-4,1,-24,-6,-3,-6,8
1533864619827997,-4,-12,-10,-3,-3,-2,-3,-5
1533864619827997,-2,-4,-2,-2,-5,-3,-2,4
1533864619841963,2,3,8,19,17,0,2,2
1533864619841963,-2,-5,4,-34,-29,-3,1,3
1533864619849939,-3,-1,-10,23,-3,-1,0,-4
1533864619849939,-1,0,-2,-22,-17,-1,0,10
1533864619864941,0,0,0,-10,8,3,-1,-7
1533864619864941,2,-1,11,40,32,-2,6,13
1533864619865897,-9,-4,-11,6,-33,-5,-20,-28
1533864619865897,3,0,0,-9,-5,2,3,6
1533864619887838,-1,-2,5,2,0,1,-3,0
1533864619887838,-1,-1,-1,-14,-28,-3,3,4
1533864619887838,-2,1,-3,-4,12,-2,5,7
1533864619887838,3,6,-27,29,31,1,-6,-8
1533864619901838,3,5,-3,4,-25,-3,5,2
1533864619901838,-10,-17,10,-22,-6,-8,-12,-7
1533864619909807,2,-2,7,37,21,4,2,-3
1533864619909807,-9,-9,-45,-47,-33,-8,6,3
1533864619924944,-2,0,-5,3,12,0,-17,-32
1533864619924944,8,6,4,17,19,4,11,13
1533864619925736,0,-1,-6,-18,-3,0,-9,-5
1533864619925736,1,-9,7,31,-2,0,8,7
1533864619947678,-2,-2,1,-5,-5,-4,-5,0
1533864619947678,0,3,9,21,1,4,-1,-2
1533864619948694,-2,3,2,-8,18,2,-1,-1
1533864619948694,2,11,18,-12,-5,3,-3,-1
1533864619970758,-3,-11,-10,-24,-17,-4,2,4
1533864619970758,-3,10,-24,-27,-10,-8,-9,-7
1533864619971656,-2,-7,-3,0,9,1,1,2
1533864619971656,4,1,14,3,13,5,-1,2
1533864619984580,-1,-4,-6,13,5,1,0,7
1533864619984580,-2,-4,-6,-18,9,0,-3,-7
1533864619985579,1,-1,-7,-2,-21,-3,8,26
1533864619985579,-5,-2,12,15,8,-3,-11,-26
1533864620007520,2,4,5,-20,-3,3,6,7
1533864620007520,0,-3,0,15,2,1,-11,0
1533864620008519,-1,-1,-1,2,-7,1,0,-2
1533864620008519,-2,-4,12,-11,-4,-6,-2,3
1533864620030456,-1,-3,-28,-2,-2,1,2,0
1533864620030456,0,4,21,3,-2,-1,4,7
1533864620031454,-3,1,-1,-8,-4,-2,-5,-5
1533864620031454,-2,1,-2,12,3,-3,-5,2
1533864620044421,-2,-2,3,-6,-2,-3,4,5
1533864620044421,-3,4,-16,10,4,-1,0,-5
1533864620045415,2,-1,0,-11,-5,0,-1,-6
1533864620045415,-1,-1,0,-1,1,-2,2,-2
1533864620067360,-1,4,41,-2,-3,-3,-1,0
1533864620067360,-1,-5,1,6,6,-1,-3,-6
1533864620068355,-3,-2,-4,-9,-15,0,-4,-11
1533864620068355,0,-2,-1,13,4,2,2,3
1533864620090299,-1,2,-7,-15,-3,-1,-5,-2
1533864620090299,-1,-17,7,9,19,1,0,-4
1533864620091293,-6,-2,10,-6,-14,-6,1,4
1533864620091293,-2,1,9,29,-5,-1,-1,2
1533864620105268,1,-4,2,-30,2,1,0,-2
1533864620105268,-3,-4,-14,-35,-10,-4,-1,-3
1533864620106262,3,-3,-11,1,12,-1,0,6
1533864620106262,-3,-5,2,-13,-7,-3,-5,-7
1533864620127197,2,3,-3,22,7,-2,0,3
1533864620127197,3,8,11,12,1,2,0,-6
1533864620128195,-1,-2,-5,-4,15,1,2,1
1533864620128195,-10,-1,21,41,-1,-3,-3,-1
1533864620151137,-1,-2,-2,-64,-3,2,-1,-3
1533864620151137,-8,-7,-12,4,-29,-10,-4,-2
1533864620151137,1,-2,5,-15,1,1,0,-3
1533864620151137,5,0,-9,-9,0,-1,3,2
1533864620165101,-1,-2,-5,11,-10,-4,-3,-4
1533864620165101,-2,1,6,35,14,1,0,2
1533864620166101,3,4,-6,-10,-14,-4,1,12
1533864620166101,1,-2,-7,-6,12,2,-3,-1
1533864620187040,0,-1,0,-7,-10,-1,-1,-3
1533864620187040,3,2,-5,-12,-4,0,0,1
1533864620188034,-1,-1,-2,29,2,-1,-3,-1
1533864620188034,6,0,-4,-37,0,4,5,3
1533864620210978,-10,-7,-6,34,-19,-9,-7,-3
1533864620210978,-2,-1,3,-2,-6,3,1,0
1533864620212001,-2,-3,-3,0,6,0,-2,-3
1533864620212001,-1,-1,-2,-8,-11,-2,-2,0
1533864620224939,4,8,38,22,38,3,1,-2
1533864620224939,-4,-3,-4,-1,-25,-5,-2,0
1533864620225933,-1,-2,-3,-13,3,-3,-2,-5
1533864620225933,-3,-2,-8,8,-10,-3,-4,-3
1533864620247895,-5,-4,-12,0,-5,-2,0,-1
1533864620247895,3,2,11,9,10,5,-1,0
1533864620247895,1,-1,-5,-25,-6,0,-5,-5
1533864620247895,1,13,-13,15,-6,-2,-1,-1
1533864620270856,-2,-4,-14,-10,12,1,1,2
1533864620270856,4,7,6,17,12,3,6,3
1533864620271814,-2,4,37,1,-22,-8,-4,-6
1533864620271814,-4,-2,4,10,15,-5,-1,-2
1533864620284776,-2,-4,-22,12,16,-1,-1,0
1533864620284776,-5,-3,3,-10,0,1,0,-3
1533864620285774,1,2,-5,-3,-1,3,3,0
1533864620285774,-1,-8,-14,-8,0,2,0,-1
1533864620307749,-2,0,13,12,1,-2,-1,-1
1533864620307749,6,-1,-26,55,9,1,-1,-1
1533864620307749,-4,-12,1,-56,-2,-2,0,-1
1533864620307749,-1,-10,42,-14,-6,-2,0,-2
1533864620330672,-9,-4,4,-13,-27,-8,-5,-3
1533864620330672,-4,0,-7,7,-3,0,-2,0
1533864620331685,-1,-1,-7,13,-6,-2,-2,0
1533864620331685,1,2,-8,19,24,1,0,-1
1533864620344619,2,-1,-22,-38,-10,0,1,-1
1533864620344619,2,-1,17,-6,-6,-2,0,1
1533864620345623,-4,-1,-19,-14,-31,-9,-7,-4
1533864620345623,-3,-3,-6,-23,-6,-1,1,-2
1533864620367558,3,2,-4,7,4,2,1,-1
1533864620367558,-2,0,-1,-11,9,3,2,0
1533864620368552,4,2,11,3,27,6,1,0
1533864620368552,-6,-7,-37,34,-8,-5,-6,-4
1533864620390493,1,0,15,16,-10,1,2,3
1533864620390493,-4,-7,-5,-30,-26,-7,-3,-3
1533864620391491,0,0,-7,41,22,2,0,0
1533864620391491,0,-1,1,-43,-7,0,-2,1
1533864620405456,7,3,6,15,20,6,3,1
1533864620405456,-5,-3,-7,8,-3,-8,-4,-4
1533864620405456,-7,2,-6,-23,-61,-7,-3,-3
1533864620405456,3,7,8,17,17,3,6,10
1533864620427429,-3,-19,-38,-22,-2,-2,-7,-14
1533864620427429,1,-4,1,2,11,5,1,0
1533864620428395,3,-2,55,19,19,2,2,3
1533864620428395,0,-14,-59,-5,-1,-4,-4,2
1533864620451335,-4,5,-5,-16,-20,-4,2,12
1533864620451335,-1,-4,9,-3,9,-4,-4,0
1533864620451335,-1,2,-12,10,7,2,-4,-11
1533864620451335,-1,0,3,-7,-6,0,2,1
1533864620464299,-2,-1,6,12,2,-4,-5,-8
1533864620464299,1,5,-12,-13,-7,-1,3,3
1533864620472278,-1,-1,-23,2,7,2,2,2
1533864620472278,-1,13,5,-7,-12,-4,-3,-8
1533864620487394,1,-2,-1,3,5,-1,3,2
1533864620487394,0,2,13,-9,-4,-1,0,2
1533864620488232,-1,-5,-17,19,5,0,-5,2
1533864620488232,-6,-17,32,-28,-6,-2,-5,-5
1533864620511170,-2,1,-1,17,3,-1,1,0
1533864620511170,0,2,8,-10,-6,0,-5,-6
1533864620511170,-4,-2,-6,-15,0,-7,-1,4
1533864620511170,-3,4,4,0,-12,-2,0,0
1533864620525336,3,8,18,14,1,1,0,1
1533864620525336,-2,-6,-5,2,4,-2,2,8
1533864620526133,-1,1,-11,-3,8,3,0,-10
1533864620526133,-1,1,19,25,7,1,0,-3
1533864620548071,-2,-3,-9,-22,-31,-7,-6,-3
1533864620548071,-1,0,-4,-15,-2,1,1,2
1533864620548071,-2,0,1,2,5,-1,-2,-2
1533864620548071,0,2,-4,-3,-4,-2,-4,-4
1533864620571011,-1,-1,3,21,5,-1,2,4
1533864620571011,1,4,-8,2,5,1,-1,-5
1533864620571011,1,14,-12,-4,-6,-2,-1,5
1533864620571011,0,-14,-1,3,4,0,-1,0
1533864620585010,-7,-5,-9,-10,-2,-2,-1,-3
1533864620585010,3,-3,-7,10,7,-2,-1,-3
1533864620585971,-1,3,-6,42,8,3,3,-2
1533864620585971,-5,-8,-16,-65,-27,-9,-4,-1
1533864620606918,-2,-6,-4,55,25,-2,-4,-5
1533864620606918,2,6,-13,-55,-4,6,1,-1
1533864620607911,-4,-6,-3,26,-18,-8,1,0
1533864620607911,1,4,-2,15,27,9,5,-1
1533864620630850,2,3,9,27,23,4,-4,1
1533864620630850,-4,-7,-4,-19,-11,-6,-1,-2
1533864620631851,-2,-3,-2,-14,-19,-6,-2,4
1533864620631851,0,2,6,-7,-1,1,-1,-7
1533864620643818,-4,1,1,-15,-4,0,-1,2
1533864620643818,2,1,12,37,10,1,0,-2
1533864620652791,0,-4,-5,-13,17,4,-1,0
1533864620652791,1,-16,-6,32,8,-4,-1,-2
1533864620667752,-2,-1,-5,-77,-36,-7,0,0
1533864620667752,-4,-2,2,1,-11,-5,-2,-4
1533864620668751,-4,-7,4,-15,-23,-5,-3,-4
1533864620668751,5,10,7,9,31,8,4,5
1533864620690724,-4,-10,-26,24,15,4,-2,-3
1533864620690724,-4,-2,10,14,-9,-5,-3,-1
1533864620691688,-2,-6,-13,-36,-9,-7,1,3
1533864620691688,1,7,3,-40,-6,2,-4,-10
1533864620704659,-1,-1,5,-12,-22,-9,-2,-4
1533864620704659,1,0,1,4,16,-1,-3,-2
1533864620712631,4,4,-3,56,43,8,1,-1
1533864620712631,-9,5,21,17,-11,-7,-1,0
1533864620727594,1,0,7,-18,-9,-2,2,0
1533864620727594,0,-2,-7,27,-28,-5,-2,-3
1533864620728589,-2,0,6,-9,21,-1,-3,0
1533864620728589,-8,-9,-8,8,-9,-1,-4,-9
1533864620750529,2,7,-5,8,11,3,-1,-2
1533864620750529,-2,5,9,10,23,3,0,2
1533864620751527,4,-12,35,-8,-18,4,3,1
1533864620751527,-1,-3,-15,5,-4,-4,0,5
1533864620764495,-2,-2,1,-1,-7,1,-1,-8
1533864620764495,2,-7,-43,-11,3,0,0,-2
1533864620772477,-2,1,-4,6,-4,1,-3,-4
1533864620772477,-1,0,-7,-44,-6,-8,-1,5
1533864620787435,0,1,-26,12,12,3,-2,-2
1533864620787435,-2,-3,6,-6,5,0,-1,1
1533864620788431,-5,-2,-11,-13,-4,-5,-5,-4
1533864620788431,-3,-4,1,19,-22,-4,-1,0
1533864620810370,4,6,6,-22,1,1,-2,1
1533864620810370,-5,-1,5,9,-29,-2,-1,-1
1533864620811368,6,-1,-12,-8,4,-5,-3,-2
1533864620811368,3,-4,-5,-5,-11,0,1,2
1533864620824333,4,9,10,7,30,6,2,3
1533864620824333,1,-4,5,-19,-5,-1,4,9
1533864620832318,7,0,6,5,0,-1,1,6
1533864620832318,-7,7,-4,0,-6,-3,-2,36
1533864620847273,-2,-2,4,-3,-17,-6,-9,-55
1533864620847273,1,-6,12,3,5,-1,-3,4
1533864620848272,-3,0,-16,-10,-9,1,-2,-5
1533864620848272,2,-6,-6,-15,2,1,-1,1
1533864620871249,1,2,7,14,6,-2,4,22
1533864620871249,-5,0,-3,23,0,0,1,-2
1533864620871249,-8,-1,1,-21,-14,-11,-4,-6
1533864620871249,2,7,0,-3,22,10,2,-7
1533864620884382,-3,-6,-1,1,-21,-8,-1,6
1533864620884382,-2,1,-3,10,25,7,-2,-11
1533864620892154,-1,1,3,-11,19,1,0,5
1533864620892154,-4,1,0,7,-69,-14,-4,-12
1533864620907117,2,-2,1,-4,2,5,3,3
1533864620907117,-1,-9,0,-15,2,-6,-6,0
1533864620908117,-4,1,-5,19,6,7,5,-1
1533864620908117,0,4,-3,5,14,2,0,-6
1533864620931047,-5,-12,1,-14,-16,-4,-1,5
1533864620931047,-2,22,-17,-32,-14,-9,-4,-4
1533864620931047,-2,-13,4,12,3,-5,-5,-4
1533864620931047,0,-6,-44,4,2,-3,-3,-8
1533864620944012,0,-9,3,-15,-12,-3,-1,8
1533864620944012,3,0,8,11,20,5,2,0
1533864620951992,-4,-10,-11,-30,-29,-8,-5,-6
1533864620951992,-1,-2,9,48,37,4,-4,-1
1533864620966954,-3,0,-9,-18,4,1,0,2
1533864620966954,-2,0,8,-5,-12,-1,1,-2
1533864620967949,2,-2,-1,6,-7,0,-1,-2
1533864620967949,0,-6,10,2,12,5,1,-1
1533864620990897,-2,-1,-3,-27,-4,-2,0,1
1533864620990897,-10,-3,8,13,-15,-5,-5,-6
1533864620991892,3,4,7,8,4,6,3,1
1533864620991892,0,3,-8,1,16,-3,-3,-6
1533864621021007,-4,2,3,-29,-10,0,2,1
1533864621021007,3,-2,-9,1,-5,0,0,4
1533864621021805,-9,2,0,5,-5,-1,-1,-6
1533864621021805,2,-3,9,-6,-3,1,1,-1
1533864621027791,-1,6,-1,14,4,0,-3,-1
1533864621027791,-2,-3,0,-24,-9,-6,0,-2
1533864621027791,-3,-2,-3,26,3,-3,-2,0
1533864621027791,-2,3,3,-7,-3,-2,-1,-3
1533864621050731,-5,-5,-6,1,-4,-3,-1,-2
1533864621050731,0,-1,2,3,5,2,0,-1
1533864621051725,3,5,-16,7,7,0,3,-1
1533864621051725,-5,-17,1,-58,-18,-2,-4,-6
1533864621073669,0,-2,0,42,4,-1,0,0
1533864621073669,0,-10,5,-24,0,-3,-4,3
1533864621073669,1,4,-3,-12,-7,0,-2,2
1533864621073669,-4,1,-2,0,-7,-9,-3,0
1533864621087628,0,2,5,-1,-2,1,1,1
1533864621087628,-5,1,-7,22,2,-1,0,-7
1533864621088626,-2,2,3,-3,0,-4,-2,-2
1533864621088626,2,3,4,21,18,7,1,-1
1533864621110572,2,2,12,-1,-1,0,-2,2
1533864621110572,0,3,-1,8,-6,-2,-1,-4
1533864621111564,-1,-2,0,-17,-8,-3,4,8
1533864621111564,-1,-1,8,12,1,-4,-8,-17
1533864621133511,2,-2,-12,-29,-18,-1,0,10
1533864621133511,-4,-5,-4,-1,3,2,-4,-17
1533864621133511,0,-2,4,-7,-3,-3,-2,1
1533864621133511,2,6,-6,14,1,-3,3,7
1533864621147469,0,-2,-19,23,10,-1,1,0
1533864621147469,-3,-1,17,-54,-16,-4,-3,0
1533864621148466,-2,-4,-1,8,3,-2,-2,-4
1533864621148466,-1,-2,-8,-8,-2,0,9,4
1533864621170613,-5,-1,-3,-4,-12,-4,-11,-19
1533864621170613,5,-4,1,-1,-3,-4,1,6
1533864621171405,0,-1,-1,5,25,5,-4,-2
1533864621171405,-8,3,-17,-8,-22,-5,0,-2
1533864621193349,1,-15,21,6,7,1,4,5
1533864621193349,-5,-1,-13,14,-5,-1,-1,-5
1533864621194343,1,1,4,4,-2,0,-4,-8
1533864621194343,4,1,0,19,8,2,-1,3
1533864621207312,-6,-3,-8,5,-3,-3,-1,-2
1533864621207312,-1,-3,-4,-1,-4,-4,5,5
1533864621208309,-5,-3,1,15,-2,-2,-9,-14
1533864621208309,2,0,26,13,3,-1,2,14
1533864621230247,1,10,-16,-12,0,-1,-1,-17
1533864621230247,-3,-8,3,4,5,1,-6,6
1533864621231245,-2,-2,-10,1,-8,-2,-2,-11
1533864621231245,-1,1,17,-29,3,-3,-1,2
1533864621253185,0,3,-27,-5,-21,-3,3,16
1533864621253185,-4,-14,11,9,5,-1,-2,-6
1533864621254183,1,-2,-6,9,3,-3,2,4
1533864621254183,0,-1,-5,-33,-6,6,-3,-1
1533864621267148,-1,-2,3,13,12,-4,-3,-1
1533864621267148,-4,0,-32,23,0,-2,2,2
1533864621268145,1,9,70,-16,-14,0,-1,-1
1533864621268145,5,-5,14,-3,4,0,3,13
1533864621290087,3,5,34,14,10,1,-2,-8
1533864621290087,-6,5,-9,-18,-1,-1,-8,-20
1533864621291084,-3,-2,-18,4,3,0,-2,1
1533864621291084,3,-1,-20,-5,-8,-6,3,7
1533864621313025,-2,-2,10,-1,7,0,-5,0
1533864621313025,4,3,3,-3,-3,0,-2,8
1533864621314028,4,1,-8,-16,3,3,9,11
1533864621314028,-5,-2,-1,3,-8,0,-6,-16
1533864621327989,-3,5,-39,-14,6,-6,-2,9
1533864621327989,-3,-10,-4,-5,-3,1,2,-1
1533864621327989,-5,-3,-8,-4,4,-2,-1,0
1533864621327989,-2,3,-2,12,-20,-3,-2,-3
1533864621350924,14,11,13,48,61,11,4,-4
1533864621350924,-14,-8,-20,-36,-58,-16,-6,3
1533864621350924,5,10,-11,-23,12,11,5,3
1533864621350924,-10,-23,-5,22,-23,-10,-3,-2
1533864621372870,-2,-6,11,6,-1,0,-2,-1
1533864621372870,9,3,-2,9,28,5,3,0
1533864621373867,-1,-5,-17,-9,-5,-5,3,1
1533864621373867,1,7,2,-9,6,2,-11,-6
1533864621386847,1,0,12,-9,-17,-2,1,5
1533864621386847,-2,9,-12,6,14,4,4,2
1533864621388053,-8,-30,7,-6,-19,-4,-6,-14
1533864621388053,2,-2,-5,5,11,-2,3,3
1533864621410767,-5,-9,-8,-8,-14,-4,-1,-7
1533864621410767,4,12,35,0,0,0,-1,-1
1533864621411761,2,6,-4,9,0,-3,1,7
1533864621411761,0,1,-6,-5,4,-1,5,2
1533864621432706,-8,-9,1,-16,-11,-4,-12,-17
1533864621432706,0,1,0,3,3,3,3,-4
1533864621433703,-3,2,-5,3,-5,-2,-4,-1
1533864621433703,-2,-4,10,-2,5,0,-4,-1
1533864621447666,-4,4,-6,-8,-9,-2,1,1
1533864621447666,5,-4,2,4,4,0,0,3
1533864621447666,-1,-1,0,2,-3,-3,3,0
1533864621447666,-2,1,-17,-5,-2,-1,-8,3
1533864621470607,0,0,1,-1,-4,-1,2,2
1533864621470607,-1,-2,-2,2,4,1,-3,0
1533864621471602,-1,-3,1,-4,-6,-2,2,6
1533864621471602,-2,7,36,1,0,0,-1,-8
1533864621493546,-1,0,7,-2,-5,-4,-1,-1
1533864621493546,2,16,-9,5,1,-2,-2,-2
1533864621493546,0,-2,-2,-5,0,-1,2,3
1533864621493546,-3,-3,-16,3,5,0,6,5
1533864621507505,-5,-5,9,1,-5,-3,-5,-10
1533864621507505,1,-1,-4,4,-4,0,1,1
1533864621508503,-4,-2,-10,2,-1,-1,-7,-3
1533864621508503,2,3,-6,-4,1,1,-1,-5
1533864621530466,-1,-2,-8,-4,-5,-2,1,1
1533864621530466,2,-4,2,26,4,-1,0,1
1533864621532446,0,0,-3,-19,-2,-2,-4,-4
1533864621532446,-3,-7,-6,27,7,1,-1,-6
1533864621553433,-5,-3,-4,-12,-4,1,1,3
1533864621553433,2,-3,6,-3,6,3,0,1
1533864621554388,1,-1,2,-18,-3,-3,-1,-2
1533864621554388,1,3,-3,31,27,1,0,-5
1533864621575450,0,1,5,-5,0,3,4,4
1533864621575450,-13,-14,-44,21,-15,-6,-5,-2
1533864621577319,1,5,10,10,24,3,0,-3
1533864621577319,3,-3,-8,-22,-47,-10,-1,-4
1533864621590284,-7,-5,-1,10,16,0,-1,-2
1533864621590284,1,-1,3,1,18,5,0,-4
1533864621592279,-1,1,1,24,-22,-1,0,2
1533864621592279,-2,-2,2,-50,6,0,-2,-1
1533864621613223,1,1,-18,1,-24,-6,-2,2
1533864621613223,0,-15,25,-2,11,1,1,0
1533864621614222,2,0,2,25,16,3,0,1
1533864621614222,-3,0,-5,-45,-15,-1,-3,-7
1533864621627189,-5,-3,-9,4,-9,-2,0,2
1533864621627189,1,4,5,-13,-2,-1,-1,-1
1533864621636172,-2,-2,-8,37,14,-6,-3,-3
1533864621636172,-4,-4,0,-46,-19,0,-1,1
1533864621650125,2,-3,-4,3,0,-4,1,0
1533864621650125,-2,-3,3,-1,1,2,1,-1
1533864621652121,0,0,-6,-1,-18,-5,-1,2
1533864621652121,-1,2,-2,24,12,4,-2,-6
1533864621673063,2,0,5,-3,2,1,1,0
1533864621673063,3,-4,-23,-21,-12,-5,-2,-2
1533864621675057,-5,1,3,-16,-6,-2,2,1
1533864621675057,-1,0,2,6,4,-5,-7,-8
1533864621687028,2,-1,3,11,3,2,-2,1
1533864621687028,-1,-3,-24,-1,4,1,-1,-8
1533864621696002,2,-3,-10,-17,-4,-2,-1,0
1533864621696002,-5,-3,-4,22,0,-3,0,-5
1533864621710962,1,-1,10,-6,7,1,-2,3
1533864621710962,-3,2,2,-8,0,-1,-4,-2
1533864621711959,-3,-1,-1,-16,-8,-2,-4,1
1533864621711959,5,12,-11,1,0,-1,1,4
1533864621732906,-1,-18,3,6,13,4,-4,-5
1533864621732906,2,0,11,-9,-2,-4,-2,0
1533864621734898,-2,0,-1,6,-28,-12,-3,-1
1533864621734898,-3,-4,-11,-21,-28,-9,-4,4
1533864621746865,-2,2,-6,-4,-7,1,-1,-7
1533864621746865,0,1,6,0,0,1,2,7
1533864621755850,4,-4,5,6,24,6,6,9
1533864621755850,-9,-5,-5,-25,-1,0,-9,-20
1533864621770801,1,2,-4,-12,-4,-4,1,4
1533864621770801,4,1,19,2,2,0,-2,6
1533864621771805,-6,0,-11,3,3,1,-6,-11
1533864621771805,5,-2,5,22,14,3,6,11
1533864621792743,-1,2,-9,1,4,0,0,-4
1533864621792743,-3,0,1,14,-8,-5,-1,9
1533864621794737,-4,-3,-6,-26,-15,-3,-5,-8
1533864621794737,-2,-5,0,22,3,0,-4,-1
1533864621806708,-2,-3,-1,-13,7,-3,-3,-5
1533864621806708,7,9,12,29,28,7,10,9
1533864621815680,-13,-11,-23,-19,-68,-13,-10,-8
1533864621815680,-2,-2,4,19,0,-1,-3,3
1533864621830641,-1,1,-3,-3,-8,2,-1,0
1533864621830641,1,3,5,-3,1,0,-4,-5
1533864621832636,6,6,4,8,27,6,5,7
1533864621832636,-2,1,4,-4,3,4,2,-7
1533864621853579,-1,-7,-1,4,-4,-5,-2,0
1533864621853579,-3,-5,-13,-17,-10,0,-2,-2
1533864621855593,0,-1,0,-4,9,0,-8,-4
1533864621855593,3,-20,-21,8,1,-3,10,37
1533864621866549,-9,-6,-32,-9,2,-1,-6,-18
1533864621866549,-8,2,9,-10,-9,-4,-8,-20
1533864621875524,9,2,1,-6,2,1,24,23
1533864621875524,-4,1,-4,3,5,-3,-20,-10
1533864621890481,-2,-1,-13,4,-2,-2,-3,-10
1533864621890481,0,-3,5,-10,-10,-3,1,1
1533864621892476,-2,2,12,4,6,0,-5,-13
1533864621892476,2,6,5,-3,0,-1,10,5
1533864621913420,6,2,14,2,-5,0,2,5
1533864621913420,-5,-3,-15,-10,-7,-5,-9,-10
1533864621914417,1,-1,7,10,15,5,5,11
1533864621914417,-1,-2,-6,-9,-11,-7,-5,-12
1533864621935361,-3,-1,0,-3,0,1,-1,2
1533864621935361,1,-1,-3,-2,-6,-2,4,4
1533864621937357,-4,-2,-11,10,3,-5,-7,-7
1533864621937357,-3,-11,21,5,16,-1,0,-1
1533864621950322,3,-1,70,-9,-13,1,1,-5
1533864621950322,1,-1,-6,11,6,-2,1,-1
1533864621952318,-9,-11,-11,-6,-13,-5,-7,-8
1533864621952318,1,5,13,31,14,5,-1,-8
1533864621973264,2,-2,-44,-71,-5,-3,3,8
1533864621973264,-1,-2,1,-28,-34,-3,1,1
1533864621975258,-5,-3,2,-4,8,-1,-8,-8
1533864621975258,3,7,-7,40,56,12,5,-1
1533864621995204,2,5,-4,0,-12,-4,2,6
1533864621995204,-1,0,-11,-21,-21,-8,-4,-1
1533864621997198,-8,-5,-12,-30,-26,-4,-6,-7
1533864621997198,-3,-5,33,15,-4,-2,0,0
1533864622010162,4,18,-7,0,30,11,-1,2
1533864622010162,-7,-3,-1,7,4,-9,-5,0
1533864622017144,5,-8,2,26,14,3,-1,3
1533864622017144,5,2,-30,-40,-27,1,-1,0
1533864622033100,2,-8,-31,24,6,-3,1,-2
1533864622033100,-4,-2,14,-1,-6,-1,-9,-5
1533864622035103,0,4,5,11,13,1,5,1
1533864622035103,-3,0,-13,-16,-20,-7,-4,-4
1533864622056063,0,-4,-3,9,-9,-7,-3,7
1533864622056063,-3,-2,-13,-5,4,-1,-1,-6
1533864622057061,3,1,-2,-8,0,3,1,-1
1533864622057061,-1,2,2,-2,1,3,-1,-5
1533864622070085,-7,-4,7,4,-8,-12,-3,-2
1533864622070085,0,-3,-2,0,2,3,4,7
1533864622076986,2,5,9,-8,11,4,-2,1
1533864622076986,-1,2,4,3,-24,-11,2,3
1533864622092943,-1,-3,5,-1,12,4,1,-3
1533864622092943,-3,-5,-3,14,-4,-2,-1,-3
1533864622094934,-1,0,-4,-10,-10,-2,-3,-15
1533864622094934,-2,-2,-9,-29,-6,-3,0,5
1533864622115882,-3,0,6,7,-1,4,-9,-8
1533864622115882,-3,-14,-5,16,16,5,0,3
1533864622116876,-2,-9,33,-4,1,-1,1,-3
1533864622116876,2,-1,11,2,-5,-3,-2,-4
1533864622129842,-7,-3,2,8,-1,-1,1,-2
1533864622129842,1,-6,-34,2,4,1,5,10
1533864622136822,-5,0,4,1,2,-1,-7,-5
1533864622136822,2,1,-4,10,9,0,-2,-1
1533864622152779,-4,-3,-1,-9,-27,-8,-1,0
1533864622152779,1,8,0,-5,3,3,-1,-3
1533864622154775,-2,2,-18,-4,10,-2,0,11
1533864622154775,-2,-1,-7,10,-2,-3,-6,-13
1533864622175721,-1,2,3,0,-3,1,-2,2
1533864622175721,0,1,9,-11,8,-2,3,-3
1533864622176725,0,1,-2,4,-14,-2,-2,6
1533864622176725,-3,-6,-4,-1,22,11,3,-1
1533864622189726,-2,-2,3,10,-6,-3,-3,-10
1533864622189726,3,0,9,9,9,4,-1,-4
1533864622196671,-1,1,-2,-4,-8,-4,1,5
1533864622196671,-1,-6,-19,8,-4,0,8,6
1533864622213618,-1,2,0,-6,-7,-4,-10,-5
1533864622213618,0,12,0,4,12,1,-4,-9
1533864622214616,0,-15,19,1,0,-2,-3,-9
1533864622214616,1,1,-1,-5,-7,-2,1,2
1533864622235558,0,-1,5,-3,5,5,4,3
1533864622235558,1,3,-2,-9,-11,-2,-2,0
1533864622237553,0,-9,-12,12,13,3,1,1
1533864622237553,0,-1,10,-1,-8,-11,0,-2
1533864622249522,-2,-7,-2,-13,-16,-8,-3,4
1533864622249522,-7,-4,4,-21,-8,-4,-2,-1
1533864622258497,-3,5,-10,-1,-5,-3,0,5
1533864622258497,1,0,3,-1,5,2,0,0
1533864622273457,-5,-3,-11,3,0,-7,-3,0
1533864622273457,-3,-7,-16,0,-16,-5,-1,-5
1533864622274455,-3,9,26,0,1,2,-6,-9
1533864622274455,-1,-1,2,-6,-2,-3,-2,11
1533864622295398,-1,-1,1,0,8,2,1,-13
1533864622295398,0,-1,4,2,7,1,1,0
1533864622297397,-1,1,-5,14,-10,-5,0,1
1533864622297397,-1,-1,-6,-5,-7,0,-2,2
1533864622310360,0,0,4,-5,0,-1,-1,4
1533864622310360,0,0,9,2,4,2,3,3
1533864622317398,2,2,-6,-3,11,3,-1,-6
1533864622317398,-5,-2,-4,-5,-24,-8,-10,-17
1533864622333300,3,-1,-8,-5,14,5,1,3
1533864622333300,-2,-1,7,26,8,-1,0,-2
1533864622334294,4,11,-18,-33,-15,-4,0,1
1533864622334294,-3,-2,-23,-4,-11,-3,-3,-3
1533864622355238,0,-1,29,8,3,-1,-1,1
1533864622355238,-1,-3,4,14,-4,-1,-3,3
1533864622357233,1,13,-25,-11,1,-2,1,1
1533864622357233,-3,-4,-2,4,10,4,1,-1
1533864622370234,2,3,-5,22,2,-1,0,0
1533864622370234,1,1,-10,-10,-5,-2,-2,-1
1533864622377193,-2,-2,7,15,1,0,0,0
1533864622377193,2,1,6,-12,8,2,-1,-2
1533864622393136,2,0,-1,-10,-6,-2,2,10
1533864622393136,-5,-2,3,2,-6,-6,-6,-12
1533864622395140,1,-8,-7,-2,1,1,-2,4
1533864622395140,-4,-3,4,-3,4,-2,-3,-4
1533864622416079,0,-1,-3,-3,-11,0,4,6
1533864622416079,-1,0,-8,-6,2,0,2,5
1533864622422079,-4,-20,19,9,1,-1,-3,-12
1533864622422079,3,3,4,6,-6,-2,-4,-1
1533864622429041,-3,-1,-6,6,26,7,2,-2
1533864622429041,0,-2,1,-16,-8,-1,-3,-2
1533864622438017,-4,-8,-6,-26,-30,-6,0,1
1533864622438017,0,4,18,-2,-7,-4,2,2
1533864622452977,-1,-3,3,1,-1,-2,-6,-10
1533864622452977,1,-7,-35,13,6,0,-1,3
1533864622454972,-1,2,6,-1,8,1,-1,0
1533864622454972,-1,-2,-3,-4,-5,-3,-3,-1
1533864622475918,2,2,-7,0,7,3,5,11
1533864622475918,-6,1,3,12,-3,-6,-5,-11
1533864622476913,1,-1,-14,-19,-3,-2,0,2
1533864622476913,-3,-2,-2,0,5,2,0,0
1533864622489878,-4,-1,-2,-5,-11,-4,-4,-14
1533864622489878,2,1,5,-5,2,-1,-2,2
1533864622497857,-2,1,-10,8,-3,0,1,-2
1533864622497857,-1,-10,21,-3,5,2,1,0
1533864622512817,-2,0,2,10,-4,-4,-1,1
1533864622512817,-4,-20,24,-8,6,3,1,3
1533864622514814,-2,2,-2,3,-9,-5,-3,-7
1533864622514814,1,3,-6,16,1,4,0,3
1533864622535758,-3,-5,-12,-24,-10,-4,-4,-3
1533864622535758,-1,5,2,-1,2,1,2,3
1533864622536752,1,-4,-23,6,3,0,2,1
1533864622536752,-6,-4,1,10,-1,-4,-3,-4
1533864622549718,2,0,0,-1,-2,0,-1,-1
1533864622549718,-3,3,-2,-13,-16,-3,-2,-2
1533864622558697,0,-3,3,0,8,0,-3,-1
1533864622558697,1,5,-10,-4,-1,-1,0,-3
1533864622572658,-1,-2,1,-1,4,0,0,-1
1533864622572658,0,0,-8,-8,2,-1,4,11
1533864622574653,-4,1,11,5,3,0,-6,-15
1533864622574653,-3,-5,-13,-13,-4,-1,-2,-1
1533864622595595,-2,-2,2,3,4,-2,-2,-2
1533864622595595,4,3,5,-4,1,-1,0,1
1533864622597599,1,3,6,13,12,2,1,4
1533864622597599,-5,-1,-2,1,-31,-6,1,0
1533864622609562,-2,-2,-8,9,5,3,1,-2
1533864622609562,-3,8,-4,-4,-11,-8,-7,-7
1533864622618535,-2,-3,2,-31,0,-4,-2,3
1533864622618535,3,0,-3,19,12,3,0,-2
1533864622633494,2,-3,-4,-12,-10,-2,-1,3
1533864622633494,-2,0,-1,15,11,3,-2,-4
1533864622634494,2,3,4,2,-5,-2,0,3
1533864622634494,-5,-5,-3,-14,7,-3,-2,-6
1533864622655438,2,4,-4,4,-4,-3,2,4
1533864622655438,0,-3,1,-5,3,-1,-5,-7
1533864622657430,-4,-2,-3,1,-6,-4,-2,-1
1533864622657430,2,1,0,-15,3,2,0,3
1533864622669401,0,1,2,11,-2,-3,-1,-5
1533864622669401,-1,-1,0,-8,-18,1,2,2
1533864622685358,-2,-3,5,18,0,-3,-2,2
1533864622685358,-1,-2,0,-48,-10,-1,-2,-2
1533864622693337,1,-1,1,-6,7,-2,0,4
1533864622693337,-1,-7,-37,-10,14,2,-3,-5
1533864622694331,-3,9,-23,-13,-40,-6,-2,-1
1533864622694331,-1,-5,20,13,-8,-5,-4,1
1533864622715308,0,1,9,-11,-6,1,1,0
1533864622715308,-3,0,-14,5,-1,-2,4,-2
1533864622717271,1,-13,7,11,27,5,-4,-2
1533864622717271,3,2,-6,-10,-3,-1,1,-1
1533864622729237,-2,-4,-11,5,-6,-3,0,0
1533864622729237,1,4,11,-6,2,-2,-6,-3
1533864622738214,0,0,2,-7,1,1,1,4
1533864622738214,2,0,1,11,7,0,5,9
1533864622753220,-7,-5,2,22,-1,-3,-6,-12
1533864622753220,-3,-2,4,-31,-10,-4,-1,-1
1533864622755170,-1,-2,2,3,4,0,1,-4
1533864622755170,-4,1,-5,-3,-4,-2,-6,-4
1533864622776116,0,3,-2,8,5,3,2,1
1533864622776116,0,-3,9,12,-6,-4,0,3
1533864622777120,1,-2,-8,-1,-7,-2,-1,0
1533864622777120,-2,-1,0,28,10,1,-3,-2
1533864622789078,-5,-3,-4,-30,-27,-4,-1,0
1533864622789078,-1,-5,5,10,3,-3,-2,-3
1533864622798057,2,2,-32,8,1,-1,-3,-3
1533864622798057,-1,0,-4,3,0,-1,2,-1
1533864622813013,3,9,-5,47,32,4,0,0
1533864622813013,1,-11,-1,-82,-42,-3,7,6
1533864622815009,-3,2,19,0,8,-3,-8,-13
1533864622815009,-3,-1,-8,5,-4,-3,-3,-5
1533864622835956,-4,-6,0,-11,0,-3,-1,1
1533864622835956,-3,3,-10,24,18,1,-5,-16
1533864622836950,0,0,-1,-4,-1,3,4,5
1533864622836950,1,0,5,-5,2,1,-1,0
1533864622857894,-3,0,4,1,8,-2,-1,5
1533864622857894,0,4,13,31,8,2,0,-5
1533864622859889,-5,-7,-6,-20,-16,-6,0,-1
1533864622859889,1,2,5,-7,13,1,-3,-3
1533864622872854,6,0,-6,-21,9,2,1,0
1533864622872854,-6,-5,-2,20,-35,-4,-1,1
1533864622874848,-4,-1,5,10,-11,0,0,2
1533864622874848,0,0,-12,1,3,1,1,-3
1533864622895792,0,-2,5,-5,6,-2,0,-1
1533864622895792,2,-6,9,6,2,-4,-2,2
1533864622896790,-1,-3,6,-2,11,-2,-1,-3
1533864622896790,-2,-1,-5,11,-5,-4,0,-2
1533864622917737,-4,-19,23,2,0,3,-1,-4
1533864622917737,0,4,-30,-26,0,1,3,5
1533864622919729,1,3,15,7,-4,-3,-5,-1
1533864622919729,1,-3,1,10,9,-1,1,2
1533864622932697,-3,1,-13,-16,-16,-5,-1,-3
1533864622932697,1,4,-2,10,11,1,-1,-1
1533864622934689,-9,-11,-20,-5,-20,-6,-2,1
1533864622934689,-4,4,-4,-9,-3,1,-4,-6
1533864622955632,1,4,-2,11,0,0,-1,0
1533864622955632,0,5,11,10,12,0,-1,-3
1533864622957628,4,4,3,-1,17,6,3,-2
1533864622957628,-3,-10,-3,-10,-19,-3,-2,2
1533864622977577,-1,0,-9,-10,-16,-3,-1,1
1533864622977577,-2,0,9,3,4,0,0,-1
1533864622979569,1,1,-6,-4,5,2,4,8
1533864622979569,-4,-1,-10,-9,-6,-2,-2,-14
1533864622993532,-1,-2,0,1,0,-1,-8,-6
1533864622993532,0,1,3,-6,-5,-1,-3,2
1533864622994529,-2,-2,2,4,5,-4,-4,-8
1533864622994529,0,3,-4,-3,1,0,5,12
1533864623015471,-6,3,-14,-4,-5,-2,-5,-8
1533864623015471,-2,-29,46,10,5,1,-4,-2
1533864623017466,0,4,43,-4,-5,-1,-1,1
1533864623017466,1,-4,-20,-6,1,-2,-2,-1
1533864623038605,-1,-1,-11,-3,-3,-2,0,3
1533864623038605,-2,8,-5,1,3,-3,2,3
1533864623039408,-2,-1,-8,-2,4,1,2,-4
1533864623039408,4,0,11,-9,0,1,2,4
1533864623052377,-1,2,8,26,5,1,1,-1
1533864623052377,-5,0,-6,-44,-13,-3,-5,-3
1533864623059355,-7,-11,-33,12,8,-6,-6,-2
1533864623059355,-2,4,-2,-7,-25,-5,-2,-2
1533864623075312,2,-2,-5,31,3,0,1,-2
1533864623075312,3,6,-2,-15,6,3,2,1
1533864623077307,-4,-3,0,33,7,1,-2,-3
1533864623077307,3,1,6,-62,7,-1,-2,-2
1533864623098258,-8,-6,-1,18,-26,-7,-4,-5
1533864623098258,-1,-7,5,13,22,3,4,6
1533864623099249,5,5,4,-15,3,2,1,1
1533864623099249,0,-4,-2,37,-2,1,0,-1
1533864623112213,3,3,5,-18,6,2,2,3
1533864623112213,2,-1,-49,5,-8,-4,-4,-5
1533864623119210,-9,-3,-7,1,-10,-6,-3,-1
1533864623119210,-1,-2,12,27,11,3,-3,-1
1533864623135152,1,3,1,-49,-15,-8,-3,2
1533864623135152,-2,3,-3,5,20,3,1,-2
1533864623137153,0,-1,2,-12,-15,-2,-1,-1
1533864623137153,-5,-4,-5,1,-8,-3,-2,0
1533864623158093,2,0,-3,6,16,4,0,-2
1533864623158093,0,4,7,19,3,1,0,-1
1533864623160098,3,-1,3,-9,-11,0,2,1
1533864623160098,-2,2,3,-3,0,1,-1,-3
1533864623173066,-2,-3,-1,-8,-2,-1,-1,0
1533864623173066,-2,0,0,14,-11,-4,-5,-3
1533864623179069,2,1,-2,-21,-4,-1,-2,-1
1533864623179069,1,1,1,-2,-1,-2,-1,5
1533864623195997,-1,1,5,-26,-6,-7,2,-1
1533864623195997,-8,-1,-3,17,-2,-3,-5,-4
1533864623196988,0,-3,-6,-5,-13,0,1,-2
1533864623196988,-2,-2,-2,4,-5,-4,-1,0
1533864623217931,-2,-4,1,-7,-4,-1,-2,-2
1533864623217931,3,1,5,-6,2,1,2,1
1533864623219926,-1,0,-3,-4,1,1,0,-2
1533864623219926,1,3,7,22,13,1,0,-1
1533864623240870,-5,-3,-6,-7,-4,-5,-2,-2
1533864623240870,-1,-2,-5,0,-9,-3,-1,-1
1533864623241867,3,1,0,6,10,0,-1,0
1533864623241867,-3,-5,-3,-11,-15,-5,-2,-2
1533864623255861,3,2,2,14,19,5,0,0
1533864623255861,-2,-2,-1,-6,-8,-4,0,2
1533864623256830,-6,-3,-6,-9,-12,-1,-3,-8
1533864623256830,0,1,0,1,8,2,3,4
1533864623277778,-3,-1,-3,14,0,-3,-4,-2
1533864623277778,-2,-3,-2,-31,-18,-2,1,-4
1533864623279766,-1,1,2,4,-6,-6,-5,-10
1533864623279766,-4,-5,-13,-15,1,1,-4,-9
1533864623292768,0,-1,0,27,1,0,1,6
1533864623292768,2,1,-2,3,5,0,3,3
1533864623299711,1,0,1,-1,6,3,3,4
1533864623299711,0,-2,1,0,-1,-4,-2,0
1533864623315673,2,-2,5,-10,-5,-1,4,5
1533864623315673,-2,-3,-2,5,3,-2,-5,-6
1533864623317664,0,10,-3,12,-2,-2,-5,-4
1533864623317664,0,-5,-37,-10,10,0,4,0
1533864623338611,-6,-2,-2,-17,-22,-2,-12,-28
1533864623338611,1,-2,7,7,-4,-3,0,7
1533864623339606,-4,-5,-8,-29,9,0,-4,-11
1533864623339606,-6,0,2,7,-5,-1,-1,-7
1533864623351767,-2,-1,-7,-5,-6,-3,4,13
1533864623351767,-5,1,-14,-35,-12,-3,-10,-8
1533864623360549,2,1,1,13,1,0,3,7
1533864623360549,-1,-1,5,6,8,3,-2,4
1533864623375529,-2,-4,0,-3,5,7,4,2
1533864623375529,-1,0,6,12,4,0,-1,-2
1533864623377504,-3,-4,12,-4,-2,-1,2,8
1533864623377504,2,-1,11,-4,-6,-3,-4,-4
1533864623398454,0,1,0,5,-1,-3,-5,-1
1533864623398454,-1,-4,-7,11,3,-3,-1,0
1533864623399445,1,-4,-7,-17,-2,-2,0,4
1533864623399445,-3,2,1,-5,-11,-4,-2,-9
1533864623411416,1,3,2,13,4,-2,-1,-4
1533864623411416,-1,-3,1,3,2,2,0,3
1533864623420393,0,-5,-5,-2,-1,1,-1,1
1533864623420393,3,2,5,2,-2,-2,0,5
1533864623435349,-4,-2,-8,-4,-6,-3,0,-1
1533864623435349,2,3,2,18,-7,-6,1,6
1533864623437345,-8,0,-2,-36,-8,-4,-6,-8
1533864623437345,-3,-6,10,-11,0,1,-1,2
1533864623458321,3,-3,-1,2,-7,-2,-2,-1
1533864623458321,1,0,1,1,-5,-2,0,0
1533864623459303,2,-3,14,17,7,1,2,3
1533864623459303,-1,2,-8,13,5,-3,-1,-3
1533864623472252,1,1,1,-34,-4,-2,-2,-1
1533864623472252,-5,-5,1,25,12,3,2,-1
1533864623481228,0,5,22,13,3,-3,-1,2
1533864623481228,-3,0,8,-12,-9,0,-1,-1
1533864623495189,0,-3,-5,3,3,1,0,5
1533864623495189,2,4,3,-8,-5,-3,-2,-6
1533864623497196,0,-2,-13,-5,5,-1,-2,-4
1533864623497196,-2,0,-5,13,9,1,1,3
1533864623519126,0,-1,9,-4,-1,-3,1,-1
1533864623519126,3,-4,0,0,1,0,-3,-2
1533864623520124,0,-3,-6,7,-1,6,5,3
1533864623520124,-4,-3,-6,-10,-13,-6,-3,-2
1533864623532095,-3,1,-8,-20,-2,-2,-2,-1
1533864623532095,1,1,0,-16,-6,-4,1,9
1533864623541067,3,-1,-2,28,10,3,-3,-2
1533864623541067,1,0,3,-1,-5,-3,0,-6
1533864623556131,-3,-1,-3,14,11,2,0,3
1533864623556131,-1,-3,5,-7,-4,0,-1,-4
1533864623557025,-4,-5,-11,-6,-5,-3,1,3
1533864623557025,-3,-1,-9,-33,-16,-2,-4,-2
1533864623577968,0,-1,0,28,2,1,-1,-1
1533864623577968,0,2,2,-3,1,5,3,0
1533864623579963,-1,-2,-4,21,6,-4,0,0
1533864623579963,-5,-5,-11,-46,-10,-4,-6,-12
1533864623591933,0,0,7,9,11,0,-1,-4
1533864623591933,-5,10,-25,-3,-10,-6,-2,-4
1533864623606893,-2,-2,7,-4,-5,0,0,-1
1533864623606893,2,1,35,17,6,1,1,6
1533864623615869,2,1,9,-17,-10,-1,0,-3
1533864623615869,-1,-3,-15,20,12,-1,-2,1
1533864623616867,-3,1,-1,-21,-12,-1,-4,-5
1533864623616867,1,1,-10,9,3,-3,2,5
1533864623637811,-3,-1,-8,-10,-8,0,-7,-14
1533864623637811,-1,-3,15,1,-1,-2,-2,9
1533864623639802,0,0,-9,-3,-9,-4,0,-5
1533864623639802,-1,-5,-5,5,9,-1,-2,-2
1533864623651774,-2,-4,-12,3,-10,-5,-3,0
1533864623651774,-3,-3,-8,-11,-8,-1,-1,-3
1533864623660746,0,0,3,13,7,0,0,1
1533864623660746,2,1,8,-8,8,1,-2,0
1533864623675786,-4,-7,-11,29,-6,-7,2,2
1533864623675786,-3,-2,3,-19,-7,5,-2,-9
1533864623677700,2,2,2,-29,-15,-5,-1,3
1533864623677700,-4,-3,-5,13,-9,-4,1,-2
1533864623698692,3,0,3,0,17,7,0,0
1533864623698692,-3,-2,4,4,-4,-8,-3,-6
1533864623699643,-4,-2,-8,6,-4,0,-1,-4
1533864623699643,2,6,36,14,6,3,1,4
1533864623711629,2,1,8,0,-2,-4,-2,0
1533864623711629,-3,0,-7,-13,7,1,1,4
1533864623720600,0,-3,-1,-3,7,-2,-1,-1
1533864623720600,-1,-3,-13,12,-1,0,-3,-2
1533864623735549,-1,3,-6,-10,-5,-1,2,5
1533864623735549,1,1,7,-4,0,-1,0,1
1533864623737541,-1,-2,-7,3,1,0,-2,-5
1533864623737541,-4,-3,-15,-1,-9,-3,-4,-5
1533864623758485,0,-1,-2,-8,-3,-3,1,0
1533864623758485,-2,-4,-8,-5,8,-3,-2,-6
1533864623759482,1,-3,10,8,2,5,3,10
1533864623759482,2,-1,-9,7,-1,0,-3,-3
1533864623780430,-1,0,0,-25,-22,-3,0,1
1533864623780430,-2,-3,-5,7,17,0,-7,-3
1533864623782422,-3,0,-7,-2,-3,-4,-2,-3
1533864623782422,1,-2,-3,-3,-5,-4,-2,3
1533864623796384,-3,-1,3,3,1,-2,-1,-5
1533864623796384,1,-4,-1,27,3,1,-3,-4
1533864623797381,-2,-1,-9,-33,-10,0,-2,-2
1533864623797381,-2,0,-1,1,7,4,3,2
1533864623818328,-3,5,-19,-5,-3,-2,-1,6
1533864623818328,-2,-13,12,11,-1,-2,-1,-3
1533864623819322,3,1,3,16,11,0,-3,-5
1533864623819322,-3,0,-2,-7,-12,-5,0,4
1533864623840269,-5,0,-3,-4,-3,-2,-5,-9
1533864623840269,-1,2,-5,-12,-5,0,-1,-7
1533864623842261,0,-1,-3,12,-4,-1,0,3
1533864623842261,0,-3,-9,-21,2,-1,6,4
1533864623855226,-4,0,7,4,4,3,-9,-17
1533864623855226,0,4,7,-14,-13,-3,-1,4
1533864623857221,1,-4,-7,-21,10,0,1,2
1533864623857221,-6,-3,-6,18,-12,-8,-8,-17
1533864623878168,1,-6,-12,9,8,-1,-2,3
1533864623878168,1,3,-1,-10,-6,-1,0,0
1533864623880168,1,2,1,-14,-13,2,0,0
1533864623880168,-2,1,9,17,10,0,0,-6
1533864623901107,-2,-8,-5,-5,1,-1,0,3
1533864623901107,-1,-3,-4,-2,0,-3,-2,-3
1533864623902101,-5,-1,-7,11,8,-1,-2,-4
1533864623902101,0,-17,7,-8,11,5,1,6
1533864623915082,-1,-2,8,-1,-14,-5,-1,-2
1533864623915082,-4,0,-5,13,6,-1,0,-4
1533864623922064,-3,-1,7,-15,-8,-1,-1,-2
1533864623922064,0,3,-8,4,-5,0,-2,-1
1533864623938017,1,2,4,7,8,2,4,3
1533864623938017,1,-2,3,11,-1,1,3,2
1533864623939999,-3,-1,-6,7,-5,-4,2,0
1533864623939999,1,1,-1,1,-2,-1,-7,-16
1533864623960943,4,2,4,-6,3,-2,1,3
1533864623960943,-1,1,-9,-13,0,-3,-4,5
1533864623961941,-3,-2,0,1,-7,-1,-3,-7
1533864623961941,0,1,-7,5,16,1,-3,4
1533864623974915,-4,-4,-6,3,-2,1,-2,-4
1533864623974915,1,0,0,-12,-4,0,-1,4
1533864623981889,1,1,8,1,-1,0,0,1
1533864623981889,-4,-2,-7,-2,-8,-3,-4,-10
1533864623997848,-1,-1,-4,0,4,0,1,8
1533864623997848,-4,0,6,-10,-4,-1,-4,-9
1533864623999855,1,0,-1,36,11,-2,0,1
1533864623999855,1,3,1,-26,-8,2,-1,-1
1533864624020787,-5,-8,-7,-33,-4,-6,-2,-1
1533864624020787,-1,4,23,3,-9,1,0,0
1533864624021780,-1,0,-4,15,-6,-6,-3,-1
1533864624021780,-1,0,3,13,5,-1,5,7
1533864624034815,0,1,8,4,2,-1,-1,3
1533864624034815,0,-2,-7,-8,-6,-2,-1,-2
1533864624041730,-2,-4,-3,-2,4,2,-1,-1
1533864624041730,0,0,17,-13,-11,-1,-3,0
1533864624058685,-3,-4,-10,8,-4,-3,0,9
1533864624058685,-5,-1,-6,-4,1,-1,-2,-15
1533864624059679,1,-3,-1,6,4,3,3,9
1533864624059679,-3,2,-10,-10,-15,-2,1,-5
1533864624080664,-3,0,-2,-9,2,-5,-6,-18
1533864624080664,-3,1,4,-26,1,0,-1,-7
1533864624082619,-1,2,-10,-2,-3,-8,-6,-3
1533864624082619,-3,-2,-4,23,-1,-4,-1,11
1533864624094589,-3,-3,9,-2,1,3,-2,-4
1533864624094589,4,-1,-6,3,-5,-1,3,2
1533864624101571,-1,-4,-6,-7,2,1,0,-1
1533864624101571,-2,-3,-9,-9,3,-2,0,1
1533864624118525,2,0,2,3,-2,1,0,0
1533864624118525,-3,-6,-12,-1,8,3,-1,-1
1533864624119520,2,2,7,-2,7,-4,-1,2
1533864624119520,-1,-2,-18,-25,-15,0,-2,-1
1533864624140463,-2,4,34,26,2,1,1,1
1533864624140463,0,7,-21,5,-6,0,0,-1
1533864624142458,-1,-12,12,-39,-16,-2,-2,-4
1533864624142458,4,1,0,16,13,2,-2,-6
1533864624155425,-1,-6,-21,-31,17,0,-2,0
1533864624155425,-5,-1,-2,-9,-31,-7,-1,3
1533864624161411,-3,1,4,13,-9,-1,-1,-5
1533864624161411,2,0,0,-3,1,-2,0,-1
1533864624178365,4,2,-1,16,25,12,1,0
1533864624178365,-4,-8,5,13,-8,-8,-5,-3
1533864624179361,-2,-4,-19,-33,-12,-1,0,2
1533864624179361,-3,-3,0,7,-1,-4,-3,-1
1533864624200305,-2,0,-9,-2,-10,-2,-1,-6
1533864624200305,1,-1,11,3,20,3,3,3
1533864624202301,3,5,2,1,-14,-2,0,-2
1533864624202301,-1,-2,-3,8,10,0,0,3
1533864624215265,-4,-3,-1,-5,-11,-3,-2,-2
1533864624215265,1,-4,-6,1,11,-1,0,2
1533864624222246,-1,0,-1,-2,-3,-1,-3,-1
1533864624222246,1,-2,6,9,9,0,0,1
1533864624238201,-1,0,-7,-6,-9,-1,0,-3
1533864624238201,2,1,2,21,-1,-3,-1,0
1533864624240281,-2,2,-9,-9,5,0,-1,-1
1533864624240281,1,3,3,5,2,0,-1,-2
1533864624268160,-3,-3,0,16,-11,-7,-1,-1
1533864624268160,1,1,-6,-36,-7,3,1,3
1533864624270146,-5,-2,2,8,11,-1,-2,-5
1533864624270146,-3,0,-3,0,-8,-2,-3,-2
1533864624275103,1,-1,5,8,-2,-4,0,0
1533864624275103,0,2,5,18,0,0,-2,0
1533864624282087,-2,1,5,-6,5,1,-1,-3
1533864624282087,-3,-1,-1,-12,-9,-4,0,-2
1533864624298165,-1,-18,6,3,-1,-5,-2,-3
1533864624298165,-2,-3,-5,-6,-2,-2,-1,-1
1533864624300039,0,0,-2,10,6,0,0,2
1533864624300039,-3,-4,-7,9,-1,0,-1,-2
1533864624320980,-1,2,0,-13,-7,-1,-2,-3
1533864624320980,0,-3,3,-2,-5,-1,-1,0
1533864624321978,2,-1,5,17,12,1,0,3
1533864624321978,-5,-2,-7,-15,-8,-5,-4,0
1533864624334165,-1,2,-7,-9,-5,-2,-4,-10
1533864624334165,0,-4,-3,2,4,-1,-1,2
1533864624342925,-2,4,1,21,2,-1,2,4
1533864624342925,0,0,-6,-11,-1,-2,-4,-7
1533864624357881,0,3,-4,-4,2,3,5,7
1533864624357881,-3,-2,7,7,-2,-4,-6,-6
1533864624359876,2,0,5,-23,-10,0,1,1
1533864624359876,5,-1,-2,-3,13,1,1,5
1533864624380820,-3,-2,-7,5,2,-2,2,13
1533864624380820,-1,4,-2,1,2,1,-5,-10
1533864624381818,-3,-1,-2,12,0,1,-6,-13
1533864624381818,-2,-6,2,-1,-9,0,0,0
1533864624394782,1,3,-1,1,1,0,2,0
1533864624394782,-1,-3,-7,-7,2,0,1,1
1533864624402800,-2,0,-1,5,-1,-2,-2,2
1533864624402800,0,-1,0,7,-2,0,0,-2
1533864624417724,-1,-1,-1,-10,-5,-1,-2,-1
1533864624417724,-1,-7,-11,4,-3,-2,-1,-1
1533864624419718,-2,8,-19,-3,-5,-2,-4,-7
1533864624419718,-1,-9,1,1,13,1,1,4
1533864624440662,-3,2,-2,2,-5,-3,-2,-2
1533864624440662,-2,-1,11,-8,-11,-3,2,3
1533864624442656,0,-4,-7,-3,1,0,-5,2
1533864624442656,-1,4,1,-6,-5,2,-2,-9
1533864624454624,1,-1,-3,15,9,1,-4,-5
1533864624454624,-1,-1,-4,-20,-6,0,0,2
1533864624463601,-3,-6,1,1,-8,-5,0,-1
1533864624463601,2,0,0,20,11,3,0,7
1533864624478559,-2,-1,0,-5,-4,-4,-2,-3
1533864624478559,2,1,-23,1,14,2,2,-2
1533864624479557,-1,0,5,-14,-14,0,0,3
1533864624479557,0,2,-1,10,22,3,-1,-4
1533864624500500,0,1,6,7,-25,-5,-1,-2
1533864624500500,-3,-4,-10,-14,-3,1,-3,2
1533864624502497,-1,-2,-4,-3,-4,-6,-4,-3
1533864624502497,-5,-6,14,1,5,1,-2,-4
1533864624514463,4,-6,-12,9,2,3,-1,3
1533864624514463,5,2,9,-20,0,-3,-3,-3
1533864624523441,1,-3,-4,-2,6,2,0,-1
1533864624523441,-2,3,-4,5,-10,-3,0,9
1533864624538399,-3,-1,-4,-3,8,-3,-2,-11
1533864624538399,-1,1,-3,29,-1,-4,-5,0
1533864624539399,0,-13,17,6,5,0,3,3
1533864624539399,-4,1,-2,-12,-8,-4,3,-2
1533864624560351,-3,-1,-3,-11,-5,2,-3,0
1533864624560351,0,-1,3,9,-3,0,0,-2
1533864624562336,-3,2,0,-6,3,-2,-2,-2
1533864624562336,-1,-5,-9,-18,-14,-5,-3,-4
1533864624574303,0,-3,4,-2,7,4,1,4
1533864624574303,-3,1,-4,4,-7,3,0,-1
1533864624583280,-2,0,-4,21,1,-5,-3,-1
1533864624583280,1,3,0,-4,1,-3,-1,-2
1533864624598240,-3,0,-9,-47,-28,-6,-3,-3
1533864624598240,-5,-4,-4,13,8,-1,-1,0
1533864624600244,-2,-4,-2,1,-6,1,0,-4
1533864624600244,1,0,5,24,3,-1,-1,0
1533864624620213,1,2,4,-24,3,-1,-1,1
1533864624620213,-4,-1,2,-2,-2,-6,-2,0
1533864624622175,-1,-4,-4,-8,-2,-1,-1,-2
1533864624622175,-1,-1,-4,-14,-5,-1,0,2
1533864624634171,-1,-1,2,7,6,-2,1,-4
1533864624634171,1,-2,4,-6,-3,-2,0,5
1533864624643138,-3,-1,-3,-9,0,0,-5,-12
1533864624643138,0,2,-4,-6,-8,-3,-2,1
1533864624658079,0,0,-3,-10,-1,-2,0,2
1533864624658079,-3,-3,0,3,1,0,0,-5
1533864624660077,-2,-1,-2,4,6,2,1,1
1533864624660077,-3,0,0,-17,-13,-4,-4,2
1533864624681021,-3,-2,2,25,-1,-4,-2,-6
1533864624681021,-2,2,0,-25,-10,0,1,0
1533864624682016,3,0,-3,7,7,-3,-1,2
1533864624682016,-3,-2,-5,-27,-22,-3,-2,-5
1533864624694002,0,5,-7,5,7,-1,-4,-1
1533864624694002,-1,-18,16,0,4,6,4,2
1533864624702960,-2,0,3,11,-2,-1,1,-2
1533864624702960,-2,-2,-5,19,7,0,-3,2
1533864624717960,-2,-3,-3,-22,-12,-2,-1,-2
1533864624717960,1,5,-5,-3,1,-2,-5,-6
1533864624719916,-3,-2,-3,-16,-3,-2,-2,-8
1533864624719916,-1,-2,3,10,9,3,1,2
1533864624740858,0,0,2,21,7,-1,0,3
1533864624740858,1,2,-5,-19,-8,-4,-6,-1
1533864624741857,1,-4,-6,-11,-4,-2,0,3
1533864624741857,0,4,1,2,-5,-3,1,-2
1533864624762799,-1,-6,2,18,9,6,-2,0
1533864624762799,-2,1,-4,11,5,-5,-2,-1
1533864624764794,1,5,11,0,0,0,-2,2
1533864624764794,-2,-8,-12,-21,-6,-1,-2,-2
1533864624777759,-2,-6,-2,0,1,1,0,-6
1533864624777759,-3,-3,-4,1,-9,-3,0,-1
1533864624779754,0,0,-7,-18,-5,-1,1,2
1533864624779754,-1,0,5,19,5,0,-1,-1
1533864624800698,-2,-1,-1,-23,-5,-3,-1,2
1533864624800698,1,4,-9,2,5,1,-2,-1
1533864624802697,-1,-14,22,19,6,0,2,0
1533864624802697,-2,0,0,-7,-8,-3,-2,-3
1533864624822639,0,2,-1,3,2,0,3,5
1533864624822639,-2,0,0,3,0,0,-4,-6
1533864624824643,1,4,-5,-7,-7,-2,-4,-1
1533864624824643,0,0,-4,1,8,6,2,-3
1533864624837611,-4,-2,1,6,-12,-8,-3,-4
1533864624837611,-1,3,1,-3,23,7,-1,3
1533864624844581,-2,0,10,-8,-12,-3,1,-3
1533864624844581,0,-5,-10,-2,-7,-5,-3,-4
1533864624860754,-3,-2,-10,3,2,-2,1,-1
1533864624860754,-1,-2,-1,-4,-11,-3,1,0
1533864624862532,-1,1,-5,2,8,3,-2,-1
1533864624862532,-1,-1,2,-28,-2,-2,-2,-1
1533864624883491,0,1,0,7,-1,0,-3,-4
1533864624883491,-4,-7,-6,4,-4,-3,0,-1
1533864624884474,-1,0,-8,-24,-1,-1,0,0
1533864624884474,-2,2,3,5,-2,-1,0,2
1533864624898436,-3,0,3,16,4,-1,-3,-5
1533864624898436,0,2,5,-9,0,0,1,2
1533864624899433,-3,2,-8,17,-2,-3,-4,-4
1533864624899433,0,-2,-2,7,2,-3,2,3
1533864624920379,-2,1,1,-6,1,2,-4,-6
1533864624920379,2,3,3,7,-1,1,-2,-1
1533864624922372,-1,2,-5,-6,-8,-7,-2,6
1533864624922372,-2,-4,-3,-2,2,0,-4,-3
1533864624943458,1,0,5,-1,-2,2,1,-2
1533864624943458,0,0,-1,1,0,-3,0,-3
1533864624944326,1,-3,-4,23,-10,-4,-1,-2
1533864624944326,-3,-2,-1,-10,0,-1,-3,-1
1533864624957364,0,0,-1,4,19,4,1,4
1533864624957364,-3,-2,3,-5,-18,-6,-4,-5
1533864624964261,-4,-4,-14,-5,-6,1,2,1
1533864624964261,0,4,11,23,6,4,-1,0
1533864624980218,2,-1,1,-10,-1,-2,-2,2
1533864624980218,-4,-5,-5,9,3,-8,-4,-4
1533864624982213,-4,-2,-1,-9,7,2,0,0
1533864624982213,-1,0,0,0,-3,-3,-3,-5
1533864625003156,-2,-4,-1,13,5,0,0,1
1533864625003156,1,2,3,2,0,1,1,1
1533864625005150,2,1,-2,-11,-6,-4,-1,0
1533864625005150,-3,-4,-4,8,2,-1,0,-1
1533864625017120,-2,3,-2,-10,-5,-2,-1,-1
1533864625017120,-2,-2,-3,-8,-7,0,-2,-1
1533864625024100,0,1,-1,10,3,-1,-1,-2
1533864625024100,0,-2,-3,-5,-7,-3,0,-1
1533864625041055,0,-4,-1,11,9,0,0,-2
1533864625041055,-1,-3,-2,-24,-7,1,-1,0
1533864625042054,-1,-5,-3,8,2,0,-3,-2
1533864625042054,-1,-1,0,-4,-3,-1,0,-4
1533864625062998,-1,1,1,24,5,-2,-1,0
1533864625062998,-1,3,-5,-13,-17,-5,-3,-3
1533864625064992,-6,2,7,2,-2,-3,-3,-3
1533864625064992,3,-3,-6,-14,5,2,-1,-1
1533864625077959,-2,-2,-3,11,-12,-6,-2,-2
1533864625077959,1,0,1,15,13,3,1,0
1533864625083976,-2,3,-4,-14,-5,-2,1,0
1533864625083976,-1,-2,-1,9,-4,-2,-1,-1
1533864625100936,1,4,-10,-12,-5,-1,0,-2
1533864625100936,-1,-18,14,3,2,-1,2,4
1533864625101893,-3,-6,-4,-10,-1,0,-1,-1
1533864625101893,-2,-1,2,1,2,0,-2,0
1533864625122849,-1,0,-8,-12,-3,-2,0,-1
1533864625122849,0,5,-2,-2,6,2,1,1
1533864625124831,0,-4,7,23,-2,-3,1,-1
1533864625124831,0,-3,-2,-7,0,-1,-2,0
1533864625137797,-2,0,-1,-23,-9,-3,-1,-2
1533864625137797,-2,1,-9,8,3,1,1,0
1533864625144811,-2,-3,-2,17,2,-2,-5,-4
1533864625144811,2,4,-1,-19,-2,-1,-2,-1
1533864625160735,-3,-5,1,-11,7,4,0,1
1533864625160735,-1,1,-3,6,-4,-1,-1,-4
1533864625162731,0,1,-5,-6,2,2,1,1
1533864625162731,-1,0,-1,-2,-10,-3,-1,-3
1533864625182676,-1,-3,4,-1,-1,0,-1,-1
1533864625182676,3,1,1,4,4,-3,0,-3
1533864625184671,-2,0,-3,-9,-3,-2,-1,-3
1533864625184671,-1,2,0,30,1,-1,-1,1
1533864625197640,-3,-5,-1,-41,-1,-5,-1,1
1533864625197640,-3,-1,-1,2,-9,-2,1,0
1533864625204621,1,0,0,-10,0,-1,-1,0
1533864625204621,-2,-4,-1,4,1,-4,0,-2
1533864625220604,2,-1,-1,8,-6,-2,-2,-1
1533864625220604,0,-1,0,-2,0,-2,-3,-1
1533864625222573,1,-1,-2,-8,1,2,-3,-1
1533864625222573,0,-2,1,-2,0,2,1,-3
1533864625243517,1,2,1,2,-4,-1,1,5
1533864625243517,-5,-2,-7,-5,0,-2,-3,-9
1533864625244511,-3,-2,0,-3,-1,0,-2,-1
1533864625244511,-1,-1,-1,-5,-5,-3,-1,-3
1533864625256482,0,0,1,-1,-5,-3,1,-3
1533864625256482,2,3,1,9,5,0,0,2
1533864625265524,-3,-5,-15,14,8,2,0,2
1533864625265524,-4,-4,-3,-32,-7,-4,-3,-3
1533864625280483,-3,-1,0,2,-6,0,-1,-1
1533864625280483,-1,-3,-3,8,-4,-1,-3,0
1533864625282478,0,-2,-4,-7,-2,-2,-1,-2
1533864625282478,-1,1,-2,3,4,0,1,-1
1533864625303518,-1,0,4,25,13,0,-1,-1
1533864625303518,1,0,-2,-43,-23,-5,0,1
1533864625309409,-4,-2,-5,1,-8,-3,-2,-3
1533864625309409,-1,0,-1,4,7,-1,-1,2
1533864625316584,-1,-3,4,-9,-4,-2,-3,-2
1533864625316584,2,-2,4,11,6,1,-1,0
1533864625325367,2,-2,3,-6,-2,-4,-1,-2
1533864625325367,-1,-2,-5,0,-5,0,-1,0
1533864625340324,1,2,0,17,0,-1,-4,-1
1533864625340324,-4,-3,-5,-6,11,5,2,-7
1533864625342318,0,0,2,-18,-13,-3,1,-2
1533864625342318,-5,-3,-6,8,0,-4,-3,-2
1533864625362268,-1,-3,-2,-10,-5,-1,-1,-1
1533864625362268,1,0,1,0,-2,-3,-3,3
1533864625371246,0,1,0,2,7,2,0,-4
1533864625371246,0,3,-5,-2,1,1,-1,-2
1533864625377225,-2,-18,16,10,-6,0,0,1
1533864625377225,-2,-1,-2,17,11,1,0,0
1533864625386202,0,0,-1,-22,-5,0,2,4
1533864625386202,-3,-1,7,21,5,0,-6,-9
1533864625400164,-2,1,-15,-47,-30,-5,-2,-3
1533864625400164,0,-1,8,19,1,-1,-1,-1
1533864625402158,2,-2,6,0,2,1,0,-1
1533864625402158,-1,0,-2,-3,-7,-2,-2,2
1533864625423106,-2,2,-2,19,7,-4,-2,2
1533864625423106,-2,-4,-6,-22,4,-1,-2,-2
1533864625425097,-3,0,-5,7,-14,-4,-1,2
1533864625425097,1,-1,-1,-8,-4,-1,0,1
1533864625437083,0,1,-5,12,4,0,-2,-2
1533864625437083,-2,1,3,-7,-7,-2,-3,1
1533864625446041,-2,-1,-2,6,9,1,-1,-2
1533864625446041,-2,-2,-3,-14,0,1,0,1
1533864625461001,1,-2,-2,-10,0,-1,0,-4
1533864625461001,1,1,-2,-1,-4,-1,-4,-4
1533864625461998,1,-2,3,7,0,-1,-2,-1
1533864625461998,0,-2,-2,-14,-6,2,2,0
1533864625482976,-2,0,-10,-13,-2,-3,-2,-2
1533864625482976,-3,-4,-5,3,-3,-4,-2,1
1533864625484937,-2,-3,1,8,5,-1,-3,-4
1533864625484937,2,1,0,-4,-1,-4,1,0
1533864625497033,0,-2,1,2,2,2,0,-1
1533864625497033,-3,-2,-4,3,-1,0,1,0
1533864625505881,-1,0,1,6,4,1,0,3
1533864625505881,0,1,6,28,8,1,0,-2
1533864625520895,-2,0,-1,-28,-16,-7,-3,0
1533864625520895,-1,0,-1,0,-6,-1,-1,-3
1533864625522837,-1,-1,-2,-11,-14,-4,0,2
1533864625522837,-1,-2,0,4,1,1,0,-1
1533864625550764,-3,1,1,18,-1,0,-3,-4
1533864625550764,1,0,3,-6,1,-1,-2,2
1533864625551758,-2,1,-1,4,4,1,-2,-5
1533864625551758,-3,-2,-5,-5,-3,-4,-4,-5
1533864625556746,-1,1,7,2,5,-3,0,2
1533864625556746,-4,-4,-7,-8,-4,-5,-2,-10
1533864625565731,-1,-1,-3,-3,7,2,-2,-3
1533864625565731,1,-1,-1,-4,-1,-1,-1,0
1533864625580861,0,0,-2,1,-4,4,3,2
1533864625580861,-3,2,2,18,-4,-3,1,0
1533864625582677,-1,14,-15,-29,-4,-5,-2,-1
1533864625582677,0,-6,2,-18,-7,-4,-1,0
1533864625603623,-2,-2,-4,1,-1,0,-2,-2
1533864625603623,1,0,2,6,2,2,1,1
1533864625604617,-1,-1,-1,-3,1,1,1,-1
1533864625604617,-2,0,-4,14,-1,-4,-2,1
1533864625616616,2,1,2,-1,4,3,0,0
1533864625616616,-5,-3,-8,-5,2,-4,-5,-1
1533864625625565,0,-3,4,8,12,-2,0,-1
1533864625625565,-1,0,-3,-15,-35,-2,-1,3
1533864625640528,-3,-5,-2,1,8,0,0,2
1533864625640528,1,-2,-1,-10,-1,0,3,-1
1533864625642529,0,-5,3,-1,0,-2,-6,-8
1533864625642529,1,-2,4,7,1,-1,-2,-1
1533864625663647,-1,2,-3,4,-3,-1,0,2
1533864625663647,-1,2,-2,-3,-2,0,0,3
1533864625664457,0,-1,1,4,-7,1,2,5
1533864625664457,-2,0,-3,2,11,2,2,-6
1533864625676425,-2,-3,-6,-4,-3,-3,-3,-6
1533864625676425,-2,1,1,15,8,-1,0,-1
1533864625685399,-3,-5,-2,-19,-10,-1,-2,1
1533864625685399,1,1,1,-13,6,1,0,0
1533864625700364,-3,0,-2,12,9,-1,-2,-3
1533864625700364,-3,-5,-3,18,2,-2,-4,-2
1533864625702356,2,2,-1,0,-5,-1,-1,0
1533864625702356,-7,-6,-8,-15,-13,-3,-2,0
1533864625723299,1,-2,1,7,3,1,1,-2
1533864625723299,2,0,-2,0,-12,-4,-2,0
1533864625725361,1,-1,3,6,29,7,1,-3
1533864625725361,-2,0,0,9,-2,0,-1,-2
1533864625745241,0,0,0,-15,-3,-4,-4,-4
1533864625745241,-2,0,2,-2,-11,-1,1,4
1533864625747243,0,-2,-4,-2,-11,-5,0,1
1533864625747243,-2,1,3,11,13,0,-2,-4
1533864625761228,-3,-1,0,4,0,1,2,-2
1533864625761228,2,1,-1,-17,-1,1,0,0
1533864625762205,-2,-3,-2,7,-5,-2,-1,0
1533864625762205,0,-1,-3,-5,1,-2,0,-1
1533864625783140,2,3,0,-4,-3,-1,-1,-1
1533864625783140,0,-2,-2,8,11,2,-1,-2
1533864625785134,-7,-3,-3,-25,-30,-7,-5,-5
1533864625785134,-1,-2,-4,-7,7,1,1,2
1533864625806078,-3,-2,-4,2,2,-2,-3,-4
1533864625806078,-2,-3,0,-8,-9,-1,1,5
1533864625807075,-2,-1,-3,2,4,-1,-2,-8
1533864625807075,0,0,0,-2,-5,-1,-2,0
1533864625821255,0,-3,0,-3,-5,-1,-1,2
1533864625821255,0,1,-1,1,8,3,-1,-1
1533864625822052,0,1,0,8,0,-4,0,4
1533864625822052,-2,-3,6,-19,-7,-1,-1,-3
1533864625843197,2,-2,-4,10,4,1,0,-1
1533864625843197,-1,0,1,-6,-6,-2,-2,-4
1533864625844974,-1,1,3,2,1,2,-1,0
1533864625844974,-1,-1,-4,15,10,-1,0,-2
1533864625865922,-2,1,2,-7,-6,-2,-2,-1
1533864625865922,0,-1,0,-1,-4,-5,-2,-4
1533864625866915,-5,-4,-4,5,2,0,-1,-2
1533864625866915,1,1,-1,17,3,-3,-2,1
1533864625879881,-4,-2,0,-41,-14,-4,0,-1
1533864625879881,0,-2,-6,-15,-2,-1,-2,-3
1533864625886865,1,-3,0,6,4,-1,0,-1
1533864625886865,-2,-3,-2,1,-8,-3,-1,-1
1533864625902819,0,-2,-4,11,4,2,0,1
1533864625902819,0,0,-2,7,0,1,0,-1
1533864625904823,0,0,-1,-17,-13,-3,-2,0
1533864625904823,-3,-2,-1,-4,-2,1,-2,-3
1533864625925793,0,1,4,8,5,-1,0,0
1533864625925793,-5,-4,-7,3,0,-1,-2,-2
1533864625927754,-2,-4,-2,11,5,-2,-2,-3
1533864625927754,0,0,-2,-5,-1,0,-1,2
1533864625939721,-2,-1,-1,2,-2,-2,1,0
1533864625939721,0,0,1,-2,0,-1,0,0
1533864625946731,2,0,3,17,1,0,2,3
1533864625946731,-2,-5,-6,-32,-2,-2,-4,-2
1533864625962659,-1,1,-2,-29,0,-1,-2,0
1533864625962659,0,0,-1,1,0,-1,-1,-1
1533864625964655,-4,-4,-4,-3,0,-1,2,-1
1533864625964655,0,0,1,20,-2,0,1,-1
1533864625985622,-1,-2,-1,9,-3,-1,-3,-1
1533864625985622,-3,-2,-1,-10,-1,-1,-4,-3
1533864625987597,0,2,2,3,-1,1,-1,-1
1533864625987597,3,2,-1,1,6,-1,0,0
1533864625999579,2,0,-2,11,15,2,-1,-1
1533864625999579,-6,-4,-1,2,-18,-10,-5,-2
1533864626006554,-4,-3,-3,-18,-10,-4,-5,-2
1533864626006554,-3,-3,-2,-7,-4,2,0,-1
1533864626023499,0,-4,0,5,-3,-4,1,-1
1533864626023499,1,-2,-1,4,15,3,1,2
1533864626024496,2,0,0,3,2,-1,0,0
1533864626024496,1,0,0,-1,1,-2,-1,1
1533864626045438,-2,0,-2,1,-5,0,0,-3
1533864626045438,0,0,0,-5,1,-1,0,-1
1533864626047433,-1,1,-2,7,-6,-3,-3,-4
1533864626047433,1,-1,-1,23,12,1,1,-1
1533864626060549,-3,-4,-5,-21,-14,-4,-2,0
1533864626060549,-3,-4,-3,-33,-16,-6,-1,-1
1533864626067378,-4,-2,-6,-43,-22,-6,-3,-1
1533864626067378,0,0,2,8,-2,2,-2,1
1533864626083337,-1,0,-1,10,4,0,-2,-5
1533864626083337,2,0,2,6,10,2,1,-4
1533864626084334,2,-2,3,7,5,0,-1,2
1533864626084334,-5,-2,-2,-7,-11,-5,-1,-8
1533864626105284,-2,0,-2,-4,4,1,1,1
1533864626105284,-2,-1,-4,-2,8,2,3,1
1533864626107273,0,-1,-1,11,4,-1,-1,0
1533864626107273,1,-2,0,-6,-6,-1,-1,0
1533864626119244,1,1,-2,9,-5,-1,-4,-1
1533864626119244,-1,0,0,9,2,-3,-2,-2
1533864626128217,-2,-2,-3,-13,12,2,2,-2
1533864626128217,-4,-2,-5,-5,-5,-2,0,0
1533864626143382,-6,-4,-2,-13,-14,-6,-3,-3
1533864626143382,0,-1,-1,4,-7,-3,-1,1
1533864626145171,0,-2,-1,3,5,0,-1,-1
1533864626145171,2,1,5,0,3,2,-1,-1
1533864626166115,-2,-1,0,4,4,1,0,1
1533864626166115,-3,-2,1,-2,0,1,-1,0
1533864626167113,-2,0,0,6,2,1,-1,-1
1533864626167113,0,0,-1,5,-3,-3,0,0
1533864626180087,5,1,0,-25,12,-1,-2,-1
1533864626180087,1,0,2,12,-19,-1,0,1
1533864626187062,-4,-4,-9,-18,-10,-8,-3,-2
1533864626187062,-8,-2,-9,10,-2,-4,-3,-3
1533864626204028,-3,-1,-1,-10,-7,1,-2,-2
1533864626204028,3,0,7,3,10,2,1,0
1533864626205011,3,0,6,16,10,5,3,0
1533864626205011,-4,-2,0,8,-3,-5,0,0
1533864626225988,-3,-3,-6,9,0,0,1,-7
1533864626225988,0,2,-3,-2,-5,-3,-1,1
1533864626226953,-2,-1,-2,3,-1,-2,-1,-1
1533864626226953,0,-2,-2,-15,2,-2,-3,0
1533864626238920,1,-1,1,9,4,0,-1,0
1533864626238920,-3,-2,-3,-11,-8,-4,-3,-3
1533864626253880,0,0,-1,-3,0,0,-2,1
1533864626253880,2,2,0,-2,-1,-4,-2,-1
1533864626262871,-1,-2,0,-2,-3,-2,-2,-2
1533864626262871,-3,-1,-4,0,8,0,-2,-4
1533864626264858,0,-1,0,0,-7,-1,1,1
1533864626264858,0,0,5,2,12,5,1,0
1533864626292780,-3,-5,-4,6,-10,-3,-2,2
1533864626292780,-1,-3,0,2,-4,0,1,0
1533864626294771,-1,1,2,25,11,0,-1,-2
1533864626294771,1,1,-1,-19,-14,1,1,1
1533864626299758,0,-1,-2,-25,-2,-4,-1,5
1533864626299758,-1,1,3,19,4,-1,2,-6
1533864626308733,-7,-5,-5,-27,-12,-4,-9,-14
1533864626308733,1,0,2,69,21,0,-1,-3
1533864626323736,-4,-5,-9,-65,-25,-4,-3,6
1533864626323736,3,1,-1,-16,-6,-3,2,4
1533864626324710,-1,0,3,3,13,3,13,10
1533864626324710,-2,-2,2,11,7,-5,-21,-31
1533864626345645,-4,-2,-3,20,-21,-6,-1,-5
1533864626345645,-1,-2,-3,-6,4,3,-1,4
1533864626347630,1,2,-3,-13,2,2,0,-2
1533864626347630,0,0,1,-15,-2,0,5,11
1533864626359598,-1,-1,-1,28,12,2,-1,-1
1533864626359598,-2,-3,5,-16,-9,0,-3,-6
1533864626368583,1,-3,0,7,-5,-5,0,4
1533864626368583,-4,-4,-7,-2,-2,2,2,2
1533864626383537,0,3,2,-4,5,-2,-3,-5
1533864626383537,-5,-4,-10,-11,-17,-4,-3,0
1533864626384547,-1,-2,2,24,-7,0,-2,3
1533864626384547,-2,-3,-5,-59,-17,-3,-1,-1
1533864626405481,1,1,5,20,17,2,1,-5
1533864626405481,0,0,-3,13,15,-2,-3,1
1533864626407469,-1,-1,0,2,-8,-4,-3,1
1533864626407469,-3,-3,-2,-21,-1,0,7,5
1533864626419438,1,2,3,30,11,1,-5,-10
1533864626419438,-2,-2,-3,-18,2,-1,0,2
1533864626428414,-5,-5,-5,15,-7,-4,-6,-8
1533864626428414,-4,-1,-2,2,2,0,-2,3
1533864626443373,1,1,1,-18,-16,2,2,3
1533864626443373,-1,-2,-4,32,11,-3,-4,0
1533864626444370,-1,-1,-2,-19,1,-1,0,0
1533864626444370,2,-2,-2,10,2,-1,-3,-9
1533864626466311,-1,0,1,5,-2,-1,0,2
1533864626466311,-1,-1,-1,10,8,-1,-3,-5
1533864626467323,-2,0,1,-2,0,0,1,4
1533864626467323,-1,-1,5,-10,-11,-3,-1,2
1533864626479278,0,-1,-2,11,-5,-3,-2,-1
1533864626479278,0,-2,-6,-8,2,1,1,-2
1533864626488254,3,1,-1,-22,-13,1,1,3
1533864626488254,0,0,-3,22,16,0,0,3
1533864626503237,-11,-5,-8,-37,-25,-9,-4,-4
1533864626503237,-2,0,3,8,-7,-2,2,-1
1533864626504211,-2,-2,-4,16,7,1,-2,-5
1533864626504211,2,1,-2,-16,14,1,1,3
1533864626526155,6,0,4,-18,-12,1,2,3
1533864626526155,-2,0,0,-17,-33,-1,-4,-1
1533864626527150,2,-1,0,-14,-4,2,0,-4
1533864626527150,-4,-4,-5,33,3,-5,-3,0
1533864626539117,0,-1,-1,29,24,3,1,0
1533864626539117,-1,-1,-1,-17,-2,-2,-1,-5
1533864626548099,4,2,2,12,5,-3,-1,1
1533864626548099,-2,-2,-3,-20,-4,-1,-1,-4
1533864626571031,-3,0,-1,-9,-17,-1,-1,1
1533864626571031,0,-3,0,4,4,0,0,-4
1533864626572029,0,0,-4,1,3,-2,-1,-2
1533864626572029,0,0,-4,-12,1,0,2,-2
1533864626585992,1,1,1,20,9,-2,0,-1
1533864626585992,-1,0,-1,9,9,0,-1,-1
1533864626586990,-3,-2,-3,-24,-4,-2,-3,-1
1533864626586990,0,-2,2,24,-11,1,-2,2
1533864626598957,-2,-1,-4,-17,11,2,1,-3
1533864626598957,-5,-2,-5,-13,-25,-6,-4,0
1533864626607933,-1,-2,1,7,18,4,-1,-1
1533864626607933,2,1,3,-24,-18,-1,1,2
1533864626622893,2,-1,3,44,12,0,-4,-1
1533864626622893,-3,-2,-6,-20,9,0,0,0
1533864626628938,-2,-4,1,-6,-12,-4,-1,-2
1533864626628938,1,3,-1,0,3,-2,-1,-7
1533864626645838,-2,-3,-1,1,-4,-3,-1,-2
1533864626645838,-1,-1,2,-10,-10,-2,-2,0
1533864626646834,-1,3,2,22,9,0,-1,-3
1533864626646834,-5,-3,-3,-32,-21,-3,-2,-1
1533864626667774,-2,-1,-1,-5,1,0,2,-1
1533864626667774,-1,-2,-3,9,-2,-1,-1,0
1533864626669768,-2,-2,-3,-3,3,-1,-4,-3
1533864626669768,1,1,-2,2,-1,0,-1,0
1533864626683731,-3,0,0,9,-14,-8,-3,2
1533864626683731,0,-2,-4,-16,20,1,-1,-1
1533864626684727,2,-1,-2,-13,2,2,0,0
1533864626684727,-5,-6,-5,3,-14,-8,-4,-2
1533864626705675,0,-1,0,4,1,3,1,-1
1533864626705675,2,1,1,30,8,0,-1,-1
1533864626707670,4,3,5,-10,13,7,2,0
1533864626707670,-3,-4,-9,-1,-15,-5,-5,-1
1533864626728621,-7,-5,-4,2,6,0,2,-2
1533864626728621,0,0,3,2,-6,1,1,0
1533864626729610,-3,-5,-3,12,-18,-5,-1,-3
1533864626729610,2,3,6,1,13,2,1,-1
1533864626743734,3,2,0,-18,1,-2,1,4
1533864626743734,-2,1,-1,14,5,-1,3,-1
1533864626744568,-2,-1,-4,-7,-4,-2,-11,-16
1533864626744568,0,0,0,-4,-6,-2,-2,0
1533864626765516,-1,0,-1,8,10,1,-5,2
1533864626765516,-2,-2,-1,-8,-14,-3,1,1
1533864626767507,-1,-2,0,-12,-4,-1,1,7
1533864626767507,-5,-7,-13,-4,4,-2,-4,-5
1533864626788450,-1,-2,-2,-36,-17,0,-3,-3
1533864626788450,0,0,-1,-17,4,1,-2,1
1533864626789449,-2,-2,-4,7,1,-3,-2,0
1533864626789449,2,1,5,7,-10,-1,2,0
1533864626802618,-1,-2,-1,4,4,-2,2,-1
1533864626802618,0,-1,1,-10,7,3,0,-1
1533864626809398,0,1,3,15,-5,-3,0,-1
1533864626809398,-3,-3,-2,-28,2,-3,-2,-5
1533864626825356,-3,-2,-5,21,0,-4,-3,-2
1533864626825356,-3,-1,-2,2,-14,-1,-5,-3
1533864626827346,-2,-1,-2,1,-1,1,1,-1
1533864626827346,3,0,2,10,2,3,3,5
1533864626848294,-1,-1,-3,-5,2,2,0,-2
1533864626848294,0,-1,-1,1,2,-7,-4,-4
1533864626850298,-1,1,0,3,-3,-2,-2,0
1533864626850298,-1,1,1,-2,3,1,5,4
1533864626862262,-7,-4,-2,9,5,-1,-1,-6
1533864626862262,0,-1,-2,8,7,2,0,-1
1533864626869234,-2,-3,-6,-21,-16,-4,0,-1
1533864626869234,0,1,2,2,2,2,-1,0
1533864626886197,2,2,1,3,-9,-3,-4,0
1533864626886197,0,-1,-1,-4,3,1,0,1
1533864626887187,-6,-2,-2,8,-5,-5,-4,-4
1533864626887187,-2,-2,3,33,11,-4,-4,-2
1533864626908130,0,1,4,-7,13,7,3,3
1533864626908130,-5,-6,-12,-27,-24,-9,-5,-5
1533864626910125,0,0,-2,-4,0,-3,-1,2
1533864626910125,1,-1,0,2,0,0,-2,-4
1533864626922093,1,-1,2,14,5,2,1,1
1533864626922093,3,1,4,-4,5,-1,0,0
1533864626929084,1,0,-2,-4,1,-1,1,-1
1533864626929084,-4,0,-1,3,-6,0,0,1
1533864626946038,2,0,-2,-12,-5,-1,-1,-3
1533864626946038,-3,-3,-2,4,-2,-1,0,1
1533864626947029,-1,-3,0,-1,-2,-4,-1,-1
1533864626947029,0,-1,0,-5,1,1,-1,-2
1533864626967973,1,0,-1,-10,-5,-4,-2,-2
1533864626967973,-3,-2,0,7,1,0,-1,0
1533864626969965,-1,-1,-1,0,3,2,-1,-2
1533864626969965,0,1,-1,20,3,-2,-2,-2
1533864626982929,-6,-7,-5,-49,-16,-5,-4,0
1533864626982929,-1,-2,0,-1,-3,-1,-1,0
1533864626988914,-2,-2,-2,15,0,0,-2,-1
1533864626988914,-2,-2,-6,-45,-15,-2,-1,-1
1533864627005872,1,1,-1,14,3,-1,-1,-2
1533864627005872,2,-1,1,8,3,-1,-2,-2
1533864627006883,0,-2,0,-8,-3,0,1,-1
1533864627006883,-1,-1,0,-1,-2,0,0,0
1533864627027866,2,0,-2,9,7,0,0,-2
1533864627027866,-4,-1,-3,-19,-6,0,0,5
1533864627029808,-4,-2,-3,15,-7,-7,-3,-5
1533864627029808,-3,-3,-1,2,6,-1,0,-2
1533864627042770,-3,-2,-1,-4,0,-2,-2,-1
1533864627042770,1,0,3,8,5,1,-4,-5
1533864627049752,-1,-3,-1,-11,1,2,3,2
1533864627049752,-1,-2,-1,0,-2,-1,-1,3
1533864627065917,-2,0,3,26,3,-1,-1,-3
1533864627065917,-3,-4,-8,-64,-11,-3,-1,-3
1533864627067703,0,0,-1,-7,-5,0,0,-2
1533864627067703,-2,0,-2,6,-1,1,-3,-2
1533864627088648,-1,-2,-3,-2,-5,-1,1,0
1533864627088648,2,1,2,24,4,0,0,-2
1533864627089645,2,1,0,-17,-8,-2,-2,-1
1533864627089645,-5,-4,-5,-4,5,-5,-4,-8
1533864627102624,-1,-1,-1,4,-9,3,1,5
1533864627102624,-2,1,0,13,4,0,-1,-6
1533864627109595,-1,0,-2,-9,-5,0,-2,-3
1533864627109595,3,2,1,4,3,1,1,2
1533864627126547,-4,-3,-2,-6,-2,-2,-2,0
1533864627126547,-1,-3,-2,3,0,0,-1,-1
1533864627127545,2,1,0,8,7,-2,-1,1
1533864627127545,0,0,-2,6,-1,-3,-2,-1
1533864627148488,-1,-1,-1,-15,0,-3,-1,0
1533864627148488,-1,-2,0,11,2,-2,-2,0
1533864627149486,-3,-1,2,0,-1,-4,-4,-3
1533864627149486,-1,-3,-2,-4,1,1,2,3
1533864627170432,-1,-1,-2,5,1,-1,-1,-1
1533864627170432,-2,0,2,6,-1,-1,-3,-1
1533864627171426,-1,-1,-2,-3,0,-1,-3,0
1533864627171426,3,-1,3,-3,-1,0,1,-2
1533864627185400,2,0,-3,13,9,-3,-2,-2
1533864627185400,-1,-1,3,17,-4,0,2,2
1533864627185400,0,-1,-4,3,16,0,-1,-6
1533864627185400,-11,-6,-8,1,-10,-6,-4,-4
1533864627207334,0,-2,-3,-39,2,2,0,0
1533864627207334,-1,-1,2,13,-3,-2,-4,-3
1533864627208327,3,1,6,4,4,3,3,4
1533864627208327,6,3,3,7,4,2,1,2
1533864627231301,-3,0,-2,9,-1,-2,-2,-7
1533864627231301,1,0,-2,-5,1,-2,1,2
1533864627231301,-3,-3,-2,-8,-4,1,0,-2
1533864627231301,-1,-1,-4,-3,-3,-1,-3,-3
1533864627245229,-2,-1,-1,0,-7,-4,-2,1
1533864627245229,-1,0,-2,-7,5,0,1,-2
1533864627246227,-3,-2,-2,0,3,-1,0,1
1533864627246227,-1,-1,0,3,0,-3,-2,-2
1533864627267309,2,0,4,-8,-15,0,2,1
1533864627267309,-1,-1,-3,2,-2,-3,-3,-4
1533864627268185,-5,-2,-3,1,-1,-3,0,-3
1533864627268185,-2,0,2,-3,-1,-1,1,-1
1533864627290111,1,-1,-1,-1,0,-3,-2,-2
1533864627290111,-1,-1,-1,-5,1,1,-3,0
1533864627291107,-2,-1,-2,-2,-3,1,-4,0
1533864627291107,0,-2,0,-4,-4,-4,-2,-3
1533864627305081,1,-1,6,14,2,2,1,-1
1533864627305081,-4,-5,-7,10,9,-4,-5,-3
1533864627306066,-1,0,0,-15,-15,-1,-1,-1
1533864627306066,-2,0,-1,-5,-6,-2,-1,-2
1533864627328006,1,1,-1,0,-1,-1,0,1
1533864627328006,-2,-2,-1,0,-4,-2,2,0
1533864627328006,-1,-1,0,4,6,-1,-1,0
1533864627328006,0,-1,0,-1,-1,0,-2,-1
1533864627350949,-2,-2,-1,-4,-4,-3,-3,-3
1533864627350949,0,0,-2,0,3,1,1,0
1533864627350949,1,0,-1,-4,5,3,2,0
1533864627350949,-7,-5,-7,2,-9,-1,-3,-4
1533864627364912,-5,-3,-2,3,3,0,-2,-2
1533864627364912,0,0,-5,-19,-11,-3,-1,-1
1533864627365906,0,0,2,4,-2,-5,-1,0
1533864627365906,2,-1,1,-10,0,1,0,3
1533864627387848,-2,0,0,14,5,-1,-1,-4
1533864627387848,0,0,1,3,4,0,-3,-1
1533864627387848,-2,0,0,-1,-8,0,-1,0
1533864627387848,0,-1,1,16,9,1,-1,-4
1533864627410955,-2,-2,-5,-15,-9,-5,-3,-1
1533864627410955,-3,0,-1,-6,-11,-5,-2,0
1533864627411789,-2,-2,-3,-1,1,-2,1,-4
1533864627411789,-2,0,-2,-2,-2,-2,-2,0
1533864627424750,-1,-2,-3,-2,2,1,0,-1
1533864627424750,0,0,0,-7,0,1,-1,0
1533864627425749,-1,0,1,5,-4,-3,-3,0
1533864627425749,-1,-1,-1,-1,2,2,1,3
1533864627447688,-2,-2,-3,-7,5,-1,1,1
1533864627447688,-3,-2,0,11,0,-4,-1,-1
1533864627448685,-1,-3,-6,-3,0,-3,-1,-2
1533864627448685,-1,-1,-2,-8,-5,-2,1,-1
1533864627470838,2,0,0,-2,1,1,-1,1
1533864627470838,0,0,1,3,-2,-1,-1,-1
1533864627471623,0,-2,-1,1,0,-1,-3,0
1533864627471623,-1,0,-1,-8,0,0,0,-2
1533864627484590,-4,-2,-1,13,0,-3,1,1
1533864627484590,-2,-1,-1,-4,-2,0,1,-1
1533864627485592,-1,-2,0,-2,1,0,-2,-4
1533864627485592,0,1,0,2,-2,-1,-3,1
1533864627507732,0,-1,-2,0,-1,-4,-3,-4
1533864627507732,0,0,0,-3,3,1,-2,1
1533864627508525,1,2,-3,-9,-5,-1,-1,0
1533864627508525,0,-2,1,28,8,-2,-4,-2
1533864627530466,-7,-3,-6,-45,-33,-6,-4,-4
1533864627530466,-2,-1,1,-3,6,3,2,-2
1533864627531472,-5,-4,-4,-1,-4,-2,-3,1
1533864627531472,2,2,0,-4,4,0,-1,-4
1533864627545442,-1,0,1,18,6,1,1,-1
1533864627545442,-1,-1,-2,-19,-8,-4,2,-1
1533864627545442,1,2,1,-6,0,-3,-3,-3
1533864627545442,-1,-2,-4,10,3,-2,-1,0
1533864627567553,0,-1,-2,1,0,0,-2,-2
1533864627567553,-1,-2,-2,-8,-11,0,-3,-1
1533864627568393,-1,-4,0,4,2,2,-1,1
1533864627568393,-2,-1,-2,-18,-5,-3,-3,0
1533864627590309,3,0,2,12,6,2,0,0
1533864627590309,-1,0,0,18,5,-1,-1,1
1533864627591303,-3,-3,-5,-36,-7,-7,-2,-3
1533864627591303,-4,-5,1,-4,-4,1,0,-2
1533864627605270,-1,-1,-1,-2,-2,-3,-1,0
1533864627605270,-1,-3,-3,7,1,0,-4,-3
1533864627605270,1,0,-1,11,2,-1,-1,-2
1533864627605270,-2,-2,-1,-3,5,0,-1,0
1533864627627342,-2,-3,-2,-12,-12,-6,-1,1
1533864627627342,2,0,0,3,-1,0,-4,-2
1533864627628205,-5,-3,-5,-3,-13,-2,-1,-2
1533864627628205,1,0,-3,-6,-3,-1,-2,-3
1533864627650287,0,1,0,6,6,0,0,-2
1533864627650287,-3,-2,-2,-4,-3,-2,-3,-3
1533864627651146,0,-1,1,4,0,-1,0,1
1533864627651146,-2,1,1,0,-2,2,0,1
1533864627665105,2,2,2,8,8,2,-1,1
1533864627665105,-7,-5,-4,1,1,-1,1,0
1533864627666110,-2,-1,-3,-15,-3,-1,-2,-1
1533864627666110,-4,-4,-3,6,-2,-6,-1,-2
1533864627687051,1,0,3,0,0,3,-2,-2
1533864627687051,3,0,0,11,2,-2,-2,-2
1533864627688044,0,-1,2,8,4,-1,-2,-1
1533864627688044,4,0,-1,-14,-1,0,-2,1
1533864627711162,-2,0,-3,5,0,-2,-3,-3
1533864627711162,-1,-1,0,-6,3,3,2,0
1533864627711162,-2,-2,-1,2,0,-1,1,-1
1533864627711162,0,-1,-1,-3,-4,-1,1,-1
1533864627724945,-2,-2,-2,2,2,-4,-1,1
1533864627724945,0,0,-3,-12,-8,-2,-2,-1
1533864627725966,-2,0,0,17,6,-1,-3,-3
1533864627725966,0,0,-1,-16,-20,-3,-1,0
1533864627747900,-2,-3,-1,0,4,-1,-4,-2
1533864627747900,-1,0,0,-10,-2,-1,-2,0
1533864627747900,0,-1,1,7,-1,0,-1,1
1533864627747900,2,1,-1,4,6,0,0,-3
1533864627771001,-3,-1,-4,-6,-3,-1,-2,-2
1533864627771001,1,-2,-1,8,1,-2,2,2
1533864627771822,0,-2,0,6,9,3,-2,-2
1533864627771822,-6,-5,-10,-10,-30,-9,-2,-2
1533864627784949,-2,-2,-3,-15,-5,-4,-3,0
1533864627784949,2,1,2,-1,3,-3,-3,-3
1533864627785783,2,1,0,8,5,0,2,-1
1533864627785783,1,-2,2,7,9,-2,-1,0
1533864627807730,-1,0,0,1,-1,2,-1,-2
1533864627807730,-3,0,-2,2,-3,1,-2,-1
1533864627808722,0,0,-2,-7,0,-3,-2,-1
1533864627808722,1,0,0,-11,1,2,0,-1
1533864627830697,2,0,2,21,10,3,1,0
1533864627830697,-8,-5,-6,-18,-20,-4,-2,-1
1533864627831662,-1,-1,-4,-13,-5,1,-1,-1
1533864627831662,-3,1,1,2,5,2,-3,-1
1533864627844626,1,-1,-1,-6,-4,-2,-1,0
1533864627844626,1,0,2,5,9,1,-3,-2
1533864627845624,-2,-2,-2,0,-8,-3,1,0
1533864627845624,1,1,-1,-1,0,1,1,0
1533864627867565,-1,-1,2,2,7,0,-2,-4
1533864627867565,-2,-3,-4,0,-3,-1,-2,1
1533864627868564,-3,-2,0,6,-6,-3,-3,0
1533864627868564,-1,-1,-3,-11,3,0,-1,-1
1533864627890504,-3,-1,-3,-2,-3,-3,-2,-1
1533864627890504,0,0,-1,-2,1,-1,0,-2
1533864627890504,0,2,5,-7,-4,-1,-1,2
1533864627890504,-1,-1,-1,24,12,-1,0,-2
1533864627905463,-3,-1,0,-10,-7,-1,1,-3
1533864627905463,-5,-1,-3,2,-13,-5,-3,-3
1533864627905463,-5,-5,-4,-11,-9,-1,0,-4
1533864627905463,-1,-2,-2,-13,-4,-2,-2,1
1533864627927612,1,-2,-3,7,5,-3,0,0
1533864627927612,5,1,5,0,6,5,2,0
1533864627928403,-5,-7,-16,-33,-4,-8,-4,-4
1533864627928403,-3,-2,0,20,11,5,-1,-1
1533864627950395,0,0,1,13,-5,-1,0,-2
1533864627950395,2,1,0,-18,1,-3,-1,-1
1533864627957530,-3,-5,-7,8,-5,-3,-2,-3
1533864627957530,1,-1,1,-12,-3,3,1,0
1533864627965303,0,0,-1,8,3,0,0,1
1533864627965303,0,1,2,12,-1,-1,-2,-1
1533864627965303,4,1,4,4,9,6,3,-1
1533864627965303,-6,-5,-5,-2,-1,-5,-1,-2
1533864627987441,-4,-2,-1,3,-1,1,1,-1
1533864627987441,-1,-1,-2,-6,0,-2,-1,0
1533864627988242,0,1,0,7,4,1,-1,-1
1533864627988242,-1,0,0,-1,-10,-2,-3,-2
1533864628010182,1,-1,1,-2,5,-1,0,0
1533864628010182,0,1,0,1,0,0,-1,0
1533864628011179,-2,0,2,24,16,5,-1,-1
1533864628011179,-1,0,0,13,6,-4,-1,2
1533864628025349,-6,-2,0,-20,-26,-6,-2,-1
1533864628025349,-3,-5,-12,-43,-7,-2,-1,-3
1533864628026142,-5,-1,1,25,-1,-6,-4,-2
1533864628026142,1,-1,1,13,17,4,1,0
1533864628047088,-1,0,-2,4,-13,-1,-1,0
1533864628047088,5,1,5,10,37,6,1,3
1533864628048097,-1,-2,-3,-31,-34,-1,-2,-1
1533864628048097,-5,-3,0,-11,-16,-4,-2,-2
1533864628070028,0,-1,-3,-3,15,1,-2,-4
1533864628070028,-4,1,-2,14,-10,-2,0,0
1533864628071058,2,3,1,14,13,-1,2,0
1533864628071058,3,0,4,-13,3,0,2,1
1533864628084986,-2,-3,1,-25,-13,-1,1,-1
1533864628084986,-4,-4,-4,17,10,-2,-7,-13
1533864628085980,-3,-5,-8,2,4,-2,-3,-1
1533864628085980,-2,4,-4,-24,-34,-1,-2,-1
1533864628106924,0,-1,-2,59,48,-1,-1,2
1533864628106924,-8,-5,-8,-42,-64,-8,-1,3
1533864628107922,-1,-3,-1,-31,-17,-2,-1,-2
1533864628107922,0,-2,4,11,3,1,2,0
1533864628129863,6,-1,1,-4,15,5,3,21
1533864628129863,-6,-4,-5,-3,-7,-5,2,-10
1533864628130860,0,1,9,1,-3,0,-11,7
1533864628130860,-5,-1,-8,4,1,-6,-7,-12
1533864628144822,1,0,-1,-14,-3,0,4,4
1533864628144822,2,0,4,10,13,3,-4,-5
1533864628145821,1,-2,-2,8,-4,-4,2,4
1533864628145821,0,0,1,6,4,0,4,7
1533864628167777,-2,-2,-1,-10,-7,-2,-8,-14
1533864628167777,0,0,-6,-13,-9,-1,0,5
1533864628167777,-2,2,1,-1,4,1,3,-6
1533864628167777,0,-4,-2,3,8,-2,-5,-1
1533864628189731,1,-2,-1,10,-6,2,7,3
1533864628189731,-3,-4,-2,-22,-5,-3,-10,-11
1533864628190703,-1,-1,-2,-16,-1,-3,-1,-4
1533864628190703,2,2,0,8,2,-1,0,-2
1533864628204667,-4,-2,-3,-26,-15,-4,-1,-4
1533864628204667,5,3,6,23,14,1,3,5
1533864628212642,-5,-3,-5,-32,-22,-7,-4,-2
1533864628212642,-1,-1,0,-24,-2,-2,-2,-4
1533864628235583,-5,-4,-8,13,-5,-2,-4,-5
1533864628235583,2,3,4,26,14,3,0,2
1533864628236577,0,1,3,13,6,3,1,-1
1533864628236577,1,-1,-2,-4,-2,1,1,-2
1533864628249543,1,3,-2,-20,-3,2,-2,-1
1533864628249543,-3,-2,2,24,-3,-6,1,4
1533864628250546,0,-3,0,-7,2,-1,1,-2
1533864628250546,-1,-3,-3,1,-5,-2,0,-2
1533864628264506,-1,-3,-4,-4,1,-2,-5,-1
1533864628264506,0,0,-2,4,2,-1,1,2
1533864628272481,-1,0,-2,1,6,2,0,-2
1533864628272481,-4,-1,-1,10,2,-1,-4,-1
1533864628287648,-4,-2,-1,-16,-8,0,-3,-5
1533864628287648,-1,1,2,11,5,1,1,2
1533864628288466,1,0,2,6,1,3,1,-1
1533864628288466,-1,2,-2,-1,0,-5,-2,-1
1533864628310577,-5,-3,-4,8,-9,-8,-3,-5
1533864628310577,0,-3,-2,5,13,5,0,-3
1533864628310577,-3,-9,-7,-34,-4,-3,-1,-2
1533864628310577,0,0,2,-9,-3,5,2,2
1533864628324346,-1,0,-3,2,3,-4,-2,-3
1533864628324346,-2,-3,-2,4,-17,-5,-2,0
1533864628332325,1,5,3,25,0,2,1,1
1533864628332325,-4,-7,-7,-14,5,-2,-4,-2
1533864628347282,2,4,5,-19,-5,-1,-1,-2
1533864628347282,-3,-3,-3,4,17,2,1,-1
1533864628348279,-6,-6,-6,18,-18,-4,-4,-1
1533864628348279,5,4,2,-1,-5,0,-2,0
1533864628370219,-4,-1,-3,-7,-3,-4,-2,-2
1533864628370219,1,0,-2,-11,0,-2,-1,-1
1533864628370219,2,1,-2,5,10,1,-1,-2
1533864628370219,-3,-3,0,4,-3,-2,-1,0
1533864628384184,0,-3,-1,1,-2,0,-1,-2
1533864628384184,-1,-1,0,-1,-2,-3,-3,1
1533864628393161,-1,0,0,8,7,-1,-1,-1
1533864628393161,0,-4,-3,-6,-8,-1,-2,-1
1533864628408118,1,1,2,16,2,3,2,0
1533864628408118,-2,-1,-2,-18,-9,-4,-2,-5
1533864628408118,2,1,-1,-25,14,-2,-1,-2
1533864628408118,-6,-3,-4,5,-17,-5,-1,-1
1533864628438217,0,-1,0,-16,-5,0,-1,1
1533864628438217,-1,0,-2,14,-1,0,-2,1
1533864628439037,1,1,2,17,24,3,-2,-1
1533864628439037,-3,-4,-1,-16,-7,0,1,2
1533864628444237,-6,-3,-2,9,-16,-7,-5,-4
1533864628444237,0,1,1,-8,-8,-3,0,2
1533864628452999,-3,-1,-2,-21,2,-2,-2,-4
1533864628452999,3,1,4,-11,7,5,1,1
1533864628467965,-9,-7,-7,2,-14,-7,-4,-2
1533864628467965,-3,-4,-5,-17,-10,0,1,6
1533864628467965,0,0,2,8,-8,0,-2,-11
1533864628467965,-1,-1,-3,24,1,1,-2,-1
1533864628489900,2,1,1,-18,13,2,0,-2
1533864628489900,-2,-2,7,14,-8,-1,0,0
1533864628490897,-4,-6,-9,-18,-18,-5,-2,2
1533864628490897,-1,-1,-2,5,2,-2,-3,-1
1533864628512847,3,1,0,2,20,3,2,1
1533864628512847,0,-1,-1,14,18,0,-2,-5
1533864628513837,-2,1,-1,0,-30,-2,1,2
1533864628513837,-4,-4,0,-32,0,-3,-2,-4
1533864628527883,1,-1,0,19,10,0,-2,4
1533864628527883,-2,-2,-7,-11,-23,-4,-3,-5
1533864628527883,2,3,6,12,12,2,3,1
1533864628527883,0,1,3,-17,4,-2,2,0
1533864628549754,-2,-4,-2,-16,-11,-1,-2,-3
1533864628549754,1,1,-2,-20,-4,3,1,2
1533864628550739,1,1,-1,-15,-10,-5,-2,-1
1533864628550739,-7,-4,-11,-25,-3,-7,-4,-4
1533864628572678,0,-1,6,14,11,3,2,1
1533864628572678,-1,-2,4,15,13,0,1,0
1533864628573677,-1,-3,-1,38,26,1,2,13
1533864628573677,-2,1,-1,-8,-36,-5,-5,-13
1533864628587638,4,3,2,3,28,5,0,-1
1533864628587638,2,1,-3,-7,-33,-4,-2,-7
1533864628588636,0,-1,3,-20,1,-1,1,5
1533864628588636,3,-2,-1,21,14,1,-1,2
1533864628609786,-5,-1,-5,13,-10,-4,-2,-3
1533864628609786,0,-1,1,-18,13,4,6,11
1533864628610577,-3,-4,0,20,-2,-2,-8,-20
1533864628610577,0,1,-4,2,-3,-3,-2,1
1533864628633519,2,0,-1,-12,-11,-1,-1,-1
1533864628633519,-2,-2,-1,1,11,-3,-1,-1
1533864628633519,0,0,-2,-7,-13,-4,0,1
1533864628633519,-1,1,-2,15,10,1,2,0
1533864628647482,-3,-4,-4,-1,-9,-2,-3,-3
1533864628647482,-2,-1,3,1,2,0,-3,-2
1533864628648483,0,1,0,-2,0,1,3,3
1533864628648483,-1,0,-2,-4,-1,1,-4,-5
1533864628669422,0,1,-1,10,0,-1,-1,-1
1533864628669422,-3,0,-4,-11,-11,-6,-3,-4
1533864628670418,-3,-2,2,-8,1,-2,-4,-4
1533864628670418,-3,-5,-1,8,6,1,5,5
1533864628693355,0,-1,2,8,4,0,3,0
1533864628693355,-4,-3,-1,4,-12,-3,-3,-5
1533864628694352,-1,-5,-7,-25,0,-4,-4,-1
1533864628694352,2,1,2,7,0,-1,-1,1
1533864628707317,-3,0,-2,-11,-10,-2,-3,-2
1533864628707317,1,5,5,7,9,0,0,-2
1533864628708316,-1,1,2,7,2,2,0,0
1533864628708316,-2,-3,-4,-1,3,-3,-2,0
1533864628730276,-1,-2,0,-9,-8,0,0,2
1533864628730276,-1,-2,-5,0,7,-1,-3,-2
1533864628731254,-2,-1,1,17,-8,-2,0,-1
1533864628731254,5,3,2,-29,3,5,1,0
1533864628753196,-5,-6,-6,28,8,-1,-3,-3
1533864628753196,5,1,0,-6,0,0,0,0
1533864628754193,-8,-6,-7,9,-7,-6,-3,-2
1533864628754193,-4,-1,1,19,-15,-1,0,-4
1533864628767162,-1,-3,-6,-52,-20,-4,1,-1
1533864628767162,-3,-3,-1,29,15,1,-2,-3
1533864628768156,7,5,1,-31,2,6,2,0
1533864628768156,-10,-9,-11,39,-3,-13,-6,-5
1533864628790107,0,2,2,-7,-7,0,-1,-1
1533864628790107,-1,-1,-3,-6,1,-1,-2,-2
1533864628791106,2,1,3,15,5,4,3,2
1533864628791106,3,0,3,-17,-1,1,0,0
1533864628813039,-2,-2,-1,12,3,-1,0,0
1533864628813039,-1,1,-2,-24,2,-2,-1,0
1533864628814040,-3,-1,-5,2,-13,-2,-3,-2
1533864628814040,1,3,1,-2,3,2,-2,0
1533864628827017,0,1,4,-6,-3,-2,-3,-2
1533864628827017,2,-3,1,2,12,2,-1,-3
1533864628827997,-3,-4,-3,-7,-6,-3,-1,0
1533864628827997,-1,-1,-2,-3,2,-4,-1,-1
1533864628849959,-1,3,-1,13,0,-1,-3,-3
1533864628849959,-2,1,-2,5,3,3,2,2
1533864628850963,-4,-4,-1,29,8,-3,-1,-2
1533864628850963,0,-1,-2,-47,-18,0,0,1
1533864628872891,2,0,-1,5,-2,-2,1,0
1533864628872891,0,-2,-2,-15,-10,-3,-2,-4
1533864628873880,0,0,1,12,17,2,0,-1
1533864628873880,2,3,-1,-11,-21,-3,0,-1
1533864628888031,-6,-3,-2,13,7,2,0,-1
1533864628888031,-4,-3,-7,-35,-23,-5,-2,-2
1533864628888031,4,3,4,14,9,0,0,-1
1533864628888031,1,-1,2,-23,-4,-2,1,3
1533864628909980,-3,-3,-5,-12,10,-3,-4,-4
1533864628909980,-6,-6,-7,16,-10,-4,-4,0
1533864628910774,-1,0,3,4,-4,0,5,3
1533864628910774,-2,-3,-3,8,5,-1,-8,-13
1533864628932728,4,3,4,5,4,1,2,0
1533864628932728,0,-1,0,11,18,0,-1,-1
1533864628933715,5,0,-5,-55,-15,-1,1,-1
1533864628933715,-4,-3,-4,26,-4,-2,-2,0
1533864628947681,-2,3,3,12,-4,-1,-1,1
1533864628947681,2,3,6,-7,-2,-2,0,-6
1533864628948674,-1,-3,-3,16,8,3,-3,-1
1533864628948674,7,3,4,25,36,7,4,6
1533864628970615,-11,-10,-14,-32,-53,-13,-7,-5
1533864628970615,4,2,5,28,19,4,4,3
1533864628971612,-8,-3,-6,-6,-23,-5,-2,-1
1533864628971612,1,0,4,11,14,2,1,1
1533864628993553,0,-3,-2,5,-8,-4,-4,-2
1533864628993553,-2,-2,-1,16,-1,-2,-2,-2
1533864628994550,-1,0,2,2,15,0,-2,-3
1533864628994550,-4,-3,-5,6,-23,-8,-4,-2
1533864629007556,-1,-2,2,-14,10,4,4,0
1533864629007556,-1,-1,-5,-18,-15,-2,-2,-1
1533864629008512,1,1,3,25,26,3,-1,-1
1533864629008512,-2,-3,-3,-61,-49,-6,-2,-2
1533864629030455,-2,-1,-6,13,10,-3,-5,-5
1533864629030455,-2,2,-2,-3,-2,0,-3,-1
1533864629030455,0,1,0,5,-3,-3,0,0
1533864629030455,-3,-1,-2,-1,22,2,-1,0
1533864629053603,5,2,2,5,8,3,2,5
1533864629053603,-5,-5,-5,-28,-22,-4,-3,-2
1533864629054420,2,-1,1,-15,-6,-3,0,-2
1533864629054420,-4,-4,-6,41,2,0,2,0
1533864629068352,2,2,-2,-28,-10,2,1,-1
1533864629068352,-4,-3,-3,16,-1,-4,0,1
1533864629068352,-3,-6,2,-11,-5,-1,0,0
1533864629068352,-2,-1,0,-10,6,0,-2,-3
1533864629090294,4,4,6,13,15,1,2,0
1533864629090294,0,-3,0,8,9,1,0,0
1533864629090294,-1,-2,-5,-19,-12,-3,-2,-1
1533864629090294,-1,0,4,18,12,0,1,0
1533864629113433,-2,-1,-3,11,4,0,0,-1
1533864629113433,0,-1,-3,-23,-15,1,-2,0
1533864629114269,-3,-5,-6,-13,-5,-3,-3,-3
1533864629114269,1,-1,2,17,15,1,1,1
1533864629127429,0,-1,1,-3,-9,-2,1,-1
1533864629127429,0,-4,-4,-15,-30,-6,-4,-3
1533864629128206,-1,-1,-2,6,1,0,-1,-1
1533864629128206,0,-2,-3,6,2,-1,-2,0
1533864629150134,-2,-2,1,-10,-2,-3,-2,-1
1533864629150134,1,1,1,19,16,1,2,-1
1533864629151132,2,3,2,13,1,3,1,-1
1533864629151132,-8,-4,-12,-53,-21,-8,-5,-5
1533864629173288,2,1,-2,-18,14,1,-1,0
1533864629173288,-8,-4,-5,-2,-9,-3,-1,0
1533864629174070,-3,-1,-1,8,-5,-1,-2,1
1533864629174070,1,1,5,6,1,1,-1,-2
1533864629187209,2,-1,3,11,22,6,0,-1
1533864629187209,1,1,3,-26,-20,-2,-1,0
1533864629195016,-3,-3,-6,-12,-23,-8,-4,-4
1533864629195016,-2,-1,-2,22,3,-4,-3,1
1533864629210109,-6,-5,-4,3,-3,-1,-1,-1
1533864629210109,-1,-3,-5,7,13,-2,-1,-2
1533864629210971,1,-2,3,5,6,1,1,0
1533864629210971,0,0,-2,-3,-7,-2,0,0
1533864629232918,1,1,-1,0,-10,-1,0,-1
1533864629232918,1,1,2,2,11,5,4,0
1533864629233921,-3,-3,-5,6,-1,-3,-3,-1
1533864629233921,-1,-1,0,4,8,0,0,2
1533864629246879,-3,-2,-2,4,-5,-2,-2,-2
1533864629246879,-2,-3,0,-26,-1,0,-1,-2
1533864629254857,0,3,-1,2,2,-2,0,-1
1533864629254857,0,-2,0,-7,-3,0,1,-1
1533864629269817,-2,-2,-5,-8,-7,-3,-2,-2
1533864629269817,1,0,-1,7,0,-4,-2,-2
1533864629270811,-2,0,1,-3,1,0,-1,-2
1533864629270811,0,2,-1,-2,7,-1,-1,-2
1533864629292756,-1,-1,1,-2,-8,-3,0,0
1533864629292756,-3,-1,-2,12,6,1,-2,-1
1533864629293753,0,-1,-3,-11,0,1,-2,-1
1533864629293753,1,-2,3,10,6,1,0,0
1533864629306722,-1,-4,-4,-3,-6,-2,-1,-1
1533864629306722,-1,-1,0,4,0,-2,0,0
1533864629314698,-2,0,-3,-3,2,-1,0,-2
1533864629314698,-1,0,-2,-8,-5,-1,0,-3
1533864629329654,-2,0,-2,-3,-4,-4,-2,-3
1533864629329654,2,-1,0,-2,6,1,1,1
1533864629330651,-1,-3,-1,25,3,-2,-3,-2
1533864629330651,-1,-2,-3,-30,-17,-1,-1,-2
1533864629353590,-5,-2,-5,-17,-4,-3,-1,1
1533864629353590,-3,-2,2,6,9,-2,-1,-4
1533864629353590,4,3,4,20,1,3,0,0
1533864629353590,-2,-3,-7,-52,-1,-1,0,0
1533864629366558,-1,-3,-3,2,-8,-3,-2,0
1533864629366558,-1,-3,-4,0,-6,-2,-2,-5
1533864629375532,0,-2,-1,-9,-1,-3,1,0
1533864629375532,2,3,4,19,-2,3,-1,-2
1533864629390491,0,-1,0,9,4,1,-1,-2
1533864629390491,-1,0,-1,-7,2,-3,-1,1
1533864629390491,-2,-3,0,-11,1,1,-3,-1
1533864629390491,-1,0,2,11,-1,0,0,0
1533864629413433,1,-1,-1,-20,0,-1,1,0
1533864629413433,-4,-3,-5,21,-2,-4,-1,-3
1533864629414428,1,-1,-3,-12,-1,-1,1,-2
1533864629414428,-3,-2,-5,-13,-9,-5,-4,-1
1533864629435375,-2,-2,1,12,5,2,-2,-1
1533864629435375,2,0,1,2,2,2,-1,0
1533864629436368,-2,-3,-2,-18,-9,-3,-1,-2
1533864629436368,0,-1,1,26,5,1,0,0
1533864629450335,1,0,-2,-6,-6,-2,-2,-1
1533864629450335,-1,-1,-1,-7,-3,0,-2,-5
1533864629450335,-2,-1,-2,-4,-5,-2,-1,-2
1533864629450335,1,1,3,7,4,2,-2,-1
1533864629473273,-2,-1,1,19,7,0,-1,-2
1533864629473273,-3,-2,-3,-26,-5,-4,-3,1
1533864629474267,-2,-1,-1,2,-6,-2,-2,0
1533864629474267,-1,-2,2,2,-2,-2,0,-4
1533864629487236,-2,-1,1,11,10,3,-1,1
1533864629487236,3,3,6,7,-17,-1,0,0
1533864629495211,-5,-5,-11,-61,-31,-6,-2,-1
1533864629495211,-2,-2,-6,31,13,-2,-5,-2
1533864629510314,-2,-2,-2,5,-2,1,1,-1
1533864629510314,0,2,3,14,10,1,3,0
1533864629511170,0,2,2,11,5,1,0,-1
1533864629511170,0,0,-2,-10,-5,-2,1,0
1533864629533111,-1,-1,1,-2,6,2,0,1
1533864629533111,-1,-1,-2,-10,1,-4,-2,0
1533864629534116,-1,-4,-5,7,-9,-2,-1,-4
1533864629534116,-2,-1,-2,1,3,-2,0,0
1533864629556254,-1,-2,-4,-3,-2,-2,-2,-1
1533864629556254,-1,-2,0,-1,8,2,1,-1
1533864629556254,0,0,3,8,6,3,-3,-1
1533864629556254,-1,-2,-5,-2,-3,-2,-1,0
1533864629570019,0,2,0,-8,-4,-2,-1,-2
1533864629570019,1,-1,-5,-2,-4,-1,-1,-1
1533864629571009,-1,2,3,11,17,-1,1,-2
1533864629571009,-1,-3,0,19,-8,1,1,-1
1533864629592949,-4,-3,-9,-73,-14,-6,-2,-1
1533864629592949,-5,-4,-6,-8,-10,-1,-2,-2
1533864629593947,0,-3,0,8,3,0,1,0
1533864629593947,-1,1,4,2,4,0,0,0
1533864629614894,5,2,3,17,0,-1,0,-2
1533864629614894,-1,-1,-3,3,1,-3,0,1
1533864629622918,-1,-3,-2,-5,1,0,1,-1
1533864629622918,-2,-2,-1,-7,-2,-1,-1,4
1533864629629851,1,-1,-1,5,-3,-5,-1,2
1533864629629851,-3,-2,-2,-1,1,-3,-1,-4
1533864629630849,-1,2,3,7,0,-2,-3,-1
1533864629630849,-4,-2,-4,-19,-7,-3,-3,-1
1533864629652818,2,-2,1,4,-4,-2,-2,-1
1533864629652818,0,-3,-1,4,3,2,0,2
1533864629653787,3,1,1,-8,6,0,0,0
1533864629653787,0,-1,-4,14,-2,-4,0,0
1533864629675762,-5,-3,-4,9,1,-4,-2,-2
1533864629675762,-3,-1,0,19,1,-1,0,-2
1533864629676726,-1,-2,-2,-6,-15,-3,-1,-1
1533864629676726,-2,0,-5,-45,-1,-3,-4,-1
1533864629689732,2,1,5,5,2,1,-2,-1
1533864629689732,0,-1,1,5,11,4,-2,1
1533864629690728,-1,-1,0,-12,-5,-2,1,0
1533864629690728,2,1,1,33,-3,2,3,0
1533864629713626,-5,-3,-6,4,-4,-3,-2,-3
1533864629713626,0,0,1,8,8,2,1,1
1533864629713626,-2,0,0,-9,-3,1,-4,-1
1533864629713626,0,-1,-1,-5,-1,-1,-1,-2
1533864629735755,0,2,-2,4,1,0,1,-1
1533864629735755,3,3,7,27,13,-1,0,-1
1533864629736571,-8,-9,-15,-70,-52,-14,-6,-7
1533864629736571,-3,-2,0,5,5,0,-1,0
1533864629750660,-3,-1,0,-8,-2,1,-3,-1
1533864629750660,2,1,-1,-2,2,-1,-1,0
1533864629750660,3,1,-1,18,15,4,0,-1
1533864629750660,0,0,4,1,2,-2,0,-2
1533864629773747,1,0,0,-5,-5,-5,-2,0
1533864629773747,-1,-2,-3,-14,-8,2,-1,1
1533864629773747,-4,-3,-2,21,5,-1,-1,1
1533864629773747,-3,-2,-2,-10,-6,0,-2,-3
1533864629795686,1,-3,1,14,7,2,3,-1
1533864629795686,-2,-1,-1,-16,-12,-5,-3,-4
1533864629796684,1,0,0,10,7,-2,1,2
1533864629796684,2,0,-2,1,5,1,0,3
1533864629809651,-2,0,-1,-8,-4,0,-2,4
1533864629809651,-4,-3,-5,-8,-5,-2,-1,-17
1533864629810646,2,1,1,7,7,0,2,6
1533864629810646,-5,-5,-2,-2,-1,-4,-7,-9
1533864629833587,-1,-1,-3,-2,-3,1,3,7
1533864629833587,-3,-2,-5,-7,-9,-2,-3,-6
1533864629833587,0,-1,-1,13,9,-1,-3,-4
1533864629833587,0,0,1,-5,-2,-3,3,-1
1533864629855525,-4,-2,0,-4,-3,-3,-2,-4
1533864629855525,-1,-2,-1,-2,-3,-2,-1,3
1533864629856523,-3,0,-1,2,1,1,0,-1
1533864629856523,-1,-3,-2,2,0,-1,-2,1
1533864629869505,-1,-1,0,-12,-4,1,-2,-6
1533864629869505,0,-1,-3,6,2,-5,-1,3
1533864629878464,1,0,0,7,10,1,2,0
1533864629878464,-5,-2,-4,5,-7,-4,-4,-2
1533864629893427,-1,1,1,27,5,-1,-1,-3
1533864629893427,-2,-3,-8,-33,-14,-3,-2,3
1533864629894421,-3,1,1,0,1,-1,-3,-7
1533864629894421,0,-1,2,-3,4,3,1,0
1533864629915366,2,-3,-6,-2,-4,-2,0,-3
1533864629915366,0,0,5,22,6,-1,-1,0
1533864629917370,-4,2,-4,-19,-1,-2,-2,-2
1533864629917370,-3,2,3,4,-13,-1,-1,-3
1533864629929346,1,-2,4,-11,-9,4,1,1
1533864629929346,-5,-6,-10,-20,-3,-5,-5,-1
1533864629938304,-1,-2,0,-1,0,1,0,-1
1533864629938304,3,5,4,6,12,6,2,0
1533864629953468,-1,-1,-5,7,0,-3,-3,0
1533864629953468,-3,-3,-3,16,-5,-5,-5,0
1533864629955261,-1,-1,0,5,3,-1,0,0
1533864629955261,0,1,-2,8,4,-1,-1,-1
1533864629976289,2,1,2,20,13,1,0,-2
1533864629976289,-1,2,0,-14,-4,1,0,-1
1533864629977200,-4,-5,-3,0,-7,-4,-2,-1
1533864629977200,1,-3,2,6,1,0,-1,-1
1533864629989170,1,-2,0,-13,-2,-1,-2,-3
1533864629989170,6,1,5,1,16,4,3,1
1533864629998153,-7,-5,-7,5,-30,-9,-5,-1
1533864629998153,-2,-2,0,-32,-22,-2,-2,-3
1533864630013109,-3,0,-6,-25,-7,-2,-3,0
1533864630013109,-3,-3,-2,15,0,-1,-1,0
1533864630015098,7,4,7,7,19,9,2,1
1533864630015098,-2,-4,-7,14,0,-5,-1,-1
1533864630036042,-2,-3,-3,-64,-15,-2,-3,-2
1533864630036042,1,1,0,3,13,0,-1,4
1533864630037049,-3,-5,-4,-4,-10,-5,-4,-1
1533864630037049,-3,-3,-9,-21,-26,-3,-2,1
1533864630049010,0,2,4,48,20,2,2,0
1533864630049010,1,2,5,-7,8,1,0,-2
1533864630058150,3,3,2,-43,-7,2,-1,1
1533864630058150,-6,-3,-8,-44,-33,-10,-4,-3
1533864630072946,-4,-3,-5,14,20,8,-1,-5
1533864630072946,-4,-2,-3,10,-11,-4,-1,-1
1533864630074939,2,2,3,27,22,5,1,0
1533864630074939,1,-1,2,4,-7,0,0,-3
1533864630095884,-1,0,-2,-3,-7,-4,-4,0
1533864630095884,-1,2,1,-2,-3,3,1,0
1533864630097880,0,-1,-2,-4,3,1,-1,0
1533864630097880,0,-5,-2,10,13,0,-3,1
1533864630108852,-3,-4,-4,-1,-8,-3,0,0
1533864630108852,0,-1,-1,-6,-1,-1,-1,-4
1533864630117829,-2,-3,-3,3,-5,-5,0,-1
1533864630117829,2,1,1,5,12,1,1,5
1533864630132784,-3,0,2,7,1,-2,-4,-1
1533864630132784,-1,-1,-3,-11,-10,-2,-2,-11
1533864630134780,0,-1,-3,1,-2,-3,5,8
1533864630134780,-1,2,1,11,12,-1,-1,-10
1533864630155723,1,0,0,-7,-5,-5,-3,20
1533864630155723,-7,-1,0,-5,-7,-2,-8,-21
1533864630157718,-1,-1,-2,4,-2,-2,0,-1
1533864630157718,1,1,-1,3,11,2,5,5
1533864630169685,0,-3,-4,0,-6,-1,-2,15
1533864630169685,-1,-3,2,-1,-7,-4,-2,-7
1533864630178661,-3,-1,1,6,5,0,-10,-10
1533864630178661,0,-1,-2,1,3,-1,-1,2
1533864630193625,0,1,0,-1,-2,-1,7,3
1533864630193625,0,0,4,-4,-5,0,1,8
1533864630194626,-2,-2,-4,-1,-2,-1,-4,-17
1533864630194626,-1,-4,2,2,3,1,1,4
1533864630215564,-1,-3,-8,-3,-2,-1,-3,-10
1533864630215564,-1,-2,-1,3,1,-2,0,0
1533864630217559,-1,5,5,-9,-6,-1,2,4
1533864630217559,0,4,5,-4,3,2,-4,0
1533864630229556,-6,-9,-11,12,-2,-3,-5,-13
1533864630229556,0,0,-5,-27,-3,0,3,8
1533864630238501,-2,-10,-8,-16,4,0,-3,-6
1533864630238501,0,1,1,-4,-16,-1,-1,-2
1533864630253478,-5,-4,-2,-36,-11,-6,-7,-9
1533864630253478,1,1,1,40,14,2,3,5
1533864630254459,-1,-1,0,-22,-22,-3,-1,4
1533864630254459,3,1,1,-17,-1,3,5,-2
1533864630275406,0,2,2,5,1,1,-5,-5
1533864630275406,3,0,1,28,27,3,2,3
1533864630277397,-2,-1,0,-24,-27,-5,-1,0
1533864630277397,-9,-11,-15,27,2,-8,-9,-9
1533864630289366,6,3,5,11,18,5,5,7
1533864630289366,-8,-6,-5,-4,-25,-8,-7,-12
1533864630298349,8,3,8,11,34,8,0,1
1533864630298349,-6,-4,-5,-7,6,-3,-2,1
1533864630313305,-8,-4,-4,-3,-39,-7,-4,-4
1533864630313305,2,-2,-2,-10,8,2,0,1
1533864630314299,-1,2,-1,-10,-2,0,1,0
1533864630314299,-2,0,-4,19,27,-1,-2,-5
1533864630335245,-1,2,4,11,1,0,3,-4
1533864630335245,7,5,7,-18,-1,4,0,3
1533864630337239,-7,-5,-12,8,-9,-10,-7,1
1533864630337239,-3,-1,3,-20,-4,2,0,-2
1533864630349206,-3,-3,0,-2,4,1,1,-3
1533864630349206,-3,-4,0,22,2,-2,1,4
1533864630358181,5,1,0,-55,-17,4,4,0
1533864630358181,-1,0,-1,58,10,-2,-4,-1
1533864630373144,-1,0,-2,-9,15,-4,-2,-5
1533864630373144,-1,-1,-2,59,0,0,-2,1
1533864630375136,-10,-11,-11,-40,-31,-9,-6,-4
1533864630375136,1,-3,2,-19,9,3,-1,-3
1533864630396081,0,0,-3,3,-11,-5,-2,0
1533864630396081,1,3,1,-9,11,3,2,3
1533864630397078,1,-2,3,31,22,-1,0,-2
1533864630397078,-2,-2,-4,-24,-28,-3,-2,0
1533864630409045,3,-1,3,10,9,2,-1,-3
1533864630409045,-1,-3,0,-33,-7,0,-1,1
1533864630418020,-1,2,0,19,2,-3,-1,0
1533864630418020,1,-1,-3,3,1,-1,2,1
1533864630432981,-3,0,0,0,2,2,-1,-9
1533864630432981,1,2,-6,-19,-15,-6,5,10
1533864630434976,-3,-2,1,24,3,-1,-11,-22
1533864630434976,3,0,2,4,4,0,2,8
1533864630455923,-3,-2,-4,-7,-2,-2,-3,-5
1533864630455923,-8,-6,-7,-21,-16,-8,-5,-8
1533864630456920,2,4,3,22,14,4,8,21
1533864630456920,-1,2,0,-9,-1,2,1,-18
1533864630477861,1,-1,-2,-5,-6,-1,-2,17
1533864630477861,0,-2,2,-6,-2,-2,0,-5
1533864630479855,1,1,-1,13,9,1,-6,-8
1533864630479855,-3,-4,-2,-7,-4,-1,-6,-2
1533864630492824,-1,-1,-1,-1,-2,-1,2,3
1533864630492824,-1,0,-6,-5,-1,-2,-1,1
1533864630494816,-1,0,-2,7,0,-1,0,2
1533864630494816,2,2,-1,3,-3,-2,3,9
1533864630515760,1,0,-1,-5,-2,-2,1,-6
1533864630515760,0,-3,-4,-8,0,-2,1,3
1533864630517756,-4,0,1,-3,-2,0,3,0
1533864630517756,-1,-3,0,2,0,-1,-3,-2
1533864630538698,0,-1,2,-2,2,1,2,-2
1533864630538698,1,1,0,37,-1,-2,-4,-3
1533864630539696,0,-5,-8,-4,11,-2,1,0
1533864630539696,-8,-2,-7,-33,-23,-6,-4,-3
1533864630553660,2,0,2,9,5,2,-2,-3
1533864630553660,0,0,2,-31,2,5,-2,-2
1533864630554655,2,3,8,57,8,0,1,1
1533864630554655,0,-2,-1,-3,12,-1,-2,0
1533864630575598,0,-1,-1,-17,3,0,0,-1
1533864630575598,-7,-6,-12,-17,-39,-9,-7,-5
1533864630577594,-2,-1,0,0,5,1,2,-1
1533864630577594,-2,1,1,12,2,-2,-1,-1
1533864630598538,1,0,3,8,4,2,1,1
1533864630598538,-3,3,8,7,26,6,1,-2
1533864630599536,5,0,-1,-25,-7,2,-1,-2
1533864630599536,-6,-6,-12,-41,-24,-12,-4,2
1533864630612503,-2,1,1,6,2,-2,0,1
1533864630612503,0,-1,-1,-9,-7,-2,-2,-2
1533864630619499,-2,-3,-3,-7,-1,0,-1,-1
1533864630619499,9,4,11,2,31,8,2,0
1533864630635440,-6,-6,-12,3,-43,-9,-4,-3
1533864630635440,0,0,0,-14,-7,-6,-2,-1
1533864630637434,-14,-11,-17,-11,-36,-10,-7,-6
1533864630637434,-1,0,1,6,12,3,1,-1
1533864630658378,11,7,10,47,56,16,6,2
1533864630658378,-10,-8,-12,-46,-74,-16,-7,-3
1533864630660375,3,4,7,19,30,5,2,3
1533864630660375,-1,3,0,-13,-30,-4,-3,-1
1533864630672345,-4,-8,-2,-7,16,-1,-2,-2
1533864630672345,1,-3,0,23,7,6,0,-1
1533864630679327,-1,-1,0,-14,-3,-2,0,2
1533864630679327,1,2,1,9,1,1,0,-2
1533864630696278,1,4,2,-8,-1,-2,2,-2
1533864630696278,0,0,-3,-2,11,2,2,4
1533864630697279,-3,-7,1,20,9,-4,-5,-3
1533864630697279,1,3,1,-8,1,1,2,-1
1533864630718327,-6,-5,-5,-11,-21,-6,-4,-1
1533864630718327,-1,-3,-1,0,11,1,0,-4
1533864630720214,0,4,2,2,-1,-1,-1,-1
1533864630720214,1,-1,-1,16,3,-1,1,2
1533864630732239,-2,-1,-3,-16,-12,-3,-1,0
1533864630732239,-2,0,-4,3,12,3,8,-2
1533864630739161,-2,2,1,2,2,2,-11,-18
1533864630739161,-1,-3,-3,4,-4,-3,-2,0
1533864630756117,-2,0,-4,-12,-10,-2,0,5
1533864630756117,-1,-2,2,16,14,1,2,1
1533864630757113,-2,-2,-2,-6,-8,-3,4,11
1533864630757113,-3,-1,-3,0,-3,-1,-7,-12
1533864630778068,0,0,0,-3,-5,-3,-8,-4
1533864630778068,1,2,-1,1,9,-3,-2,0
1533864630780059,-2,-4,-5,-11,-7,-3,0,19
1533864630780059,-2,-1,-2,3,-3,0,-5,-17
1533864630793036,-1,-2,-1,1,-1,-1,2,1
1533864630793036,1,-1,-1,1,0,0,-5,-4
1533864630799007,0,0,2,-3,-4,0,6,6
1533864630799007,-1,0,1,6,6,1,2,7
1533864630815969,-3,-3,-3,-8,-10,-3,-3,-7
1533864630815969,0,-3,2,4,3,0,-1,0
1533864630816955,-3,-4,-7,-8,-3,-2,-2,-6
1533864630816955,-1,0,-2,15,6,2,-3,0
1533864630837916,-1,0,0,11,-5,4,2,-3
1533864630837916,-1,2,3,-6,6,3,-1,2
1533864630839893,-2,-2,-4,-21,-13,-3,0,-5
1533864630839893,-4,-7,-7,-4,-3,-7,-4,0
1533864630852866,-5,-2,-4,21,6,-3,-2,1
1533864630852866,1,0,5,51,6,1,1,1
1533864630858842,3,4,0,-39,7,1,-1,-4
1533864630858842,-1,-2,-3,-36,-5,-1,2,1
1533864630875832,5,4,4,-8,6,4,2,-2
1533864630875832,-9,-2,-9,-3,-23,-8,-7,-4
1533864630877835,-2,-2,-2,19,14,2,-2,-4
1533864630877835,-2,1,2,6,-24,-1,-2,1
1533864630897762,1,-2,-1,-14,6,0,0,0
1533864630897762,2,3,5,7,24,5,2,-2
1533864630899737,3,-1,0,-23,5,-1,0,-2
1533864630899737,-2,-4,-4,13,5,0,0,0
1533864630912702,-8,-9,-8,7,-28,-10,-5,-3
1533864630912702,-1,-2,-1,-38,-15,-1,-2,0
1533864630919690,1,1,0,19,7,3,0,-1
1533864630919690,2,0,0,-7,9,-1,1,0
1533864630935637,-4,-2,-8,-44,-27,-5,-3,-2
1533864630935637,-2,-3,-2,7,0,-1,-2,-2
1533864630937632,1,2,0,11,12,2,1,-1
1533864630937632,3,3,-1,2,-1,0,2,-1
1533864630958760,1,0,4,10,12,-4,-1,2
1533864630958760,1,-6,-8,-5,-5,-5,-2,-2
1533864630959573,-5,-1,5,1,-15,-2,-2,-3
1533864630959573,-4,-3,-1,18,-1,-2,-1,2
1533864630971719,-2,0,-1,-6,-3,0,-2,-1
1533864630971719,3,0,1,-9,6,3,0,1
1533864630980518,1,-1,1,9,3,0,-2,-1
1533864630980518,0,2,0,13,1,-2,-1,-2
1533864630995477,-2,-1,-3,-1,8,-1,-3,-3
1533864630995477,-2,-1,-5,-42,-16,-2,-1,-1
1533864630997472,4,-1,0,10,-4,0,3,3
1533864630997472,-7,-8,-9,24,-6,-4,-3,-4
1533864631018416,-3,-2,2,-1,6,-3,-5,-1
1533864631018416,-2,-1,3,0,3,1,-1,-2
1533864631020478,-1,-3,-3,0,-12,-6,-1,-1
1533864631020478,4,3,3,-16,11,4,2,3
1533864631031390,5,3,3,24,25,4,2,2
1533864631031390,-3,0,-7,-10,-33,-6,-3,-2
1533864631040379,-7,-3,-3,11,-3,-4,-4,-3
1533864631040379,0,-2,0,-22,-2,0,1,0
1533864631056346,-3,0,0,21,2,-5,-1,-1
1533864631056346,-1,-4,0,8,19,-2,-2,-1
1533864631057313,-2,0,-2,7,2,0,-2,-1
1533864631057313,1,0,2,-13,-5,-3,0,-1
1533864631078255,1,0,-1,1,-1,2,1,-1
1533864631078255,4,1,5,19,6,2,2,2
1533864631079252,-5,-5,-11,-63,-26,-9,-4,-5
1533864631079252,-5,-4,-1,12,2,1,-4,-1
1533864631092221,0,-1,-1,-18,-6,1,0,0
1533864631092221,-1,1,1,5,1,-2,-2,0
1533864631101194,3,-1,4,12,0,1,3,2
1533864631101194,0,0,-1,-2,12,3,0,-4
1533864631116157,2,4,3,-5,2,-2,2,-2
1533864631116157,-2,-3,-11,6,-7,-3,0,18
1533864631117155,-16,-7,-12,18,-9,-9,-13,-20
1533864631117155,-5,-1,4,-26,-20,-1,-4,-10
1533864631138098,1,-1,4,10,8,3,2,3
1533864631138098,3,-1,3,4,16,2,9,3
1533864631140090,1,0,-2,5,5,1,-9,9
1533864631140090,2,1,-2,19,0,-2,2,0
1533864631152061,-4,-3,-1,-11,-5,-2,-4,-13
1533864631152061,-4,-1,-2,-8,-6,-3,-2,-10
1533864631161033,1,-1,-2,0,0,-1,5,12
1533864631161033,-1,0,-4,-7,-4,-3,-2,-7
1533864631175997,-3,-2,-5,-7,-8,0,-1,7
1533864631175997,-2,0,-3,-2,3,0,0,1
1533864631176991,0,3,14,5,2,2,0,-8
1533864631176991,1,-2,0,-3,2,0,-2,5
1533864631197940,-1,-5,-6,-9,-4,-1,1,-3
1533864631197940,-3,-4,-3,12,-4,-2,-6,-7
1533864631199933,1,2,-3,-5,0,1,4,-3
1533864631199933,-3,0,0,-2,-9,-3,0,4
1533864631211898,0,0,1,0,-1,-3,-3,0
1533864631211898,-3,0,2,7,-4,-2,-1,-8
1533864631220874,-2,-2,-8,-63,-15,-5,-3,-3
1533864631220874,-4,-3,-5,7,4,-3,0,3
1533864631235841,-5,-2,-7,5,-4,-2,-5,-2
1533864631235841,0,-1,1,-2,3,-2,-4,-1
1533864631236831,1,3,4,-2,3,2,3,0
1533864631236831,2,-2,1,-5,1,-1,-1,0
1533864631258775,3,2,2,12,5,-1,-1,-3
1533864631258775,2,-3,1,24,30,1,-2,-3
1533864631259770,-8,-10,-9,-20,-51,-7,-1,1
1533864631259770,1,-2,2,0,17,3,0,-3
1533864631271741,-3,-1,-1,-5,0,2,-1,2
1533864631271741,-1,-2,-3,27,-3,-2,-3,0
1533864631280714,1,1,-1,17,11,1,-2,-3
1533864631280714,0,1,0,-3,-13,-5,-2,2
1533864631295674,1,3,3,1,22,4,2,-3
1533864631295674,-2,-1,-3,-9,-15,-3,0,4
1533864631297677,-3,-1,-3,-6,-12,-1,-7,-13
1533864631297677,-1,-1,-4,-15,-12,-3,-1,0
1533864631318612,1,-5,-3,-9,-3,-2,-1,1
1533864631318612,-3,-3,-2,-2,4,-2,0,-5
1533864631319610,5,3,5,6,13,2,2,4
1533864631319610,-2,-3,-1,31,3,-3,-2,1
1533864631331701,-3,-2,-5,2,-9,-2,-1,-3
1533864631331701,-2,-2,-3,-38,-18,-3,-2,-4
1533864631340554,3,1,5,28,21,6,3,1
1533864631340554,1,1,3,21,10,1,-1,-5
1533864631355519,-10,-9,-14,-36,-45,-12,-6,0
1533864631355519,-2,-1,1,19,19,1,-2,-2
1533864631357508,-4,-2,-4,-37,-28,-1,2,0
1533864631357508,4,1,4,-4,15,1,-3,4
1533864631378452,-3,-2,4,6,-11,-5,-2,-9
1533864631378452,5,4,-2,-6,0,-1,1,5
1533864631379451,1,-2,2,52,36,0,1,-2
1533864631379451,-1,-5,-12,-51,-40,-4,-4,6
1533864631400394,3,5,6,0,37,6,3,4
1533864631400394,-4,-4,-12,-40,-46,-10,-5,-7
1533864631402389,0,1,11,60,46,7,1,4
1533864631402389,-7,-9,-16,-59,-48,-8,-1,-3
1533864631415353,-1,1,-2,0,8,-1,-3,-2
1533864631415353,3,2,5,-22,12,6,1,-3
1533864631417348,0,-3,-8,23,-22,-6,4,11
1533864631417348,-6,2,4,44,28,4,-10,-7
1533864631438296,0,-2,3,-29,-19,-1,-3,0
1533864631438296,-1,-4,-5,-3,-1,-2,11,16
1533864631440287,-3,-1,0,-17,-1,-4,-15,-14
1533864631440287,1,0,3,8,27,1,6,5
1533864631461239,0,8,-2,6,-32,-4,-3,-17
1533864631461239,-3,-4,-4,-10,12,-1,-4,-8
1533864631462230,0,-3,-3,-4,-17,-4,2,10
1533864631462230,-1,-4,-1,-5,-4,3,4,1
1533864631476296,-3,-1,-4,39,12,-1,0,2
1533864631476296,2,2,7,2,11,1,0,5
1533864631477199,0,0,-2,-26,-19,-1,1,-7
1533864631477199,3,2,4,14,11,2,0,-3
1533864631498132,0,-2,-3,5,4,0,0,1
1533864631498132,-6,0,-3,-31,-14,-4,-5,-1
1533864631500126,0,-4,-3,9,13,0,-1,-2
1533864631500126,-1,1,0,-1,-3,-1,-2,-6
1533864631521072,2,-3,5,2,5,1,1,3
1533864631521072,3,0,-2,5,-2,-3,-3,-2
1533864631522068,-1,1,-3,-1,15,0,-1,3
1533864631522068,-3,-4,-7,-18,-24,-6,-1,2
1533864631536043,2,-3,-2,-20,1,0,0,1
1533864631536043,-5,1,4,22,6,3,-7,-9
1533864631537028,0,5,4,-10,-5,-3,0,-2
1533864631537028,-1,0,0,5,7,0,-1,-2
1533864631558011,-1,-9,-6,10,0,-2,0,5
1533864631558011,-2,-2,-2,-1,-9,-2,-2,-10
1533864631564007,2,1,-1,-8,4,-1,0,0
1533864631564007,-2,1,1,12,3,1,-2,-3
1533864631581125,1,-1,0,-9,-8,-2,1,5
1533864631581125,0,-1,-1,1,0,-1,-4,-3
1533864631581931,-3,-2,-1,5,-2,-3,-2,-4
1533864631581931,1,-1,-2,3,1,-2,-2,-3
1533864631594886,-3,-1,0,-5,1,-3,-2,1
1533864631594886,-1,-1,2,9,7,2,1,2
1533864631602074,0,-1,-4,-31,-6,-2,-1,-1
1533864631602074,-4,-2,-2,3,-2,-5,-1,0
1533864631617812,0,2,0,6,6,1,1,1
1533864631617812,0,2,4,19,15,5,1,1
1533864631619807,-2,-4,-4,-30,4,-2,-3,-3
1533864631619807,-2,-2,-4,-6,-5,-2,-2,-2
1533864631640754,-2,-1,-1,7,2,0,-2,-4
1533864631640754,2,-1,2,-6,-4,0,-2,-1
1533864631642751,0,3,2,17,-4,0,2,0
1533864631642751,0,4,1,-9,-3,-2,-1,-3
1533864631654717,-2,-2,-2,13,0,1,1,-2
1533864631654717,-4,-7,-5,5,7,-2,0,1
1533864631661695,-4,-7,-2,8,-7,-3,-3,-2
1533864631661695,4,4,4,-5,13,3,1,-3
1533864631678649,-12,-10,-13,-5,-21,-7,-8,-7
1533864631678649,1,-4,-2,-6,7,2,2,-2
1533864631679647,0,2,-2,19,-9,-2,-2,0
1533864631679647,-3,0,1,-2,-3,0,-1,1
1533864631700592,4,9,7,6,7,1,2,4
1533864631700592,-4,0,-6,-29,-13,-5,-4,-4
1533864631702588,-1,0,1,3,8,2,2,0
1533864631702588,2,-2,2,26,7,1,2,-3
1533864631714555,-1,-3,-4,-19,-4,-3,-2,-2
1533864631714555,-6,-2,-1,11,-7,-3,-1,1
1533864631721717,0,-1,4,11,0,1,-1,-2
1533864631721717,4,1,3,-21,15,4,2,2
1533864631738542,-9,-9,-11,-6,-32,-11,-6,-5
1533864631738542,3,1,1,10,24,1,0,-2
1533864631739487,-3,-2,-5,-6,-21,-2,-2,-2
1533864631739487,-3,-2,-1,41,-7,-3,-1,-2
1533864631768409,-1,0,-2,-53,6,2,-2,-6
1533864631768409,0,-1,3,34,4,-1,-2,1
1533864631769407,0,-4,-8,-15,7,-4,-3,0
1533864631769407,-13,-5,-7,-1,-21,-6,-5,-1
1533864631775394,2,0,1,15,-25,-3,1,0
1533864631775394,-4,-1,5,-6,-13,-6,-2,-3
1533864631782373,6,2,5,29,48,9,4,-1
1533864631782373,-3,-4,-11,-76,-38,-9,-5,-4
1533864631798330,2,4,-2,19,20,1,-2,1
1533864631798330,-5,-3,-8,-24,-33,-2,0,1
1533864631799327,0,-1,3,-13,2,1,0,0
1533864631799327,-1,-4,-3,7,1,-2,-3,-1
1533864631821269,1,2,8,-5,6,3,2,1
1533864631821269,2,-1,-6,9,3,-5,-4,-4
1533864631822266,-1,-3,0,-1,-5,-2,-1,0
1533864631822266,2,-1,1,35,24,4,1,1
1533864631835243,-3,-5,-4,-57,-43,-7,0,6
1533864631835243,-4,2,0,13,-3,-1,-5,-15
1533864631843212,-4,-2,-6,-31,-21,-4,1,-2
1533864631843212,0,-1,-1,10,15,1,1,2
1533864631858172,1,-3,4,44,28,2,0,-1
1533864631858172,1,4,1,-14,-1,1,3,4
1533864631860164,-4,-3,-2,18,1,-4,-3,-1
1533864631860164,2,0,0,-42,-21,-1,2,-1
1533864631881108,5,0,2,10,13,0,0,-1
1533864631881108,2,-1,-2,-16,-7,0,0,0
1533864631882107,-2,2,2,45,20,-1,-6,-2
1533864631882107,-5,-3,-3,-49,-14,-2,-3,1
1533864631894073,-2,-2,-6,-13,-18,-3,-1,-1
1533864631894073,-4,-4,-3,21,5,-4,-3,0
1533864631903053,-4,-3,-5,4,-4,-4,0,-2
1533864631903053,3,2,2,16,12,1,-1,-2
1533864631918012,2,2,4,-2,10,3,-1,-4
1533864631918012,0,-1,-2,-7,-5,0,0,1
1533864631920004,1,-1,1,-12,-7,-2,-1,0
1533864631920004,-3,-5,-5,5,0,-3,-2,-2
1533864631940948,-1,-3,0,10,4,0,-1,-2
1533864631940948,0,1,-2,-14,0,-1,1,2
1533864631943072,-2,-2,-3,-15,-8,0,0,-3
1533864631943072,0,-1,1,9,1,-2,0,1
1533864631954914,-3,-1,-2,8,8,1,-3,-4
1533864631954914,0,1,0,-5,4,0,-1,0
1533864631962889,0,0,1,1,4,0,-1,-1
1533864631962889,-1,0,-2,5,-20,-4,0,-4
1533864631977850,-3,-4,-7,-36,-7,-6,-1,0
1533864631977850,-3,-4,0,21,2,-1,-3,0
1533864631979848,-3,-2,-4,-16,-16,-1,-1,-2
1533864631979848,1,1,2,12,11,1,-1,0
1533864632000791,0,0,2,-4,6,3,2,2
1533864632000791,0,-1,2,-1,3,1,0,-1
1533864632001785,-7,-5,-6,15,-14,-8,-3,1
1533864632001785,0,-4,-2,3,4,0,-1,-3
1533864632014751,2,2,-1,0,-2,0,0,0
1533864632014751,1,0,-2,-6,2,-2,1,1
1533864632023727,-1,-1,1,5,4,0,-1,-1
1533864632023727,-4,-1,1,0,2,0,-1,1
1533864632038890,-3,-1,-3,7,3,0,-3,-2
1533864632038890,-1,0,0,2,-1,-1,0,-1
1533864632039683,0,-1,-3,-14,-4,0,-1,-1
1533864632039683,0,-2,-4,5,-2,-2,0,-4
1533864632060628,-1,0,0,15,20,1,0,1
1533864632060628,-3,-3,-4,-27,-23,-4,-2,-1
1533864632062623,4,2,2,-5,2,-1,0,0
1533864632062623,-2,-4,-4,-19,-6,-1,-1,-3
1533864632074593,0,0,3,23,10,3,3,1
1533864632074593,-2,-2,-9,0,-8,-2,-4,-2
1533864632083580,-3,-3,-2,2,-8,-5,-3,-2
1533864632083580,0,-1,0,8,-1,1,1,-1
1533864632098526,-1,-3,-2,-16,4,-2,-2,-3
1533864632098526,-3,-2,-5,-20,4,-3,-2,0
1533864632099525,1,1,2,8,6,3,2,-2
1533864632099525,-3,0,-4,-16,-12,-4,-1,-1
1533864632121468,0,1,-1,-7,-5,0,0,-1
1533864632121468,1,-2,1,3,8,1,3,0
1533864632122462,-2,-3,-4,-4,1,0,-1,-2
1533864632122462,-2,0,-1,-5,-1,0,-2,0
1533864632134431,0,-2,0,9,3,-2,0,-2
1533864632134431,0,0,-2,1,-10,-3,-1,-1
1533864632143406,0,2,-3,-6,2,1,-1,0
1533864632143406,0,0,-1,6,5,0,1,1
1533864632158366,-4,-3,-3,7,-7,-4,-3,-1
1533864632158366,0,1,0,8,6,1,0,-1
1533864632159380,0,-2,0,-15,-5,-2,0,-2
1533864632159380,2,1,0,7,5,0,0,-1
1533864632181348,-6,-3,-6,-8,-6,-2,-2,-2
1533864632181348,-2,-3,-2,0,1,0,-2,-3
1533864632182303,-1,-3,-4,11,1,0,-1,0
1533864632182303,-1,0,0,-27,-10,-2,-2,-4
1533864632194271,0,2,2,9,-3,2,-1,1
1533864632194271,-2,1,2,3,0,2,-2,0
1533864632203247,-1,0,-2,-6,0,-1,0,0
1533864632203247,-1,-1,-1,23,12,1,-1,1
1533864632218209,-1,-1,2,5,6,-2,0,-2
1533864632218209,4,-1,-2,-32,-7,-4,0,-2
1533864632220201,-10,-7,-3,37,-23,-8,-5,-3
1533864632220201,-2,-1,-4,-29,-5,-2,-2,-1
1533864632241290,1,-1,-3,-6,-2,0,-4,0
1533864632241290,0,-1,3,18,18,4,2,0
1533864632242157,2,1,-1,-34,-8,1,0,-1
1533864632242157,-2,-3,0,13,3,0,1,0
1533864632254113,-4,-3,0,9,-1,-2,-1,-1
1533864632254113,-3,-2,-4,-32,-11,-1,-4,-3
1533864632263090,0,0,-1,-8,1,-1,-1,-2
1533864632263090,-1,-1,-1,10,1,-2,-1,2
1533864632278046,1,-2,-1,-4,0,-1,-1,-1
1533864632278046,-2,-2,-1,14,-4,-3,-2,0
1533864632280042,-1,0,-2,-1,3,1,0,0
1533864632280042,-2,-2,-1,-2,-1,-2,-4,-2
1533864632300985,5,5,5,13,1,3,0,1
1533864632300985,-5,-4,-8,-25,0,-5,1,2
1533864632301984,-7,-4,-1,10,4,-3,-2,-3
1533864632301984,0,-1,0,12,1,1,0,-2
1533864632314952,-2,-2,-4,-6,-8,-3,-2,-1
1533864632314952,4,2,5,15,5,3,2,-2
1533864632323927,4,1,1,-13,4,2,0,-1
1533864632323927,-2,-1,-4,7,-1,-2,-3,-2
1533864632338884,-3,-1,-1,-3,0,2,0,-3
1533864632338884,-1,0,0,8,0,-1,-2,-2
1533864632339881,0,-2,-1,0,2,-4,-1,-2
1533864632339881,0,-1,-1,7,1,1,-1,-3
1533864632360825,1,1,2,8,1,1,2,1
1533864632360825,-6,-5,-7,1,-8,-6,-2,-1
1533864632361834,-4,-6,-5,-1,-8,-3,-3,-4
1533864632361834,0,-1,0,-3,0,-2,0,-1
1533864632383767,-1,-1,-3,-8,-1,-2,0,-1
1533864632383767,1,0,4,21,1,2,0,0
1533864632384766,3,1,3,-6,4,3,-1,-1
1533864632384766,-1,-2,-2,-5,1,-2,-1,0
1533864632398837,-2,-2,-2,9,1,0,2,-1
1533864632398837,2,2,3,27,10,0,0,-1
1533864632400723,-3,-5,-8,-78,-30,-6,-2,0
1533864632400723,-3,-3,-3,10,3,-5,-5,-4
1533864632420668,-4,-4,-5,10,-3,-4,-2,-2
1533864632420668,1,-1,2,3,0,3,1,-3
1533864632422659,2,2,1,-17,8,1,2,0
1533864632422659,-2,1,2,-2,-2,2,1,0
1533864632443603,0,-2,-4,-16,-7,-4,0,-1
1533864632443603,-1,-1,-3,5,2,-1,-1,-1
1533864632444601,0,1,0,19,2,1,-1,0
1533864632444601,0,-1,-3,-12,-5,0,-2,-1
1533864632457566,-1,-1,0,1,0,-4,-3,1
1533864632457566,-1,-2,0,-7,-8,-2,-2,-2
1533864632464551,-1,-1,-1,8,3,-1,0,-1
1533864632464551,0,-1,-1,2,-1,-1,-2,-2
1533864632480508,-1,-3,-1,-6,-3,-2,-2,-3
1533864632480508,-2,-1,-3,-11,-9,-4,-3,-2
1533864632482508,1,0,-1,8,4,0,0,2
1533864632482508,0,1,0,10,6,2,0,0
1533864632503447,0,1,-1,-4,-6,-2,-3,0
1533864632503447,-7,-7,-6,-22,-8,-4,-3,-2
1533864632504441,2,0,5,7,12,2,2,-1
1533864632504441,-3,-4,-5,9,-14,-6,-2,-5
1533864632517409,0,-1,3,-8,-2,1,-2,-1
1533864632517409,1,1,-1,-2,0,1,0,0
1533864632524390,-1,1,1,9,-1,-1,1,-1
1533864632524390,1,2,1,-4,3,-2,-1,-1
1533864632540345,-1,-1,-2,-6,-1,-3,-2,-4
1533864632540345,-2,-2,-2,4,-1,0,-2,-1
1533864632542339,-2,0,0,11,4,1,-1,-1
1533864632542339,0,-2,-1,-3,0,1,0,-1
1533864632563295,-1,-3,-4,-4,-3,0,1,-2
1533864632563295,-2,-1,1,-6,-2,0,-2,-1
1533864632565279,-3,-2,-3,3,-2,-3,0,0
1533864632565279,-3,-1,1,-9,-4,-1,-1,1
1533864632577246,-2,-2,0,-1,-1,1,-2,-3
1533864632577246,1,0,0,1,2,-2,-1,0
1533864632584231,-1,-2,-3,-1,-4,-1,-3,-2
1533864632584231,1,-1,1,9,9,1,1,-1
1533864632601182,-4,-2,-2,2,-6,-3,0,-1
1533864632601182,0,-2,-5,-36,-10,-3,0,0
1533864632602180,-1,-2,-1,-3,-4,-1,-4,-3
1533864632602180,1,-1,0,3,1,2,-1,-1
1533864632623122,1,-1,1,-2,1,2,0,0
1533864632623122,-1,1,1,7,2,0,-1,-2
1533864632625117,-2,1,4,37,7,1,1,1
1533864632625117,-6,-7,-17,-96,-26,-10,-2,-3
1533864632637085,5,3,5,39,26,2,-2,0
1533864632637085,-6,-4,-7,0,-11,-9,-3,-1
1533864632644067,-4,-1,-5,-1,-21,-3,-2,-1
1533864632644067,0,0,2,13,3,-1,0,0
1533864632661021,-1,-2,0,6,2,1,-1,0
1533864632661021,5,-2,2,16,18,3,-2,0
1533864632662020,2,0,0,-24,-21,-1,0,-2
1533864632662020,-1,0,2,8,1,1,1,1
1533864632682967,-1,-1,-4,-2,-3,-5,-2,-2
1533864632682967,-5,-2,-2,18,0,-1,0,-1
1533864632684958,-2,-2,-3,-1,4,-4,-2,-1
1533864632684958,-2,-2,-2,8,1,0,-1,-1
1533864632697924,-1,0,0,2,-5,0,1,-3
1533864632697924,0,1,0,-2,-2,1,1,-1
1533864632704936,0,-1,1,14,11,1,0,-1
1533864632704936,0,-1,-4,-17,-12,-1,-2,-1
1533864632720865,-2,-3,-3,-9,-3,-2,0,-2
1533864632720865,-6,-5,-5,16,-9,-3,-3,-2
1533864632722856,-4,-2,-1,-9,4,-2,0,-3
1533864632722856,2,2,5,12,3,0,-1,-1
1533864632743804,-4,-3,-3,-16,-5,-1,0,0
1533864632743804,5,3,2,-20,-2,2,0,-3
1533864632744821,-1,-2,-4,13,8,2,0,-2
1533864632744821,-2,1,1,22,0,-2,0,0
1533864632756769,-4,-1,-6,-14,-4,-6,-2,-2
1533864632756769,-2,-1,0,14,2,-3,-1,-1
1533864632765742,1,0,-4,-39,-3,-1,-1,-1
1533864632765742,1,-1,0,7,0,-2,-1,-2
1533864632780705,-1,0,-1,-13,-10,-2,0,-1
1533864632780705,0,-3,1,1,2,0,2,1
1533864632782697,-1,-1,-4,3,-1,0,-2,0
1533864632782697,-2,0,1,12,2,1,-1,-2
1533864632803644,0,-2,-2,-41,-21,-4,-1,-2
1533864632803644,3,0,0,2,3,-1,-1,-2
1533864632804638,-2,-2,-4,6,1,-4,-3,-1
1533864632804638,-4,-2,-3,-8,2,-1,0,-1
1533864632817649,-1,0,1,10,5,1,-1,-4
1533864632817649,-1,1,1,-13,-5,2,0,1
1533864632824603,1,1,4,9,2,1,1,-1
1533864632824603,0,-3,-4,-32,-7,-2,-3,-2
1533864632840542,-3,-1,0,3,-2,-1,-4,-2
1533864632840542,-1,-2,-1,-9,0,0,-1,-2
1533864632842536,0,-2,0,-2,1,-3,-1,0
1533864632842536,0,-1,-1,9,-1,-1,-1,-3
1533864632863480,3,0,3,17,10,4,1,3
1533864632863480,-1,1,-2,-31,-2,-3,-3,-1
1533864632864478,-1,-3,-4,14,-3,-3,-3,-2
1533864632864478,1,0,1,-3,5,-1,0,-2
1533864632876446,-2,-1,-2,18,0,-2,0,-3
1533864632876446,-3,-2,-3,25,10,2,-2,1
1533864632885425,-3,0,-1,-30,-7,-2,1,-1
1533864632885425,-1,0,-3,1,-2,0,-1,0
1533864632900382,1,1,3,14,8,3,0,0
1533864632900382,-2,-1,-3,-13,-11,-1,1,-1
1533864632902385,0,-3,1,2,0,-2,-1,-2
1533864632902385,0,1,0,6,-1,-2,-1,-1
1533864632923525,0,0,-3,-13,-6,-3,-1,0
1533864632923525,-2,-2,0,1,-1,0,-1,-3
1533864632925331,-2,-3,-2,5,0,2,-1,-2
1533864632925331,-1,-2,-2,-22,-3,-2,-2,1
1533864632937285,-2,-1,-4,-4,-2,-1,-1,-1
1533864632937285,-2,0,-2,-3,-2,-2,-1,-1
1533864632952243,-1,2,0,8,2,0,-1,1
1533864632952243,1,0,0,20,8,-1,0,1
1533864632961234,-2,-1,-3,-21,-5,-1,-3,-1
1533864632961234,0,0,0,1,-5,-3,-2,-1
1533864632962217,0,0,1,-5,-2,0,-1,-1
1533864632962217,-1,-3,-2,4,-1,-2,-2,-2
1533864632983164,-4,-3,-3,-4,-2,-4,-3,-2
1533864632983164,1,1,0,10,2,0,1,1
1533864632985156,-1,-3,-1,-1,-4,-1,0,-3
1533864632985156,-2,-2,-1,-6,5,0,-2,0
1533864632997125,-1,-2,-3,-5,-8,-4,1,-2
1533864632997125,1,-1,2,-4,2,2,-2,-1
1533864633006126,2,1,-1,-9,-4,-2,-1,2
1533864633006126,-3,-2,2,30,10,0,1,-1
1533864633021081,-3,-3,-2,-24,-16,-1,-3,-1
1533864633021081,1,1,-1,10,1,0,0,-1
1533864633022057,-3,-3,-5,-30,-1,-4,-2,-2
1533864633022057,0,2,1,-1,-5,0,-2,-1
1533864633043003,0,-2,-6,4,6,-2,-2,1
1533864633043003,2,-2,-1,10,-6,-1,0,0
1533864633044995,0,-1,-2,-28,-3,-1,-2,-2
1533864633044995,-2,-2,0,-1,-1,-3,-2,-1
1533864633056966,-3,-1,-1,2,1,0,-1,-1
1533864633056966,-2,-1,0,-4,-1,-1,-2,-1
1533864633065956,-1,-1,-1,17,3,-4,1,-1
1533864633065956,-1,-1,0,-9,-10,-1,-1,1
1533864633080902,2,-1,3,4,4,1,1,1
1533864633080902,0,-2,-2,-8,1,-2,-1,-3
1533864633081896,-2,-1,1,4,3,0,-1,-2
1533864633081896,0,-1,-2,15,8,0,-3,0
1533864633103837,-3,-3,0,-27,-26,-1,-4,0
1533864633103837,-2,-1,0,8,3,-3,-2,-2
1533864633104836,-4,-1,-4,-4,-4,-2,-1,-4
1533864633104836,-2,-2,-1,-2,-3,-1,0,-3
1533864633116803,2,-1,-1,2,7,-1,0,-2
1533864633116803,-6,-5,-3,3,1,-4,-3,-1
1533864633125785,0,1,2,18,-4,2,-2,-1
1533864633125785,0,-1,-3,-10,-1,-2,0,-1
1533864633140742,-1,0,-1,5,3,-1,0,-1
1533864633140742,1,0,0,-12,0,-2,-2,-1
1533864633142737,-1,-3,-3,47,10,-4,-3,-1
1533864633142737,-2,1,-7,-44,-26,-4,0,-1
1533864633163687,-1,-1,1,23,10,0,-1,-2
1533864633163687,-2,-1,-1,-18,-5,-1,-1,-1
1533864633164675,0,2,3,-10,-5,1,0,0
1533864633164675,-1,0,0,29,18,-1,-2,-1
1533864633176646,1,-2,-2,-26,-34,-4,-2,1
1533864633176646,1,1,2,2,6,1,2,1
1533864633185619,-4,-5,-9,-17,-10,-6,-5,-3
1533864633185619,-3,-4,-2,2,3,0,1,-1
1533864633200582,0,2,-1,14,10,0,-1,1
1533864633200582,0,0,0,6,-5,0,1,0
1533864633202574,1,0,-2,-2,0,1,0,2
1533864633202574,-1,0,0,2,1,-1,-1,-2
1533864633223685,0,-1,-1,6,8,-1,-1,2
1533864633223685,1,0,-1,-6,-2,-2,-2,-2
1533864633224516,-1,-3,-1,5,2,0,-1,-2
1533864633224516,-1,0,-2,-2,-3,1,-1,-1
1533864633236504,0,-2,0,-4,0,0,0,-6
1533864633236504,-1,-2,-2,4,-1,-4,-2,0
1533864633245475,1,1,2,6,10,-1,0,0
1533864633245475,-1,-2,-1,3,-7,-3,-1,-2
1533864633260419,-4,0,-4,-21,-7,-1,-1,-2
1533864633260419,-1,-2,-5,-9,-7,-3,0,-1
1533864633262414,4,0,4,8,15,5,1,0
1533864633262414,-1,-2,-2,-25,-26,-5,-5,-2
1533864633283361,-5,-3,-4,22,0,-3,-2,-2
1533864633283361,-2,-3,-4,-7,-6,-2,-1,-1
1533864633284355,0,3,3,19,-2,-3,-1,1
1533864633284355,1,-1,-1,-17,12,3,2,0
1533864633306331,0,-3,-1,4,5,0,1,-1
1533864633306331,-2,-2,-1,-3,-4,0,-3,-2
1533864633307294,2,2,3,0,-3,-1,1,0
1533864633307294,-2,0,-1,12,2,-1,-1,0
1533864633321290,-1,0,-1,-6,-2,-3,-2,-1
1533864633321290,-5,-2,-2,-10,-1,-1,0,-3
1533864633322255,0,-1,-2,-5,-3,-1,0,0
1533864633322255,-1,-2,-2,2,-5,-3,-2,-1
1533864633343200,0,-2,1,-3,5,2,-1,-3
1533864633343200,4,0,1,7,3,0,-1,3
1533864633345212,-1,-2,-1,16,3,-3,-4,0
1533864633345212,-5,-5,-3,-21,3,-6,-2,-4
1533864633366308,1,0,0,6,3,0,1,0
1533864633366308,-3,1,0,8,-8,-3,-1,-1
1533864633367133,-1,-2,-3,-34,-4,0,0,-3
1533864633367133,0,1,-4,-1,3,3,-2,1
1533864633381317,-2,0,2,18,16,1,-1,-1
1533864633381317,0,-2,-2,-24,-4,-3,-1,-2
1533864633382115,-7,-5,-9,7,-8,-6,-1,0
1533864633382115,0,-1,-3,-21,-19,-2,0,-1
1533864633403040,1,0,5,18,-2,2,1,3
1533864633403040,-5,-4,-5,-28,0,-4,-3,-2
1533864633405032,-2,-1,2,25,16,0,0,-2
1533864633405032,-3,-3,-5,-54,-41,-5,-3,-3
1533864633425979,0,1,0,7,6,0,0,-2
1533864633425979,1,0,1,15,3,3,0,0
1533864633426973,-2,-2,-4,-14,-7,-2,-1,-2
1533864633426973,1,2,2,26,15,2,0,0
1533864633439942,-2,0,-5,-23,-15,-2,-3,-1
1533864633439942,-2,-1,-3,14,6,0,0,0
1533864633446920,-2,-1,1,-15,-4,0,-1,-1
1533864633446920,-1,0,5,28,5,3,1,1
1533864633462881,-1,1,-2,-22,-4,0,-1,-1
1533864633462881,0,-5,-9,-1,3,-4,-4,-3
1533864633464873,0,-1,3,27,5,0,-2,-1
1533864633464873,1,-2,-3,-23,-9,-4,2,-1
1533864633486027,2,-2,0,-31,-13,-2,-2,0
1533864633486027,-1,-1,-2,3,15,-2,-1,-3
1533864633488030,-4,-3,-6,-32,-33,-4,-2,-1
1533864633488030,1,-1,6,26,10,1,-1,-3
1533864633499782,-2,0,0,1,-4,-4,0,-3
1533864633499782,-2,0,4,27,1,-1,0,0
1533864633506764,3,-1,-4,-24,1,3,0,-2
1533864633506764,-2,0,0,5,10,-2,-2,3
1533864633523718,-4,-2,-1,13,2,-2,0,-5
1533864633523718,-3,0,-1,0,-7,-1,0,0
1533864633524722,0,1,1,15,6,0,1,-3
1533864633524722,0,-2,1,-2,-2,0,0,0
1533864633545656,-2,-3,-7,-1,5,-1,-3,-4
1533864633545656,1,0,4,19,-3,-1,-1,-2
1533864633547651,-2,-2,-4,-41,-5,-1,0,0
1533864633547651,2,-1,1,-8,8,-2,-1,-2
1533864633559639,-4,-5,-4,29,9,1,-1,7
1533864633559639,-5,-5,-3,7,2,-2,-1,-1
1533864633566817,-1,-1,0,-24,-6,-1,0,-7
1533864633566817,-1,-1,-4,-10,-24,-3,-2,0
1533864633583558,2,-1,0,-3,3,0,3,-2
1533864633583558,-3,-1,-7,-23,-21,-4,-5,6
1533864633584551,-2,1,3,32,14,0,-1,0
1533864633584551,-3,0,0,-3,-13,-4,-1,-2
1533864633605496,2,-2,1,26,17,3,-3,-1
1533864633605496,4,2,0,-42,-1,5,1,1
1533864633607491,-1,-2,0,19,-5,-8,-5,0
1533864633607491,-5,-4,-5,13,3,3,-3,-4
1533864633620660,-1,-1,2,9,9,-4,-2,-3
1533864633620660,-3,-3,-3,-7,-9,0,0,-4
1533864633626439,0,-1,-3,-2,-5,1,0,3
1533864633626439,-6,0,1,23,23,1,1,-6
1533864633643397,2,2,0,-35,-18,3,4,4
1533864633643397,2,0,0,0,12,5,-4,4
1533864633644392,-10,-7,-11,-2,-56,-7,-6,-14
1533864633644392,-1,-5,-2,13,23,1,0,3
1533864633665336,-2,1,0,-18,-17,-1,-2,-3
1533864633665336,-1,-2,1,8,2,-4,0,-3
1533864633667331,3,4,3,-10,13,4,2,6
1533864633667331,1,1,0,8,7,-1,-4,-1
1533864633680296,-1,0,-4,-1,-1,0,0,2
1533864633680296,2,3,2,3,3,-3,1,-3
1533864633687280,0,-2,-2,-7,5,-2,-3,-2
1533864633687280,-1,0,0,9,0,-2,1,-3
1533864633703237,-4,-3,-7,-38,-9,-4,-4,0
1533864633703237,0,-2,-1,-2,-7,-1,0,-3
1533864633705229,2,-1,3,-2,9,0,2,1
1533864633705229,-5,-2,-5,-4,-12,-7,-5,-1
1533864633726176,-1,-2,0,4,-5,-1,-2,-1
1533864633726176,-1,-1,4,22,-10,0,0,-3
1533864633727180,0,-2,0,8,22,1,0,-1
1533864633727180,-2,-4,-3,-40,-20,2,1,1
1533864633740139,-1,-1,1,21,3,-5,-2,-12
1533864633740139,-4,-3,-6,-16,-3,0,0,-2
1533864633747118,1,0,2,8,-1,1,0,-1
1533864633747118,-2,-1,-4,20,6,-2,0,1
1533864633763074,-2,-2,-1,-3,3,-4,-3,0
1533864633763074,4,-1,0,1,-2,-3,-1,-3
1533864633765070,-1,-1,0,4,-1,-1,0,6
1533864633765070,3,1,0,-11,0,-2,-2,-3
1533864633786013,2,0,-4,-3,1,0,1,2
1533864633786013,-3,2,4,8,0,-2,-4,-1
1533864633788008,-4,-2,-3,-4,-5,0,-1,-3
1533864633788008,-1,1,-2,1,-4,0,-1,-3
1533864633798978,-2,-1,-1,9,2,0,-2,-2
1533864633798978,0,0,1,-4,-2,0,0,-3
1533864633807954,-2,-2,-4,-9,3,-3,-4,5
1533864633807954,1,1,3,5,-2,2,0,-3
1533864633822917,0,-2,-3,-7,-3,0,-2,1
1533864633822917,-1,-2,-3,1,0,-2,0,-1
1533864633824911,2,0,1,17,9,-1,0,4
1533864633824911,-7,-5,-8,-24,-12,-6,-2,-5
1533864633845854,-5,-2,0,-4,-8,0,-4,-2
1533864633845854,-2,-4,0,-13,-2,-2,0,0
1533864633847849,1,0,0,9,3,-1,3,-5
1533864633847849,6,3,7,10,3,0,1,4
1533864633859819,-2,-1,2,-4,-1,-1,-1,-5
1533864633859819,0,0,-1,2,15,1,-1,2
1533864633868792,-2,0,-1,4,6,-2,-1,0
1533864633868792,0,-3,-4,3,15,2,1,-3
1533864633883754,-2,0,3,19,-1,-1,0,-1
1533864633883754,-1,0,-9,-6,-2,-2,-4,-1
1533864633884749,3,0,6,-48,-29,-1,0,-2
1533864633884749,-6,-7,-8,-18,-41,-12,-3,-2
1533864633905694,0,-2,3,13,18,4,2,0
1533864633905694,-5,-3,-4,38,-4,-1,-1,-3
1533864633911680,-1,0,-2,-12,11,2,0,-3
1533864633911680,-1,-1,-5,-20,-16,-2,-4,0
1533864633919655,-3,-4,-5,-54,-31,-5,-2,-2
1533864633919655,3,2,2,-1,16,1,2,-1
1533864633928634,-3,-2,3,-5,-13,-5,-3,-2
1533864633928634,2,2,3,25,8,3,0,4
1533864633943598,0,1,3,28,17,-1,-3,-5
1533864633943598,-2,-2,-1,-15,-3,-2,-1,-4
1533864633944590,-1,0,-2,1,-3,-3,-2,-4
1533864633944590,1,1,5,11,26,5,5,2
1533864633965558,-8,-7,-16,-8,-19,-9,-5,0
1533864633965558,-2,3,6,28,-3,-3,-1,1
1533864633967528,-2,-3,-7,-4,23,2,-1,-2
1533864633967528,2,0,6,12,14,2,-2,-3
1533864633979511,-3,-3,-6,-15,-46,-12,-2,0
1533864633979511,0,0,4,20,4,1,-2,0
1533864633988475,-1,0,-7,5,-8,-2,-2,-1
1533864633988475,-1,-2,2,41,22,0,-2,-1
1533864634003475,3,2,5,-27,11,4,1,2
1533864634003475,3,-2,-3,-6,-2,2,0,-1
1533864634005427,-1,-1,-1,-20,-1,3,-1,-2
1533864634005427,1,0,-2,-25,-10,-1,-1,-2
1533864634025373,0,-2,-1,7,16,4,1,-4
1533864634025373,-6,-7,-5,-9,-19,-7,0,-4
1533864634027375,4,2,2,3,5,2,-1,-2
1533864634027375,-5,-5,-8,-2,-16,-6,-4,-1
1533864634039557,1,4,5,34,-1,-2,-3,-1
1533864634039557,-2,-2,-4,-41,19,1,0,0
1533864634048314,-3,-1,-2,3,-17,-4,-3,-3
1533864634048314,-4,-2,0,-9,-16,-1,-3,-2
1533864634063275,-3,0,-6,28,15,-1,-4,1
1533864634063275,0,1,0,-5,-6,-2,-2,-2
1533864634065280,-1,0,-2,4,-1,-1,3,-1
1533864634065280,0,-1,-2,-5,7,-1,2,0
1533864634086210,3,1,5,-9,3,3,0,-3
1533864634086210,1,-1,0,-6,-2,-1,1,10
1533864634087207,-4,-6,-6,1,-2,-3,-3,-11
1533864634087207,1,0,-1,0,6,2,2,3
1533864634099179,-2,-2,0,-6,0,-1,1,-3
1533864634099179,-2,-2,-7,-5,-6,-2,-9,12
1533864634108166,-1,-1,0,12,2,0,-2,-4
1533864634108166,1,0,3,-1,1,-1,1,0
1533864634123111,-2,-2,-4,-18,-5,-3,-1,-5
1533864634123111,-1,0,-1,5,-3,-4,4,1
1533864634125106,-2,0,-1,-1,0,-3,-5,4
1533864634125106,1,0,-3,-2,0,0,-7,-6
1533864634146050,0,-1,0,-4,0,3,4,13
1533864634146050,-2,1,-4,1,-3,-1,-1,-7
1533864634147047,0,-1,1,-1,-1,-3,-2,0
1533864634147047,0,-2,0,-9,-1,-4,3,2
1533864634159015,1,-1,-1,6,3,-2,-4,-8
1533864634159015,0,-1,1,-4,-6,-2,-1,-3
1533864634167991,0,-6,2,-2,-4,0,3,3
1533864634167991,-3,1,1,-5,7,1,-8,-14
1533864634182955,2,2,-1,-3,3,0,1,3
1533864634182955,0,1,0,41,6,-2,-4,-8
1533864634184947,-6,-4,-9,-26,-29,-6,1,7
1533864634184947,-2,-3,-6,-38,-4,1,2,3
1533864634205892,-5,-5,-7,11,-11,-4,-4,-5
1533864634205892,11,8,16,51,36,13,7,3
1533864634207886,-8,-7,-10,-45,-43,-10,-5,-1
1533864634207886,-8,-5,-5,8,-27,-8,-6,-6
1533864634220019,-2,-2,1,24,5,2,-1,-2
1533864634220019,1,-2,0,-40,9,3,3,0
1533864634228127,5,3,5,55,27,5,1,-1
1533864634228127,1,2,2,14,24,2,-1,-1
1533864634244085,-3,-3,-6,15,-13,-8,-3,4
1533864634244085,-9,-6,-10,-90,-46,-9,-5,-6
1533864634245066,1,2,-2,-5,16,2,2,-2
1533864634245066,5,4,3,10,-1,1,3,3
1533864634266009,-3,-3,5,-5,1,-4,-3,-5
1533864634266009,-7,-5,-3,19,-9,-2,0,-1
1533864634267008,3,1,-2,-7,-3,2,-2,-3
1533864634267008,-5,-3,-5,33,4,-6,-1,2
1533864634288144,3,2,1,-4,21,-4,-2,0
1533864634288144,-7,-7,-13,-51,-57,-9,-5,-6
1533864634289947,1,2,3,16,4,-1,-1,2
1533864634289947,0,-1,0,-18,-14,-1,1,1
1533864634302910,3,2,1,-52,19,11,5,1
1533864634302910,-4,-6,-6,25,-4,-9,-4,-7
1533864634304923,-6,0,0,40,2,-5,-6,-4
1533864634304923,11,8,10,2,37,9,6,2
1533864634325849,-10,-10,-13,29,-49,-14,-7,-3
1533864634325849,-1,-2,3,8,26,5,-1,0
1533864634327844,-2,-2,-4,-16,3,4,0,-4
1533864634327844,-2,-3,-2,11,-12,-3,-2,-2
1533864634348842,4,3,4,-16,13,7,6,6
1533864634348842,2,0,2,8,10,3,0,-1
1533864634349786,-1,2,1,14,9,-3,-2,-3
1533864634349786,-6,-4,-7,-37,-24,-3,-4,-1
1533864634362750,1,1,2,4,2,2,1,0
1533864634362750,-4,2,-2,1,0,-5,-3,-2
1533864634364745,-3,-2,1,-15,-4,-1,-2,-6
1533864634364745,-2,-5,-5,4,6,1,2,-5
1533864634385692,1,0,-4,-8,-6,-3,-1,1
1533864634385692,1,0,3,15,7,1,0,0
1533864634387684,0,1,0,-9,0,-1,-3,1
1533864634387684,0,-3,-2,-3,-1,-2,3,6
1533864634408628,-3,0,0,5,2,-3,-7,-17
1533864634408628,2,0,-2,-2,0,-1,1,-2
1533864634409625,-2,-5,-2,-4,-3,0,2,8
1533864634409625,-2,-2,-3,0,-8,-2,-3,-10
1533864634422594,1,-1,1,-7,0,1,6,8
1533864634422594,-4,-4,-6,2,2,0,-4,-9
1533864634429572,0,0,4,-5,-4,0,1,-5
1533864634429572,2,0,0,3,1,-1,-4,7
1533864634445529,-1,0,-4,-3,4,1,-3,6
1533864634445529,-1,0,0,-1,-4,-5,-8,-22
1533864634447525,0,-2,-3,3,3,0,3,5
1533864634447525,-5,0,1,-4,-4,-1,-5,-9
1533864634468665,0,-2,-2,-3,2,2,6,5
1533864634468665,-3,-3,-1,-2,-6,-1,2,9
1533864634469478,0,-3,-3,-4,2,1,-2,-4
1533864634469478,-1,0,-2,-4,-5,-2,1,5
1533864634482460,4,0,3,17,6,-2,-1,-2
1533864634482460,-4,-4,-6,-16,-8,-5,-3,2
1533864634489456,-4,0,-4,2,1,-1,-4,-2
1533864634489456,-1,1,-1,6,12,5,1,3
1533864634505377,0,1,7,-9,-13,-2,-4,-6
1533864634505377,6,0,-2,20,11,2,1,1
1533864634507365,-3,-3,-5,12,-11,-5,3,1
1533864634507365,0,1,-2,-19,3,-1,-3,-3
1533864634528308,-1,-1,-1,21,8,-1,-1,-3
1533864634528308,4,3,3,10,19,1,3,5
1533864634530303,0,0,-3,-23,-14,-2,-2,-2
1533864634530303,-8,-5,-8,-10,-46,-10,-7,-5
1533864634543271,-2,-1,2,-11,-3,1,-1,-2
1533864634543271,-1,-1,-3,-17,-25,-2,-2,1
1533864634549285,0,1,6,34,37,9,3,7
1533864634549285,2,-3,-2,29,27,-3,-3,-9
1533864634566207,-5,-2,-6,-18,-21,-4,2,5
1533864634566207,-3,0,1,-1,13,-1,-5,-14
1533864634567205,0,1,2,-7,1,-4,-3,-7
1533864634567205,0,-3,-3,18,6,7,6,11
1533864634588148,-5,-5,-10,-16,-10,-8,-4,-1
1533864634588148,5,5,8,35,20,8,8,9
1533864634590143,-8,-8,-20,-29,-19,-17,-8,-5
1533864634590143,1,1,6,3,11,9,-1,-1
1533864634602110,3,1,4,25,35,6,-3,-4
1533864634602110,-3,-2,-4,-31,-41,-8,1,4
1533864634609095,0,-1,3,3,-1,-1,-2,-5
1533864634609095,2,3,6,9,8,0,2,4
1533864634626049,-13,-6,-14,-57,-52,-19,-8,-2
1533864634626049,0,0,3,24,8,4,-5,-3
1533864634627044,7,2,5,-1,26,7,5,3
1533864634627044,-11,-7,-14,-57,-53,-11,-6,-6
1533864634647991,8,5,11,10,27,11,4,2
1533864634647991,-7,-6,-8,-5,-11,-7,-2,1
1533864634649983,4,3,6,17,14,5,0,-3
1533864634649983,-1,-5,-4,8,-1,-7,-2,-1
1533864634662952,-1,-2,-3,-1,10,5,0,-3
1533864634662952,-2,0,-5,16,-6,-5,1,6
1533864634668931,-1,-6,-2,-9,-9,-1,-4,2
1533864634668931,2,1,3,9,3,-2,0,0
1533864634685886,2,2,-2,0,-9,0,-2,-3
1533864634685886,-3,-1,0,0,12,1,0,0
1533864634686883,-1,4,2,-10,-10,-1,-1,0
1533864634686883,0,2,-1,-5,-5,-4,-3,-4
1533864634708859,0,-3,1,11,6,-2,-5,-5
1533864634708859,3,-1,0,-11,-2,4,3,6
1533864634709823,-5,-3,-6,-7,-15,-6,-4,4
1533864634709823,-2,-3,-3,-3,5,-2,-2,-4
1533864634722926,-1,-2,0,10,3,0,-1,5
1533864634722926,-1,0,3,-8,-1,-1,-3,-9
1533864634729976,1,-1,-1,-2,-10,-2,2,9
1533864634729976,3,0,-1,7,12,4,6,3
1533864634745726,-5,0,-6,-1,-1,-1,-8,-18
1533864634745726,-2,1,1,-10,-7,-3,-2,-3
1533864634747721,-1,-1,-3,2,2,2,10,6
1533864634747721,-4,-1,-1,-1,-2,-2,-11,-1
1533864634767668,-1,-2,1,0,-5,-1,0,2
1533864634767668,-2,0,-5,-8,-3,-3,-1,-3
1533864634769697,0,1,4,1,2,2,-1,-9
1533864634769697,0,-1,-3,-3,2,1,3,9
1533864634781669,-3,-2,-1,-3,-5,-2,1,-2
1533864634781669,-2,-3,0,2,3,-2,-5,4
1533864634790622,2,0,-1,-7,-3,-3,-2,2
1533864634790622,0,-2,1,18,-5,-3,2,-2
1533864634805567,3,3,3,-4,15,4,-3,-2
1533864634805567,-5,-2,-6,-27,-2,-4,1,0
1533864634807562,-7,-3,-7,-6,-13,-5,-5,-5
1533864634807562,4,3,8,7,9,4,1,-2
1533864634828509,4,2,2,0,3,4,8,11
1533864634828509,0,-1,0,60,10,-2,-5,-8
1533864634829503,-6,-3,-6,-60,-9,0,-2,-10
1533864634829503,2,1,3,23,17,-2,-4,-3
1533864634842471,-6,-4,-6,15,-39,-8,3,8
1533864634842471,2,-2,-1,-35,-15,-1,-1,4
1533864634850449,-2,1,5,15,-9,-2,-3,-3
1533864634850449,1,-2,-1,-14,10,2,-2,-10
1533864634865409,-4,-2,-3,7,3,-3,-1,-5
1533864634865409,-4,-3,0,7,1,-1,-2,2
1533864634867401,0,-1,0,9,6,0,-1,-4
1533864634867401,-2,-3,-3,-12,0,4,-2,0
1533864634888348,5,1,4,-21,23,3,3,4
1533864634888348,-5,-5,-9,0,-39,-5,-4,-7
1533864634889358,1,-1,1,-3,23,4,0,2
1533864634889358,1,4,3,26,-6,-1,3,2
1533864634902307,-9,-7,-13,-34,-12,-7,-7,-8
1533864634902307,4,3,5,-5,25,3,1,5
1533864634911285,-1,-1,-3,-8,-15,-3,-1,-6
1533864634911285,-1,1,0,-7,2,1,2,2
1533864634926247,2,-1,1,-2,-13,-3,-4,-6
1533864634926247,0,2,1,1,3,0,0,-2
1533864634927242,-4,-3,-10,-25,-20,-7,-2,-1
1533864634927242,-8,-13,-3,31,-11,-8,-4,1
1533864634948196,4,2,1,-35,6,3,1,-3
1533864634948196,4,3,3,4,32,9,3,2
1533864634950180,-1,3,3,34,2,-5,-4,0
1533864634950180,-2,-5,-8,-28,-18,-4,1,-3
1533864634962156,-3,-6,-4,17,-2,-1,-1,-2
1533864634962156,0,0,-1,-5,0,0,-1,2
1533864634971124,1,-2,2,3,5,2,-2,-2
1533864634971124,2,2,-1,-19,-7,-4,2,3
1533864634986088,-3,-3,-1,17,3,-1,-6,-7
1533864634986088,-3,-3,-1,-11,-6,-2,-4,-12
1533864634987085,2,1,0,10,-1,-1,3,7
1533864634987085,-4,1,-2,-5,-2,-5,-8,-13
1533864635008069,1,-1,-2,8,4,-1,4,7
1533864635008069,-3,-1,-4,-5,-9,-1,-1,-2
1533864635010020,-4,-4,1,5,-3,2,-2,-6
1533864635010020,0,0,-4,-9,2,2,3,8
1533864635022206,-1,2,1,8,-3,-1,3,-7
1533864635022206,0,-2,-5,-5,-7,-3,-8,-6
1533864635030964,1,-2,4,4,1,1,-3,8
1533864635030964,0,2,0,-10,-2,-1,-1,-11
1533864635045923,-4,-4,-3,6,-3,-1,-1,-4
1533864635045923,1,-3,-3,1,-3,-2,4,5
1533864635046922,0,-3,-5,5,6,0,-1,1
1533864635046922,1,2,3,-4,-3,1,-1,-3
1533864635067868,1,-2,-2,6,-3,-2,5,21
1533864635067868,-2,-5,0,1,2,-3,-10,-25
1533864635069859,2,2,-4,-10,-1,-1,1,10
1533864635069859,-3,-1,2,-4,1,1,-7,-16
1533864635081828,-3,-3,-3,8,-2,-2,-2,-6
1533864635081828,3,2,2,23,5,4,3,9
1533864635090804,-5,-5,-7,-30,-14,-7,-3,-9
1533864635090804,-1,0,-7,12,15,-1,2,1
1533864635105764,7,5,7,-34,-17,3,4,11
1533864635105764,-12,-8,-9,3,-17,-9,-9,-7
1533864635107758,1,-2,-1,28,1,3,1,2
1533864635107758,3,2,6,-25,10,2,-1,3
1533864635128702,-5,-2,-4,-21,-19,-6,-6,-9
1533864635128702,3,1,2,4,-13,1,7,13
1533864635129701,-10,-3,0,-6,-8,-3,-3,-10
1533864635129701,-1,-4,-2,8,2,-1,1,2
1533864635141667,3,3,3,-2,32,7,-4,-5
1533864635141667,0,3,4,-16,-22,-1,4,4
1533864635150644,-1,-3,-11,-35,-20,-6,-3,-8
1533864635150644,-5,-6,-2,15,-1,-8,-4,3
1533864635164606,0,2,5,28,26,6,0,0
1533864635164606,-2,-5,-8,-24,-3,-4,-1,2
1533864635173583,2,3,6,27,17,0,-2,-3
1533864635173583,2,0,1,-5,-2,5,1,1
1533864635188748,-3,-5,-8,-25,-1,-8,-6,-1
1533864635188748,1,1,8,46,19,-2,0,-3
1533864635189576,7,5,4,4,25,6,1,5
1533864635189576,-13,-11,-19,-10,-76,-21,-9,-6
1533864635210483,-5,-1,0,17,2,5,2,-2
1533864635210483,3,1,0,-11,-5,1,3,0
1533864635212479,3,1,1,-8,6,2,1,-1
1533864635212479,-4,0,-1,15,5,2,-3,-3
1533864635225446,-2,1,-2,10,-4,-4,-2,-2
1533864635225446,-2,-3,1,0,22,1,0,1
1533864635227438,0,-7,2,4,0,1,0,-2
1533864635227438,4,2,1,-6,16,5,1,0
1533864635248391,-2,-1,-5,2,-19,-5,-2,-1
1533864635248391,-1,1,-6,-21,-8,0,-2,-6
1533864635249380,0,1,-1,14,5,-1,1,3
1533864635249380,-2,-4,0,-13,-4,2,2,1
1533864635270402,-2,-1,6,14,7,-2,1,2
1533864635270402,-3,-1,-3,-6,-6,-1,-1,0
1533864635272319,-2,0,-5,-2,-4,0,-2,3
1533864635272319,0,1,-1,-4,4,-1,-1,-4
1533864635286335,5,3,-1,-2,-10,-2,2,25
1533864635286335,-6,-2,-3,-5,8,2,-5,-22
1533864635287279,-3,-5,-2,-3,-12,-2,-1,8
1533864635287279,2,1,1,-5,5,1,8,0
1533864635308222,-5,-3,-1,4,2,-4,-13,-36
1533864635308222,-1,-4,-2,-11,-7,-5,-2,7
1533864635310217,2,-1,2,0,0,-1,4,10
1533864635310217,-5,-2,-3,4,-1,-4,-10,-13
1533864635331364,-3,0,-4,0,-3,0,5,2
1533864635331364,0,-1,-7,-3,2,-2,-6,-3
1533864635332185,-10,0,3,-3,-5,-3,-3,-10
1533864635332185,4,0,5,-2,6,1,2,17
1533864635345140,0,-6,-4,0,-3,1,-2,-9
1533864635345140,-2,-1,-3,-15,-5,0,1,8
1533864635352104,3,-2,-3,7,2,-2,1,0
1533864635352104,0,-1,1,-3,0,0,-1,3
1533864635368063,2,-1,2,-5,2,1,0,0
1533864635368063,-1,-3,5,18,5,-1,0,2
1533864635370057,-7,-4,-12,16,-13,-8,-6,-7
1533864635370057,0,0,-1,-38,-9,1,1,-1
1533864635391105,-2,-2,-4,17,-3,-4,-3,-3
1533864635391105,1,2,5,11,8,2,5,8
1533864635392033,-1,-4,-6,-43,10,3,-2,-10
1533864635392033,-4,-2,0,7,-22,-2,-4,-2
1533864635405022,8,1,0,30,50,5,3,5
1533864635405022,-15,-1,-4,-20,-70,-10,-4,-6
1533864635411954,-6,-2,-5,12,14,-2,-6,-8
1533864635411954,0,0,0,-1,1,6,4,0
1533864635427902,3,2,2,-13,38,2,3,4
1533864635427902,-1,-2,-2,-6,-30,-8,-2,-7
1533864635429904,3,0,4,0,-5,-3,-4,-4
1533864635429904,1,-2,-1,6,27,5,-2,3
1533864635450870,-9,-5,-6,-8,-46,-8,-3,-4
1533864635450870,-1,0,-3,20,29,2,2,1
1533864635452841,1,2,4,-24,-29,-5,2,1
1533864635452841,0,-3,-6,14,11,-1,-3,-3
1533864635464806,3,2,8,2,10,7,2,0
1533864635464806,8,-1,-3,-19,27,6,-2,0
1533864635471788,-5,-3,-2,24,20,-5,-2,-2
1533864635471788,-7,-3,-12,4,-50,-10,-4,-6
1533864635488742,-7,-2,-2,-12,-12,-5,-3,-4
1533864635488742,4,3,4,11,10,7,4,6
1533864635489737,4,1,3,17,27,8,3,-2
1533864635489737,1,-4,-3,-23,-11,-5,-2,-4
1533864635509683,-1,4,0,0,-14,-6,0,-6
1533864635509683,2,4,-1,-4,5,-1,-1,3
1533864635510680,-1,-8,-1,-1,7,4,0,5
1533864635510680,-6,-8,-3,-5,5,-3,-3,-5
1533864635524152,0,-1,-2,-10,-12,-3,-3,-4
1533864635524152,0,-1,0,5,13,-3,-1,1
1533864635533130,0,6,-4,-11,-19,-2,7,10
1533864635533130,0,3,4,10,8,0,-7,-22
1533864635548090,-3,-4,-1,1,-6,-2,-1,2
1533864635548090,-4,-1,-4,-6,-2,-3,-7,-4
1533864635548090,1,-1,-1,-2,-8,-2,1,6
1533864635548090,-4,-1,2,-4,4,0,2,1
1533864635570028,-1,-2,-1,-5,-4,0,0,-7
1533864635570028,-2,-6,-6,-5,-2,-2,2,-1
1533864635571034,2,-1,-4,-5,-8,-2,-2,20
1533864635571034,2,4,6,11,17,0,1,-14
1533864635583994,-2,-1,2,-6,-11,-4,-9,-7
1533864635583994,-1,-4,-1,-5,-4,-4,0,2
1533864635592967,-3,-2,-4,3,2,-1,-4,-14
1533864635592967,1,0,-6,-5,1,0,-1,3
1533864635607930,-1,-3,-3,2,-4,2,1,11
1533864635607930,5,1,1,-3,0,1,1,-3
1533864635607930,-10,2,0,-1,-1,0,-4,-3
1533864635607930,4,2,4,1,0,-1,3,12
1533864635629870,-2,-1,-1,-1,6,0,-2,-5
1533864635629870,-3,-3,0,17,0,-3,-1,0
1533864635630867,1,-1,-1,-8,4,-1,-2,-13
1533864635630867,-5,-4,-8,-45,-23,-6,-1,3
1533864635644849,-2,-3,-3,22,5,1,1,0
1533864635644849,0,1,-1,-5,2,-1,-1,-4
1533864635652807,5,3,7,10,-4,-2,-3,-6
1533864635652807,2,-1,1,12,29,2,2,4
1533864635667767,-5,-1,-10,-36,-25,-10,-4,-3
1533864635667767,-8,-3,-10,5,7,0,-4,-1
1533864635668764,-4,-3,-3,4,-19,-4,-1,-5
1533864635668764,-2,-1,-1,12,2,0,-2,4
1533864635689736,6,4,10,39,33,6,3,-1
1533864635689736,0,-4,-2,-16,13,-5,-3,-6
1533864635690706,4,3,5,-20,-34,-4,-1,0
1533864635690706,-2,-2,-5,20,25,0,-2,-2
1533864635704897,-4,-3,0,10,-11,2,2,-4
1533864635704897,4,1,3,-6,21,1,2,3
1533864635712647,-3,-2,-2,-29,-26,-1,-2,-2
1533864635712647,-1,-1,-1,8,6,1,-1,1
1533864635727607,0,0,0,17,-5,-4,-3,-1
1533864635727607,-4,-3,0,-6,-30,-4,-1,-2
1533864635728605,0,-1,-2,23,52,11,-2,-5
1533864635728605,-1,0,0,-22,-22,-7,-1,1
1533864635750549,-5,-4,-3,-6,21,6,-1,3
1533864635750549,1,1,4,-4,-26,-6,-4,-3
1533864635750549,-3,-4,-1,5,-1,-2,0,-1
1533864635750549,2,1,3,19,9,4,3,3
1533864635764511,5,0,0,-56,-1,0,0,0
1533864635764511,-10,-5,-9,13,-11,-8,-3,-2
1533864635772487,-7,-1,-2,2,-2,-6,-4,-7
1533864635772487,2,-2,-1,-4,0,-3,-1,3
1533864635787799,1,1,-1,2,-4,0,1,1
1533864635787799,3,0,-1,-8,11,3,2,-1
1533864635788629,-1,-1,1,-6,-4,0,1,0
1533864635788629,-2,-4,-28,0,-5,0,2,1
1533864635810536,-2,-3,4,-3,-20,-9,-7,3
1533864635810536,-1,-2,-3,-2,-5,0,-3,-3
1533864635811532,-1,-3,-1,6,1,-2,-1,-10
1533864635811532,-1,0,-2,-1,-6,-1,-2,0
1533864635824542,-1,-2,-5,-9,-9,-2,0,5
1533864635824542,-1,-1,-1,3,7,0,1,-4
1533864635832506,1,-2,1,3,9,0,-4,4
1533864635832506,-1,1,7,-3,-4,1,-1,0
1533864635847439,-3,-1,-2,1,-7,-3,-1,-3
1533864635847439,-2,-1,5,-1,-2,-1,0,-2
1533864635848434,-1,-2,-4,1,-2,-2,-1,0
1533864635848434,-2,0,2,1,3,1,-2,-4
1533864635870375,-1,0,2,24,6,4,0,0
1533864635870375,5,3,3,-11,19,7,2,1
1533864635870375,-5,-2,-6,-26,-44,-11,-3,-1
1533864635870375,-7,-5,-6,2,-3,-8,-6,-6
1533864635884348,-2,-1,-2,-11,2,0,-2,-4
1533864635884348,0,-1,2,16,1,2,-2,1
1533864635892316,4,4,6,6,12,6,3,1
1533864635892316,1,0,4,-10,-2,-3,-3,-1
1533864635907280,-2,-4,-5,1,-5,-2,-1,-3
1533864635907280,-2,2,0,2,0,1,0,-2
1533864635908297,0,-3,-3,1,9,0,-2,-1
1533864635908297,-1,0,0,1,-11,-2,1,-2
1533864635930349,-3,-2,-3,-8,1,-5,-2,-3
1533864635930349,-1,-1,-2,-9,-7,-2,-3,1
1533864635931214,-1,-1,-1,2,0,-4,-3,-1
1533864635931214,0,0,5,-8,-3,5,0,2
1533864635952160,2,2,0,-6,3,-4,-3,0
1533864635952160,-10,-7,-8,4,-10,-4,-5,-4
1533864635953165,0,-2,-2,3,-1,2,1,0
1533864635953165,0,-1,4,4,-5,-2,-2,-2
1533864635967120,2,4,2,-14,-9,2,-1,2
1533864635967120,1,-2,-3,25,5,-2,-1,-2
1533864635968114,-5,-3,-5,13,3,-4,-5,-2
1533864635968114,2,2,2,-1,-1,2,0,0
1533864635990071,-4,-5,-6,-34,-13,-4,-1,-3
1533864635990071,0,0,2,-4,3,1,-1,-1
1533864635991088,1,-1,-1,-2,4,1,-1,-2
1533864635991088,-1,0,-3,4,-1,-2,-1,-3
1533864636012993,0,1,6,10,7,-1,-2,-4
1533864636012993,-5,-5,-1,7,-14,-2,1,-2
1533864636012993,-2,-1,-1,-17,4,0,3,1
1533864636012993,0,-1,-1,-4,-1,-1,-1,1
1533864636027954,0,-1,-1,1,13,2,0,0
1533864636027954,-1,0,0,4,-9,-2,-2,-1
1533864636027954,-7,-8,-12,-35,-16,-9,-6,-4
1533864636027954,-3,-1,-1,4,3,-1,-2,-3
1533864636049898,-1,-1,-2,5,-2,2,0,0
1533864636049898,2,3,4,-6,9,1,1,-1
1533864636050904,3,3,3,6,3,2,1,0
1533864636050904,0,3,2,-9,-2,-3,-2,0
1533864636064856,-4,-4,-6,6,1,-1,-1,-2
1533864636064856,0,-2,-1,-17,-5,0,0,0
1533864636072837,2,2,0,7,3,0,-2,0
1533864636072837,-1,-1,0,1,-2,-3,-2,0
1533864636087793,-3,-1,-1,6,-9,-5,-3,-3
1533864636087793,-2,-1,-2,-13,-3,0,-3,-1
1533864636088791,-1,0,1,4,-1,0,-3,-2
1533864636088791,-2,-2,-1,2,6,0,1,-1
1533864636109738,-1,0,-3,-4,-8,-6,-1,1
1533864636109738,0,0,-3,-10,10,5,2,0
1533864636110731,0,1,1,9,-4,-3,-2,-2
1533864636110731,2,1,3,13,3,2,1,0
1533864636124698,-5,-6,-6,27,3,-5,-5,-3
1533864636124698,1,-1,-2,-47,-16,-6,-2,4
1533864636132891,0,2,2,-12,-3,4,3,-5
1533864636132891,2,1,-3,15,21,2,10,9
1533864636147749,-11,-7,-7,-9,-27,-6,-14,-19
1533864636147749,0,-2,2,-8,2,-1,0,3
1533864636148656,8,1,-3,-5,0,4,31,52
1533864636148656,-11,1,3,37,-1,-6,-48,-83
1533864636170572,4,1,-5,-64,-8,0,3,3
1533864636170572,-2,-1,1,8,1,0,-6,-7
1533864636170572,-2,1,10,-7,-4,-4,-1,1
1533864636170572,0,0,-6,-18,-6,-1,10,20
1533864636193510,0,-4,-3,17,7,2,3,1
1533864636193510,-1,-1,-7,2,-4,-3,-2,-10
1533864636194520,1,-2,-4,8,12,-1,-4,1
1533864636194520,0,-1,-1,-7,-7,0,4,13
1533864636207677,-1,2,4,0,-7,1,-7,-12
1533864636207677,7,7,6,12,8,3,11,18
1533864636208471,1,3,0,51,57,6,-8,-11
1533864636208471,-18,-14,-14,-50,-90,-17,-10,-7
1533864636230412,5,-3,3,21,56,10,10,9
1533864636230412,-3,-5,-4,-68,-78,-4,-3,-5
1533864636230412,-6,-2,-8,28,9,-8,-11,-15
1533864636230412,-2,-4,-11,7,19,-1,-1,3
1533864636253354,-2,0,1,-8,-62,-7,0,8
1533864636253354,1,2,0,25,47,5,0,-1
1533864636254348,4,8,11,-24,-14,0,-3,-10
1533864636254348,9,4,5,1,19,5,18,21
1533864636267315,-3,-6,-2,13,20,2,-9,-17
1533864636267315,-4,-8,-1,15,10,-2,-5,-7
1533864636268324,-1,-6,-5,-23,-25,-5,0,3
1533864636268324,1,4,3,2,13,-2,-4,-10
1533864636290255,3,6,3,9,7,0,5,14
1533864636290255,-7,0,-3,1,-7,-5,-7,-19
1533864636291257,-4,-9,-6,-14,-11,-2,-3,0
1533864636291257,-3,-1,2,-1,2,0,-2,2
1533864636313191,-1,-2,-2,-5,-6,0,-1,-2
1533864636313191,1,1,-2,10,-1,-4,-1,5
1533864636314188,-7,-2,-3,5,3,3,-4,-9
1533864636314188,-1,-7,-1,-6,-1,2,5,10
1533864636327154,-2,1,-1,-6,1,-3,0,-3
1533864636327154,-2,-2,0,12,6,-1,1,2
1533864636328151,-2,-3,-3,3,-5,-5,-5,1
1533864636328151,1,1,1,-8,-2,-3,-5,-4
1533864636350095,-4,-2,-2,-3,1,-3,5,3
1533864636350095,-1,1,-1,5,1,0,-7,-1
1533864636351090,-5,-2,-1,-6,-7,-5,0,-3
1533864636351090,-1,-1,-3,-4,-1,2,0,-4
1533864636373030,0,1,1,3,2,0,3,12
1533864636373030,-1,1,-2,5,5,-1,-4,-20
1533864636374027,-1,-1,-1,-9,-11,-2,-9,-19
1533864636374027,3,-2,0,2,7,-1,-4,12
1533864636388015,-1,2,-1,9,8,-2,1,-6
1533864636388015,0,-3,-5,-32,-12,-3,3,7
1533864636388015,-4,-2,-1,44,4,1,-7,-7
1533864636388015,1,-3,2,-24,22,1,3,5
1533864636409933,0,-2,-4,-14,-32,-3,-3,-3
1533864636409933,-3,0,-1,-9,-3,-1,0,2
1533864636410947,6,4,5,15,2,4,7,7
1533864636410947,1,0,-2,13,45,2,-2,-7
1533864636432898,-11,-5,-8,18,-55,-11,-7,-2
1533864636432898,10,7,12,-8,29,9,4,1
1533864636433867,-9,-7,-13,-47,-41,-12,-4,2
1533864636433867,-5,-3,-2,24,2,0,0,0
1533864636447862,4,2,2,3,41,7,1,-4
1533864636447862,-2,-3,2,-1,-8,-5,-2,2
1533864636448827,0,-1,-1,-10,-18,-2,0,-1
1533864636448827,-1,2,0,-8,-7,1,0,-1
1533864636469897,0,-1,-2,-5,-6,-4,-3,-4
1533864636469897,1,0,5,41,21,5,3,4
1533864636470769,1,3,6,-24,20,5,2,0
1533864636470769,-4,-4,-8,-11,-43,-8,-4,-7
1533864636492916,-1,-3,-6,13,0,-6,-3,1
1533864636492916,-4,-4,-5,1,9,-7,-2,-1
1533864636493707,2,-2,-1,7,14,5,-1,-2
1533864636493707,2,4,5,-2,5,5,4,2
1533864636507818,3,2,4,-24,-12,-1,0,1
1533864636507818,-6,-3,-5,26,5,-2,-3,-2
1533864636508680,-1,-1,-1,-19,1,1,0,0
1533864636508680,2,1,5,7,-2,-1,1,3
1533864636529616,0,0,0,-22,-7,-1,2,-1
1533864636529616,-6,-6,-12,-11,-21,-10,-6,-5
1533864636530609,2,3,14,13,5,1,2,0
1533864636530609,-3,-4,-7,-1,-6,0,2,1
1533864636560528,2,-4,-2,-13,5,3,1,-1
1533864636560528,-2,-3,4,-4,-12,0,-3,-2
1533864636561544,2,-2,-5,12,17,-2,-4,-2
1533864636561544,-1,-1,1,-9,-11,-1,1,1
1533864636567514,-3,0,0,4,6,0,-3,-2
1533864636567514,-1,-3,-7,1,0,-3,-2,0
1533864636568526,0,-1,-2,-2,1,3,0,-2
1533864636568526,0,-2,-2,-2,-17,-7,-2,-2
1533864636590452,-3,-2,-4,6,3,3,-5,-1
1533864636590452,0,1,-2,-2,19,1,3,-1
1533864636590452,-2,-1,-1,0,-12,0,0,0
1533864636590452,-2,-1,3,7,-10,-1,-4,-1
1533864636612394,1,-2,-1,22,17,-1,2,0
1533864636612394,-3,-3,-4,-8,-15,-6,-4,0
1533864636613388,-1,-4,-2,-26,-16,-8,-1,0
1533864636613388,6,3,5,-4,24,3,0,-2
1533864636627350,-8,-3,-5,3,-23,-8,-8,-4
1533864636627350,-7,-6,-8,-15,-21,-5,1,0
1533864636628376,-3,-9,-21,-18,-13,-3,-1,-1
1533864636628376,2,-1,-3,-33,-1,1,0,-3
1533864636650294,2,1,3,-5,10,-2,-3,-4
1533864636650294,0,2,10,18,9,4,0,-1
1533864636651459,0,1,3,7,18,3,1,1
1533864636651459,-2,-2,-2,1,-11,-2,-2,1
1533864636672229,1,3,5,11,19,7,1,-2
1533864636672229,0,2,-2,-26,-22,-2,2,1
1533864636673228,-4,-1,0,11,-1,-3,-1,-3
1533864636673228,-3,-1,-2,9,-1,-2,-1,-2
1533864636687189,0,-1,1,15,6,0,0,1
1533864636687189,1,1,1,9,6,4,-3,-2
1533864636688193,1,-1,-1,-21,-2,-4,-2,0
1533864636688193,-5,-2,0,2,-6,-5,-4,-2
1533864636710128,-7,-5,-6,-35,-16,-6,-2,-1
1533864636710128,3,-3,-6,21,18,0,2,0
1533864636711126,-2,-2,-2,-21,-26,-7,-8,-6
1533864636711126,2,2,1,8,-18,0,-1,0
1533864636732081,3,3,0,-14,24,4,3,7
1533864636732081,-1,0,1,-3,-14,-7,-4,1
1533864636733071,-2,1,-1,29,20,6,9,0
1533864636733071,-1,1,-1,-1,10,13,5,-2
1533864636747216,1,2,2,3,-7,-2,-1,2
1533864636747216,-2,-2,-3,5,2,-3,1,-3
1533864636755012,-2,-1,0,7,5,-8,-8,-3
1533864636755012,-3,-3,-4,-5,-11,-9,-4,-3
1533864636769969,1,-5,-4,3,-1,-3,-4,-5
1533864636769969,-1,-2,-2,-6,0,-5,-8,-3
1533864636770966,-2,-3,-1,0,-6,0,-3,-3
1533864636770966,0,-1,-1,-3,-3,-2,3,1
1533864636792911,0,0,1,6,11,-1,1,-1
1533864636792911,2,-1,1,-5,-14,-3,-3,-4
1533864636792911,0,1,-1,5,4,5,-2,-4
1533864636792911,0,-1,-1,3,1,2,0,2
1533864636807085,5,-2,0,-3,-5,1,3,0
1533864636807085,-2,-2,2,-2,3,-2,1,-1
1533864636814848,-4,-3,-1,5,3,-2,1,-2
1533864636814848,-2,-4,-4,-5,9,2,-1,-3
1533864636837794,-3,-3,0,-1,-20,-4,-2,0
1533864636837794,-2,-2,-1,-5,1,-2,0,-1
1533864636838785,-1,-1,0,5,-2,-4,-2,2
1533864636838785,-1,-2,-2,-5,6,2,-2,-3
1533864636852764,-2,1,-2,0,2,3,-2,-2
1533864636852764,0,1,-1,3,-7,-1,-3,-1
1533864636853744,-1,-1,-1,-1,13,-7,-6,-1
1533864636853744,-1,-1,0,0,-12,-11,5,2
1533864636866861,-3,-2,-4,-2,8,16,5,-1
1533864636866861,1,2,4,1,-6,7,7,5
1533864636874979,1,-3,-3,4,-4,-4,-4,-3
1533864636874979,-1,-5,-1,1,4,-11,-11,-6
1533864636889786,-1,0,2,-2,-8,-9,-2,2
1533864636889786,-1,2,-1,-3,0,5,1,2
1533864636890780,0,-3,1,-6,-6,2,7,1
1533864636890780,-4,-2,-2,11,8,0,-3,-3
1533864636912727,-3,-6,-7,-11,-6,-10,-7,-7
1533864636912727,-3,-1,-4,-2,0,1,2,-2
1533864636913720,0,1,-1,5,-1,1,-2,-1
1533864636913720,2,2,-1,-13,3,-2,-5,-1
1533864636926700,-1,3,0,2,-10,2,5,2
1533864636926700,0,0,-4,0,-3,-7,-4,-3
1533864636935668,0,2,2,4,2,0,5,1
1533864636935668,-1,2,0,3,-2,8,1,5
1533864636950633,0,0,0,4,1,-4,-6,-3
1533864636950633,-1,-2,-3,-1,12,1,1,0
1533864636950633,0,1,2,2,-3,0,-6,-1
1533864636950633,-3,-2,-2,-1,-4,2,1,-4
1533864636972562,-2,-2,-3,-6,-4,-3,-3,0
1533864636972562,1,-3,-2,-4,-7,-3,-2,-4
1533864636973571,-1,-2,0,-5,5,0,0,-1
1533864636973571,1,-2,-1,-2,-5,-8,-5,-1
1533864636986524,2,-1,-1,-2,-2,-7,-10,-10
1533864636986524,-2,1,2,0,10,5,4,4
1533864636995500,-2,1,1,1,2,7,5,5
1533864636995500,-2,-1,-1,-3,-4,1,3,1
1533864637010460,-3,-4,-3,-1,-2,-7,-8,-6
1533864637010460,-2,-2,-1,-2,-5,-7,-2,-7
1533864637010460,2,5,3,3,2,5,1,7
1533864637010460,-3,-2,-3,4,0,0,0,0
1533864637032404,-2,-1,-2,-1,2,-2,2,0
1533864637032404,-1,-1,-2,-2,-4,-5,-5,-2
1533864637033398,-1,-5,-6,-4,-10,-14,-8,-10
1533864637033398,1,1,-1,1,2,0,6,0
1533864637046367,-1,1,-13,1,5,9,4,5
1533864637046367,-1,6,50,-1,-2,2,0,2
1533864637055341,-3,0,1,-4,-8,-2,-3,-6
1533864637055341,-3,-2,0,-3,-3,-8,-4,-2
1533864637070299,-3,2,7,2,2,2,3,1
1533864637070299,1,-2,-13,0,1,2,-2,2
1533864637070299,0,-9,-46,-4,-2,-4,-2,-2
1533864637070299,-1,7,12,-4,-4,-4,-4,-5
1533864637093243,-2,-17,12,3,6,7,8,4
1533864637093243,1,-3,-82,0,4,2,-4,0
1533864637093243,-2,5,46,-1,-9,-2,-5,-1
1533864637093243,-4,-11,-6,-5,-2,-1,-2,-3
1533864637116234,-1,-1,-41,-3,-2,-5,-3,-2
1533864637116234,-2,-1,-4,1,-3,3,5,1
1533864637117227,0,-3,-28,-3,6,-1,2,-1
1533864637117227,0,13,66,1,-4,-1,-2,2
1533864637130193,-1,-10,-21,-2,2,-5,-4,-4
1533864637130193,-1,-3,86,2,-1,-2,0,-1
1533864637131204,-2,-5,-75,-6,-5,-1,-3,-2
1533864637131204,1,1,46,2,2,3,1,2
1533864637152140,-1,11,-24,-3,-1,-5,-1,-2
1533864637152140,5,20,89,-8,-13,-9,-4,-5
1533864637153138,-2,-1,32,11,10,3,-1,0
1533864637153138,-2,-7,-37,-15,-1,-3,-6,0
1533864637176274,-4,-3,39,6,-11,1,2,1
1533864637176274,-5,-8,-114,-9,-1,-2,-1,-3
1533864637176274,-4,6,-11,-4,-8,-12,-7,-6
1533864637176274,1,-21,-93,3,2,4,1,-3
1533864637190232,1,15,37,6,18,5,1,4
1533864637190232,-6,-9,-14,-2,-10,-2,-2,-2
1533864637191031,-2,0,4,-4,-2,0,1,-3
1533864637191031,-4,2,-28,-3,1,-4,-6,-3
1533864637212973,0,-2,-24,-11,-10,-4,-5,-2
1533864637212973,0,-3,-6,7,13,5,6,3
1533864637212973,0,-1,23,2,-1,0,2,0
1533864637212973,0,7,5,-6,2,-2,-1,-2
1533864637235914,0,0,17,4,-8,-4,1,0
1533864637235914,0,2,19,4,3,-1,-4,-2
1533864637236908,1,2,8,-3,-5,2,-3,0
1533864637236908,0,-2,-16,2,-12,-1,9,4
1533864637249873,1,11,46,-11,-3,0,-5,10
1533864637249873,-3,-19,-13,3,5,-3,-5,-9
1533864637250871,-2,-12,-86,-9,-2,2,1,-2
1533864637250871,3,6,101,16,8,1,-1,0
1533864637273025,2,13,13,3,3,2,2,3
1533864637273025,-2,4,22,-4,-11,-4,-6,-10
1533864637273810,-6,-8,39,0,2,3,2,-9
1533864637273810,-4,-11,-29,-5,3,-6,-3,5
1533864637295754,-2,-7,-30,6,6,-7,-4,-4
1533864637295754,2,6,5,-1,11,15,6,11
1533864637296748,-5,1,-3,35,7,-1,3,6
1533864637296748,-2,-2,-11,-5,23,6,0,-9
1533864637309717,-2,-4,-4,-11,-30,-12,-5,-8
1533864637309717,-5,-7,-31,-26,-26,-8,2,22
1533864637310710,3,-2,22,-3,4,0,-8,1
1533864637310710,-1,0,-6,-20,-14,0,-2,-9
1533864637332655,3,-3,3,22,31,6,2,-4
1533864637332655,0,-2,-2,18,33,3,-2,-5
1533864637333649,-4,-2,-2,-28,-51,-11,-5,6
1533864637333649,-2,7,-12,10,9,1,0,2
1533864637355594,-1,-20,6,-20,-14,2,0,-3
1533864637355594,-2,-3,5,-6,-1,1,5,-4
1533864637356588,4,2,9,5,22,7,-3,-2
1533864637356588,-2,-3,-29,-3,-11,1,-1,-5
1533864637378530,1,7,64,14,4,3,2,0
1533864637378530,-3,-4,0,13,5,-5,-2,-3
1533864637379526,3,-1,49,-11,-5,-1,1,-2
1533864637379526,3,-1,15,-16,-9,-1,-4,-2
1533864637393495,-5,-4,-32,21,1,-1,2,-2
1533864637393495,2,4,17,26,29,0,-9,4
1533864637393495,1,3,-3,-60,-55,-5,4,1
1533864637393495,-13,-14,-19,25,-3,-14,-6,-6
1533864637415430,-3,-4,-14,-30,-11,3,-2,-5
1533864637415430,3,-4,-13,2,3,-4,-3,-10
1533864637416428,2,-1,-6,21,54,6,0,2
1533864637416428,2,0,-2,-13,-25,-8,-3,-6
1533864637430394,0,-1,-14,0,2,2,4,3
1533864637430394,-5,-3,-2,-5,-13,-5,-9,-12
1533864637430394,0,-2,3,2,-4,1,-1,-9
1533864637430394,1,6,0,2,-1,-2,-1,2
1533864637452335,-3,-11,-8,-1,3,-6,-4,-3
1533864637452335,1,-10,-1,-7,-19,1,6,24
1533864637453331,-2,0,11,11,15,2,1,-7
1533864637453331,1,-5,-9,3,6,0,1,4
1533864637475271,-2,-5,-89,-16,-10,-3,-4,-11
1533864637475271,-1,4,61,0,-11,-5,0,4
1533864637476268,-1,-3,-7,2,4,0,0,0
1533864637476268,2,1,17,10,14,6,-2,0
1533864637490230,-1,4,-5,-29,-22,-5,-4,0
1533864637490230,-3,7,-42,-22,-12,-2,-2,-10
1533864637491228,-3,-9,36,33,10,-4,-2,-1
1533864637491228,-3,-14,1,-2,4,3,3,2
1533864637512175,1,2,15,7,9,5,2,3
1533864637512175,-2,-5,-16,-6,-5,0,-2,-8
1533864637513183,1,1,-6,-15,-11,-2,1,8
1533864637513183,1,6,-6,2,4,-1,1,-5
1533864637536224,-3,-4,10,5,1,-4,-5,-3
1533864637536224,-1,0,0,-10,-6,-1,0,-3
1533864637536224,0,1,-18,3,0,-1,0,-3
1533864637536224,-3,-3,-81,-10,-5,-2,-2,0
1533864637550074,0,-4,10,3,6,0,-1,2
1533864637550074,-1,4,74,8,-3,0,0,-4
1533864637551068,-2,8,-17,-2,0,-3,-1,-2
1533864637551068,-5,-7,-29,-4,-7,-4,-5,-3
1533864637573012,1,4,57,8,-3,0,0,1
1533864637573012,0,-6,-31,6,7,-1,-1,0
1533864637574006,-1,-3,-10,0,-3,-2,0,-2
1533864637574006,3,7,32,-18,0,0,0,3
1533864637595985,-2,-1,-27,18,15,-2,-3,-3
1533864637595985,2,5,-4,-10,-9,4,4,-1
1533864637596945,-8,-3,0,3,-12,-6,-4,-1
1533864637596945,0,3,9,-7,-11,3,1,-2
1533864637609911,1,0,5,4,0,-1,2,1
1533864637609911,-2,-3,-24,-5,6,-5,-4,-3
1533864637610928,1,-1,-6,-7,3,1,1,-1
1533864637610928,-3,0,21,10,-8,-3,-1,3
1533864637633053,-2,2,-11,-5,0,-2,-3,-1
1533864637633053,-1,0,-1,0,-5,0,-1,0
1533864637633857,3,9,15,-1,3,-3,-2,0
1533864637633857,-1,-5,67,8,4,-4,-1,0
1533864637655791,-4,-6,-52,-14,0,0,-1,-1
1533864637655791,-1,-20,-7,3,0,0,1,0
1533864637656806,-2,1,11,3,-4,-3,-3,0
1533864637656806,-1,-4,-78,-30,-3,-5,-9,-8
1533864637669755,0,3,79,10,0,3,7,4
1533864637669755,-3,3,-10,3,-1,-1,-1,0
1533864637677729,-4,-18,13,6,1,-1,-1,-1
1533864637677729,-1,9,-38,-8,-7,0,-3,-3
1533864637692901,-2,-7,-41,-9,-1,-2,-3,-2
1533864637692901,-2,2,-22,-6,-4,-7,-5,-5
1533864637693688,1,6,25,0,1,0,-2,-1
1533864637693688,-3,0,7,6,0,0,-1,1
1533864637715631,1,-1,7,0,-4,-2,-2,1
1533864637715631,-3,5,-18,-2,1,-2,-3,-2
1533864637716625,1,17,11,-9,-1,-3,-3,-3
1533864637716625,-1,-7,29,15,3,0,3,3
1533864637729590,-4,-1,-16,-9,-8,-2,0,-1
1533864637729590,2,7,11,-1,4,-1,-2,-3
1533864637737572,-3,-3,-47,-12,-7,-3,-3,-3
1533864637737572,-2,-7,13,3,3,0,2,3
1533864637752529,-2,-3,0,-1,-2,-1,-1,-1
1533864637752529,-1,11,-22,-7,1,4,0,-2
1533864637753526,-2,-10,7,3,-1,-1,-2,-1
1533864637753526,-1,-1,8,1,-5,-1,-1,0
1533864637775501,1,5,18,2,-3,-2,-2,0
1533864637775501,-1,-7,-48,-4,0,-3,-3,-2
1533864637776472,2,2,17,1,1,3,1,1
1533864637776472,0,5,5,1,0,2,-1,-2
1533864637789453,-1,-19,-86,-7,5,-1,0,-2
1533864637789453,-2,-6,27,2,-8,-2,0,0
1533864637797427,-3,-3,-10,-4,5,1,0,-1
1533864637797427,-1,0,-40,5,-5,-6,-4,-3
1533864637812373,2,25,76,-2,2,-4,-3,-2
1533864637812373,-4,-14,5,0,-10,-5,1,1
1533864637813371,-3,-9,-8,-1,-2,-1,-1,-1
1533864637813371,-1,0,-15,1,-1,-1,-1,0
1533864637835311,0,4,0,-13,1,0,-4,-2
1533864637835311,1,12,18,8,4,0,1,1
1533864637836305,-5,-8,-101,-6,-3,0,-1,-5
1533864637836305,3,4,101,3,0,-1,1,2
1533864637849273,-4,-3,17,6,-1,-1,-1,-1
1533864637849273,-1,1,-7,-5,-3,-1,-2,-2
1533864637857248,2,12,96,4,-3,0,2,2
1533864637857248,-2,1,-9,-2,7,1,1,-2
1533864637872212,-1,-5,-12,0,1,-1,0,-1
1533864637872212,-2,-4,-34,-5,-9,-1,-2,-2
1533864637873205,0,1,11,-3,2,-4,-5,-2
1533864637873205,0,2,-44,-7,-7,1,2,0
1533864637896362,2,-14,50,8,1,1,1,1
1533864637896362,-2,-7,-22,-2,1,-4,-2,-1
1533864637896362,-3,-6,-19,3,1,0,0,-1
1533864637896362,-1,-3,17,0,-1,-2,-2,-1
1533864637909370,-1,3,-34,-4,0,-2,-3,-2
1533864637909370,-2,1,8,1,4,1,-1,-1
1533864637917176,1,-7,-4,-8,-5,-3,-1,0
1533864637917176,2,0,1,0,1,-1,-1,0
1533864637933175,0,2,-34,4,-6,-1,-1,-3
1533864637933175,1,-4,18,0,1,-1,-2,-2
1533864637933175,-1,1,-1,2,4,-2,-1,-3
1533864637933175,-1,-4,-17,0,-9,3,2,0
1533864637956072,1,1,-8,-16,6,-2,-3,-1
1533864637956072,-2,-5,11,2,-5,0,2,1
1533864637957077,-1,-1,-13,1,2,-2,-2,-2
1533864637957077,-2,-5,-39,-5,-6,-4,-1,0
1533864637970048,-3,4,1,-1,-4,3,0,-2
1533864637970048,-1,-20,-11,3,9,0,-1,-2
1533864637978066,3,7,73,5,-8,-3,1,4
1533864637978066,-3,-5,3,8,-1,-4,-3,-2
1533864637992978,-2,0,-1,12,0,0,0,-2
1533864637992978,-1,4,-6,-13,-2,0,-3,-1
1533864637992978,-2,-3,-2,6,5,-3,0,3
1533864637992978,0,0,20,-10,2,1,-3,1
1533864638015908,-1,2,1,-1,-4,-2,-1,-1
1533864638015908,0,5,11,9,-1,-1,0,-3
1533864638016907,-1,-5,-28,0,-4,0,-3,-2
1533864638016907,1,4,5,0,2,-2,-1,-3
1533864638030004,-3,-4,-12,0,-9,-3,-4,-1
1533864638030004,0,0,-5,-5,10,0,-2,0
1533864638038042,-2,-1,-27,-4,0,0,2,2
1533864638038042,-2,-1,-11,3,1,8,0,-3
1533864638053027,0,-4,57,-2,5,-5,3,1
1533864638053027,-1,-1,-5,7,-17,-2,1,2
1533864638053806,-1,6,3,-2,-9,-2,-4,-4
1533864638053806,-1,-1,-16,17,3,0,1,-1
1533864638075874,3,11,75,-21,3,0,-1,-2
1533864638075874,1,3,-2,-15,3,-3,-1,2
1533864638076747,-6,-3,-10,25,-2,-2,-3,-2
1533864638076747,1,0,-5,-22,-3,-2,-2,-3
1533864638098837,-5,-7,-28,9,-2,-1,-4,-10
1533864638098837,1,6,2,27,7,4,0,1
1533864638098837,2,3,25,-20,11,8,0,3
1533864638098837,-4,-8,33,5,-15,-6,-3,-3
1533864638112649,-1,11,-99,-6,-2,-1,-1,-2
1533864638112649,5,-10,58,-38,-19,-6,-1,-1
1533864638113647,-4,-24,-89,3,-4,-6,-5,-5
1533864638113647,-2,1,26,0,11,2,2,2
1533864638135591,-4,-2,5,4,0,-1,-2,-2
1533864638135591,-1,4,-24,27,9,0,-2,-3
1533864638136585,2,-1,-12,25,-14,2,1,-1
1533864638136585,-3,-1,0,2,5,-4,-4,0
1533864638158527,-4,-10,-26,-9,1,-5,-1,0
1533864638158527,5,1,-21,-55,11,10,1,-3
1533864638158527,-1,1,2,-57,-21,-1,-1,-1
1533864638158527,5,2,-23,-8,6,1,1,-2
1533864638172517,-4,-4,15,17,-16,-1,1,3
1533864638172517,-5,-2,5,-12,1,-4,-4,-3
1533864638173487,2,3,25,17,9,0,1,7
1533864638173487,-1,-1,-7,-65,-3,6,3,-2
1533864638195443,-2,0,-21,12,26,-2,-4,-5
1533864638195443,-4,-12,-5,27,-7,-3,-2,-5
1533864638196425,7,10,-52,65,54,6,3,-4
1533864638196425,-8,-11,15,13,-70,-15,-5,-3
1533864638217370,-1,-21,64,2,-6,-2,10,19
1533864638217370,-5,-6,-33,-95,-29,-4,-10,-17
1533864638226346,-7,1,6,-31,5,2,-5,-12
1533864638226346,9,19,-46,56,41,3,-3,-5
1533864638232334,3,4,81,4,-36,-2,-2,-3
1533864638232334,-2,-4,-16,32,4,-2,3,5
1533864638241307,1,-6,9,-8,-3,-1,-1,0
1533864638241307,-3,-5,8,-31,3,-2,0,1
1533864638256377,-2,2,-58,1,-3,0,-3,-1
1533864638256377,0,-1,27,25,4,3,2,3
1533864638257263,-2,1,5,1,-6,-4,-2,-2
1533864638257263,-4,-3,-8,-13,-18,-2,0,2
1533864638278224,1,6,27,16,20,-1,-3,-1
1533864638278224,1,-2,3,50,-5,-4,-2,1
1533864638280202,-6,-11,-61,-11,-33,-10,-4,-6
1533864638280202,-2,-5,4,-9,-11,-8,-7,-4
1533864638292173,0,-2,-26,14,22,9,3,0
1533864638292173,-3,15,-73,-16,-4,-3,-2,-1
1533864638301151,2,-21,90,-12,-6,-2,1,3
1533864638301151,2,-2,-27,14,5,2,5,2
1533864638316109,-7,-1,-107,-10,8,-1,-5,-7
1533864638316109,-2,-1,81,21,-5,0,5,7
1533864638317103,-1,7,-15,-14,-2,-2,-1,-1
1533864638317103,-2,-3,-27,17,9,0,-3,-4
1533864638338047,6,5,-32,-23,5,7,-1,-6
1533864638338047,4,17,97,36,23,-2,1,5
1533864638340042,-13,-8,-54,-49,-52,-7,-5,-3
1533864638340042,-8,4,-8,-2,2,-4,-5,0
1533864638352014,-3,-16,20,-6,-7,-1,-1,1
1533864638352014,4,-8,-28,-11,3,-2,-5,-5
1533864638361002,3,3,36,-6,17,6,5,3
1533864638361002,-6,-3,2,17,2,-4,-4,-2
1533864638375979,4,2,6,-1,-9,-2,-2,-2
1533864638375979,6,-1,-32,-17,-1,-1,-3,1
1533864638377941,-2,3,29,10,34,-4,-1,-4
1533864638377941,-3,2,-6,-24,-42,-7,4,3
1533864638399898,4,-1,26,15,-1,1,-6,-4
1533864638399898,-10,2,18,4,-30,-5,0,1
1533864638400878,-3,2,-17,8,14,3,-4,0
1533864638400878,9,5,35,-50,4,3,0,1
1533864638411867,-7,-11,14,9,-7,-3,-2,-1
1533864638411867,1,7,-11,0,7,3,2,0
1533864638426810,5,-22,-55,14,10,5,3,4
1533864638426810,-4,-12,-18,37,16,2,1,-8
1533864638435785,1,-2,44,-10,-3,-3,-2,1
1533864638435785,-4,-8,-34,-7,1,0,0,1
1533864638437780,-5,4,-8,11,-6,-5,-8,-7
1533864638437780,1,-4,4,0,10,1,-1,3
1533864638458924,-1,0,-20,-21,-13,-2,1,0
1533864638458924,-2,6,44,-3,3,-3,0,-4
1533864638459726,1,6,8,-2,-3,1,1,0
1533864638459726,-2,-1,1,8,2,2,0,2
1533864638471761,-4,3,5,-9,0,0,0,-2
1533864638471761,0,-22,-37,0,-2,-2,-2,-3
1533864638480666,-3,2,14,-2,-4,0,3,3
1533864638480666,1,1,20,-17,-1,-3,-3,-2
1533864638495625,-2,-3,-37,26,11,2,2,1
1533864638495625,-2,-1,-27,14,9,2,0,-2
1533864638497621,3,8,-53,-60,-28,-4,-4,-3
1533864638497621,-8,-3,28,8,-11,-7,-6,-5
1533864638518565,-1,-1,-9,-2,-5,0,1,1
1533864638518565,1,3,7,19,19,6,0,-1
1533864638519590,-2,0,11,5,2,-2,1,-1
1533864638519590,4,3,-6,1,4,2,2,-3
1533864638531533,1,-1,-15,-28,-8,-4,1,2
1533864638531533,-3,-16,18,6,-6,-3,-5,1
1533864638540505,3,2,7,5,-1,0,0,1
1533864638540505,-2,-2,-12,6,7,1,-3,-2
1533864638555469,1,0,19,5,-7,-6,-4,-4
1533864638555469,-2,3,-5,-13,-12,-1,2,-1
1533864638557459,0,-1,14,7,4,1,1,-1
1533864638557459,-5,-6,11,19,5,3,-2,2
1533864638578405,4,10,-6,-12,6,-6,-1,0
1533864638578405,-1,2,-15,-6,1,0,-3,-4
1533864638579403,-5,-1,11,-7,-33,-9,0,-1
1533864638579403,2,-6,-6,-8,3,0,1,-1
1533864638592367,0,0,-28,6,21,0,-1,-3
1533864638592367,-3,-5,69,-14,-20,-4,2,3
1533864638601342,-6,0,34,25,-11,-9,-7,-2
1533864638601342,6,-5,-30,-7,6,3,-1,-3
1533864638616357,0,-3,1,4,2,2,0,-2
1533864638616357,-1,-6,-51,-2,3,-2,-3,-3
1533864638617299,-1,2,27,11,6,3,5,4
1533864638617299,-3,3,19,4,-9,-4,-2,0
1533864638638247,-3,-4,1,-16,10,7,-1,-1
1533864638638247,-1,6,-36,13,2,2,-1,-5
1533864638640243,-2,-15,3,-15,7,0,0,1
1533864638640243,-1,0,-6,-8,-9,-4,-1,-1
1533864638652422,1,7,32,5,-3,2,1,1
1533864638652422,-2,19,-69,-13,-2,0,0,-2
1533864638661183,0,-13,31,37,6,1,0,0
1533864638661183,-3,-5,19,-55,-13,-3,-1,0
1533864638676346,-5,-2,-7,5,-9,-5,-3,-2
1533864638676346,1,4,-2,-8,-17,-5,-1,2
1533864638677140,1,6,-20,0,19,3,-2,-3
1533864638677140,-4,1,-25,38,18,1,-1,-1
1533864638698103,-1,-4,-8,-5,-10,2,-2,-1
1533864638698103,-3,-4,13,-16,-5,-5,1,1
1533864638700078,4,5,-18,1,0,5,-1,-2
1533864638700078,1,-1,21,-14,0,-1,3,3
1533864638712059,-3,-5,-23,-4,-10,-6,-4,-2
1533864638712059,2,-5,21,14,19,3,-2,0
1533864638721035,-3,3,-7,-6,-12,-5,-3,-4
1533864638721035,-1,4,-8,1,1,-1,-2,-1
1533864638735982,-1,-1,3,7,0,-3,1,-2
1533864638735982,-1,-2,-2,-6,4,0,-2,-2
1533864638736979,0,-1,-9,-7,-13,-3,-1,0
1533864638736979,1,1,-4,8,8,4,0,0
1533864638757923,0,15,-41,-2,-3,0,0,-2
1533864638757923,-4,-6,82,-2,-14,-6,0,-1
1533864638759920,-2,0,-15,0,8,2,-1,-2
1533864638759920,1,3,17,14,-17,-8,-6,-4
1533864638772089,-3,-1,0,-13,3,0,-1,-1
1533864638772089,0,0,-14,-4,3,3,-1,-1
1533864638780862,0,2,-1,15,7,-1,-1,2
1533864638780862,0,2,-10,-12,2,-1,0,2
1533864638795826,-3,-8,-5,-40,-14,-5,-5,-4
1533864638795826,0,3,-7,-3,-1,-1,0,-1
1533864638797817,-3,-6,0,-7,-2,-1,-3,-3
1533864638797817,-2,-5,-6,19,10,3,-2,-2
1533864638818762,1,-1,12,10,-5,-4,1,0
1533864638818762,-2,0,-7,3,-7,-3,-1,-1
1533864638819758,0,6,33,-5,3,-2,0,-1
1533864638819758,0,-2,5,-10,16,8,4,0
1533864638831941,-5,-9,0,50,12,-10,-6,-4
1533864638831941,-3,-8,-13,-23,-26,1,0,0
1533864638840702,6,6,-10,32,-11,3,-1,-1
1533864638840702,-8,-6,-13,-69,-8,-9,-4,-3
1533864638855664,-2,-7,4,12,5,4,0,0
1533864638855664,-5,-17,9,-21,5,-3,-1,-1
1533864638857657,-1,-11,-13,3,3,-4,-2,-3
1533864638857657,4,5,9,19,-6,3,1,0
1533864638878601,1,5,-5,-3,11,-1,-2,1
1533864638878601,0,3,-9,-1,7,0,0,0
1533864638879601,0,1,-3,-11,2,4,-1,-5
1533864638879601,0,-4,-3,9,5,-2,-1,0
1533864638891581,-1,-3,2,-7,-15,-3,0,1
1533864638891581,2,2,-2,10,-1,-2,-3,0
1533864638900547,-3,-3,-1,1,4,-3,0,-1
1533864638900547,-2,-2,-8,19,7,-4,-2,-3
1533864638915509,0,-1,4,-31,-41,-3,0,-1
1533864638915509,-1,-1,0,33,15,3,-1,0
1533864638917496,1,0,-13,-53,-14,-4,-2,-1
1533864638917496,0,-2,3,5,-9,-5,-2,0
1533864638938448,6,3,6,-19,35,16,6,0
1533864638938448,-10,-5,-9,26,-3,-7,-4,-6
1533864638939439,-2,-1,-2,-25,-17,0,1,0
1533864638939439,-2,1,-1,15,-27,-4,-2,-2
1533864638952405,-4,-5,4,-5,-2,-6,-3,0
1533864638952405,5,3,1,-3,-6,0,-1,-1
1533864638961384,-1,-4,-28,7,17,7,0,0
1533864638961384,6,5,10,-26,-14,-5,0,1
1533864638975538,-7,-5,0,32,10,-4,-5,-4
1533864638975538,-5,0,1,-11,9,3,-2,1
1533864638977336,-1,0,-1,10,0,-6,1,-2
1533864638977336,1,1,3,-5,3,6,5,3
1533864638998281,2,1,-7,0,-7,-4,-4,0
1533864638998281,2,-9,17,5,3,-2,-1,0
1533864639000276,-3,0,5,-5,-1,1,-3,0
1533864639000276,-1,-2,-2,9,1,-1,-4,-3
1533864639021221,-3,-2,0,-3,-6,-2,0,1
1533864639021221,-3,-1,-11,-11,0,-1,-3,-3
1533864639022252,-1,2,2,3,-3,-3,-1,-1
1533864639022252,-3,-4,2,11,5,-1,0,1
1533864639036184,0,0,-1,-3,-2,0,-1,1
1533864639036184,0,3,-4,-10,-4,-1,0,-2
1533864639037177,-1,-2,3,3,-5,-2,0,1
1533864639037177,-5,-3,-11,2,5,1,-3,-2
1533864639059324,1,-2,0,7,-6,-2,1,-3
1533864639059324,3,1,-3,7,-3,1,2,-1
1533864639060119,-11,-9,-5,1,7,-8,-4,-3
1533864639060119,3,0,-1,-20,-3,2,1,1
1533864639081059,-4,-4,-5,33,4,-2,-3,-3
1533864639081059,-6,-3,-6,-32,-42,-7,-2,-3
1533864639082057,1,-1,4,32,9,2,1,0
1533864639082057,-6,-3,-8,-28,-9,-5,-4,-3
1533864639096019,1,1,9,-14,5,1,3,2
1533864639096019,0,1,-9,13,12,-1,-2,-1
1533864639097016,3,4,39,-4,7,-1,1,0
1533864639097016,-1,-1,0,5,0,-1,-1,-1
1533864639117964,0,0,0,-9,-5,3,0,-1
1533864639117964,1,-2,-3,5,7,-4,-2,-2
1533864639119968,-2,-2,-11,-11,-10,0,-1,2
1533864639119968,0,-2,1,18,7,-1,-2,-1
1533864639140903,-2,-2,3,-6,-7,-4,-2,-2
1533864639140903,0,3,2,-2,5,0,-2,0
1533864639141896,0,0,-9,-2,-7,-2,1,0
1533864639141896,-5,-2,-3,7,5,1,1,-2
1533864639154870,-1,-1,-8,-12,-7,-3,0,-1
1533864639154870,0,-2,-1,-2,-2,5,-3,-4
1533864639161860,-1,-2,-6,-3,0,-10,-3,2
1533864639161860,-1,-2,-2,-3,-15,-1,0,-1
1533864639178799,4,1,2,21,14,3,1,0
1533864639178799,-7,-4,-1,-25,-26,-4,-1,-1
1533864639179800,-1,-2,-2,6,-7,1,-2,-2
1533864639179800,-1,-3,-6,-38,-7,-2,-3,-2
1533864639200743,0,-1,-3,12,2,-2,0,-1
1533864639200743,2,3,2,6,22,3,2,1
1533864639202734,3,2,-3,5,16,8,2,-2
1533864639202734,-9,-7,-11,20,-23,-18,-9,-7
1533864639214702,-3,1,4,19,-6,4,1,-1
1533864639214702,-4,-8,-13,-35,-11,-6,-2,-2
1533864639221687,1,4,1,-4,15,4,0,-1
1533864639221687,5,5,6,14,17,7,3,0
1533864639238641,-2,-3,-3,-14,-7,-6,-5,-2
1533864639238641,-1,-3,0,16,12,-5,-1,0
1533864639239647,0,-2,-2,-13,-5,-1,0,-1
1533864639239647,0,2,1,19,4,-1,-1,-1
1533864639260580,-3,0,-1,-12,0,0,-1,1
1533864639260580,-1,-4,-2,-12,1,3,2,0
1533864639262611,-4,-6,-9,-8,-27,-9,-4,-4
1533864639262611,0,0,-1,4,13,0,0,1
1533864639275724,-3,-1,-4,0,-1,2,-1,-4
1533864639275724,1,5,5,25,27,-3,-2,2
1533864639282534,3,0,1,-6,-2,6,2,0
1533864639282534,0,1,-1,-5,-19,-1,1,0
1533864639298481,-9,-8,-11,10,-14,-13,-7,-5
1533864639298481,4,4,10,11,23,8,6,1
1533864639299475,-4,-5,-10,3,-13,-10,-5,-1
1533864639299475,-3,-2,-3,-18,-17,1,-2,0
1533864639321416,2,0,4,-26,2,5,1,-1
1533864639321416,-1,0,-4,2,-7,-1,-3,-5
1533864639322425,2,2,6,11,14,4,2,1
1533864639322425,1,1,1,-8,6,1,2,-1
1533864639335550,-5,-1,-4,-9,-13,-5,-3,-3
1533864639335550,0,3,1,19,3,0,0,1
1533864639342496,3,3,-1,-26,-11,1,1,2
1533864639342496,-3,-5,-4,15,10,-4,-3,-4
1533864639358318,-1,1,0,1,2,0,-1,-1
1533864639358318,-1,4,0,-5,-10,1,0,0
1533864639360314,-2,-1,-2,-5,-7,-3,-5,-4
1533864639360314,-2,-4,-2,8,7,-1,-1,-1
1533864639381258,-1,-6,-2,-6,5,4,-1,-5
1533864639381258,-3,-2,-7,-1,-13,-5,-2,-1
1533864639382254,-5,-1,0,-2,-7,-3,-1,-3
1533864639382254,2,5,3,4,9,3,2,0
1533864639395220,2,3,4,-14,-6,-2,-1,2
1533864639395220,-4,-4,-3,-6,-10,-4,-3,-1
1533864639402203,-3,-1,-1,10,8,2,-1,-3
1533864639402203,0,-1,0,-6,0,0,0,1
1533864639418157,3,-1,-1,-2,-2,-4,0,-2
1533864639418157,1,-3,1,0,-1,0,-1,1
1533864639420163,-3,-4,-4,-1,2,-4,-3,-3
1533864639420163,-5,-4,-5,2,-7,-2,-3,-2
1533864639441096,0,1,-2,-4,-5,-2,0,1
1533864639441096,-3,-2,-4,-2,-5,-1,-1,-5
1533864639442094,0,-1,1,-2,3,2,-1,-2
1533864639442094,1,1,4,15,12,2,-1,-1
1533864639454061,5,3,4,-25,3,-2,2,2
1533864639454061,-6,-5,-4,-2,-15,-3,-3,-2
1533864639463044,-3,-4,-3,28,31,6,0,-2
1533864639463044,-4,-6,-7,-13,-22,-6,-4,-4
1533864639478016,-3,-2,0,14,2,3,-1,2
1533864639478016,1,0,1,-2,0,-1,0,0
1533864639479997,2,2,2,3,-3,2,0,3
1533864639479997,3,-2,3,8,22,0,1,-1
1533864639500939,-2,0,-2,1,-13,-3,-2,-2
1533864639500939,-2,-2,-6,-17,-6,-1,-2,-1
1533864639501934,-5,-3,-5,-1,-4,-5,-1,-3
1533864639501934,2,1,2,-5,5,4,1,-1
1533864639514903,-2,-1,-1,1,-3,-1,-2,-1
1533864639514903,-1,-2,-2,-4,-1,-1,-1,-2
1533864639522878,1,0,2,-3,1,0,-3,-1
1533864639522878,0,-1,-3,-4,-7,-4,0,0
1533864639537841,-3,-3,-2,-3,-1,-2,-1,0
1533864639537841,-1,1,-2,7,6,-2,-2,0
1533864639539832,-1,0,0,-12,-10,-3,-2,0
1533864639539832,-5,0,-1,-5,-6,0,-2,1
1533864639560777,-2,-1,-4,6,3,0,-1,-8
1533864639560777,0,-2,-1,1,0,0,-2,-4
1533864639562775,-1,-3,-1,-4,-9,-4,1,2
1533864639562775,1,-1,-2,-8,-2,1,0,-2
1533864639575737,-1,0,3,4,5,0,0,-1
1533864639575737,-3,-3,-2,-2,-6,-3,-2,-4
1533864639583714,-1,-3,-2,-3,-5,-2,-3,-3
1533864639583714,-1,-1,1,-2,1,0,-1,0
1533864639598682,5,2,5,0,7,5,2,2
1533864639598682,-4,-4,-5,13,1,-8,-4,-1
1533864639599674,-3,-1,0,2,-11,-1,0,0
1533864639599674,-4,-5,-11,-5,-2,-3,-5,-2
1533864639620738,-2,-1,-2,-3,-1,0,-1,0
1533864639620738,1,1,3,-2,5,2,1,-1
1533864639622611,1,1,4,28,7,0,-1,-2
1533864639622611,3,3,6,-6,4,1,1,1
1533864639634614,-3,-5,-8,-27,-7,-7,-1,-2
1533864639634614,-6,-3,-1,8,3,-1,-3,-1
1533864639643556,0,-1,0,-3,-6,-2,1,-1
1533864639643556,0,1,4,29,25,1,-1,-1
1533864639658516,-5,-4,-7,-46,-33,-3,-3,-3
1533864639658516,1,1,1,-10,-24,-3,-3,-1
1533864639659513,-1,2,-1,-11,11,1,-2,0
1533864639659513,11,8,13,8,13,7,8,2
1533864639680492,-17,-13,-19,24,-22,-15,-9,-8
1533864639680492,3,2,0,-1,9,3,2,2
1533864639682452,-10,-5,-8,-18,-46,-7,-4,-4
1533864639682452,-1,-1,-1,29,21,0,-3,-1
1533864639694419,4,3,4,-20,-6,5,1,2
1533864639694419,-3,-4,-3,-25,-37,-7,-2,-1
1533864639703394,4,-3,-1,12,33,2,0,-1
1533864639703394,-3,-1,-1,-11,9,0,-1,-2
1533864639718358,-8,-6,-9,16,-30,-9,-5,-3
1533864639718358,3,2,1,-13,-17,2,1,1
1533864639720351,1,2,3,7,9,-4,0,0
1533864639720351,-4,-1,-6,-40,-16,-3,-1,-1
1533864639741386,4,3,10,34,39,4,-1,1
1533864639741386,-1,-5,-7,-25,-5,-3,-1,0
1533864639742299,-9,-10,-11,16,-10,-7,-5,-5
1533864639742299,-1,4,-1,7,-10,1,-1,-1
1533864639763236,4,4,4,3,26,6,3,1
1533864639763236,-3,-6,-2,2,2,-1,-1,-3
1533864639765229,3,-2,-1,-9,2,-2,1,-2
1533864639765229,-4,-3,-7,-4,-21,-6,-2,1
1533864639778195,0,-1,1,-12,4,4,0,0
1533864639778195,0,2,4,19,18,-1,0,-1
1533864639780190,0,1,1,-6,5,1,-1,2
1533864639780190,-2,-1,-1,-6,-10,-3,-2,-2
1533864639801133,2,4,1,2,-3,-3,0,0
1533864639801133,-2,0,-2,11,18,1,-2,-1
1533864639802131,-1,1,-1,-11,-7,-3,1,4
1533864639802131,-3,-6,-4,-8,-12,-2,0,1
1533864639814102,2,0,0,3,6,0,-7,-14
1533864639814102,-2,-1,-2,7,5,-1,-2,-4
1533864639823074,2,2,2,-13,-2,2,-2,-3
1533864639823074,-1,-4,-2,1,-6,-5,2,9
1533864639838038,-2,0,2,2,4,-1,-4,-10
1533864639838038,2,-1,1,-1,2,-1,0,-2
1533864639840030,-3,2,-3,-4,-4,0,0,0
1533864639840030,-1,-4,0,0,0,-4,-2,-2
1533864639860975,-2,-1,-4,-2,0,-2,2,5
1533864639860975,1,3,-1,-2,-1,-2,-2,-1
1533864639861981,1,-2,0,-5,1,0,0,-1
1533864639861981,-4,-1,-5,-2,-5,-4,-4,-5
1533864639874936,1,1,0,2,3,-1,3,3
1533864639874936,-2,-2,1,5,3,1,0,-2
1533864639890894,0,-2,-2,-13,-10,-1,-1,0
1533864639890894,-1,0,2,-6,-7,3,-1,-4
1533864639897880,-2,-3,-2,18,11,-2,-1,0
1533864639897880,-1,0,-2,16,9,0,0,1
1533864639899881,-6,-2,-6,9,-5,-6,-3,-5
1533864639899881,-4,-2,-1,-61,-24,-2,-2,-2
1533864639920822,-2,-5,-5,6,-9,-3,-2,-1
1533864639920822,-6,0,3,2,16,3,1,0
1533864639922810,6,4,7,38,10,4,3,2
1533864639922810,-1,-1,-4,12,-19,-8,-5,-4
1533864639943770,-5,-4,-6,-11,1,-2,-2,0
1533864639943770,4,3,5,-10,4,4,1,-1
1533864639944752,-10,-8,-11,-17,-16,-9,-6,-6
1533864639944752,1,0,5,17,21,4,-1,1
1533864639958861,6,3,4,11,10,1,2,3
1533864639958861,-5,-4,-5,-11,-8,-2,-3,-3
1533864639959710,1,1,1,-7,5,5,2,2
1533864639959710,-1,-3,-4,10,0,-2,-3,-3
1533864639980657,1,1,3,-4,-5,3,2,2
1533864639980657,6,-1,0,-17,-3,-6,0,1
1533864639982648,-1,2,5,7,14,4,0,-2
1533864639982648,-4,-3,-3,34,-1,-4,-3,-3
1533864640003591,-8,-4,-3,-8,-31,-7,-2,0
1533864640003591,-1,-2,-4,2,-9,1,-2,-1
1533864640004589,3,1,1,-4,-1,5,0,-2
1533864640004589,4,1,-1,8,18,-2,1,1
1533864640018568,1,-1,0,0,15,3,-2,-1
1533864640018568,-5,-2,-4,11,-20,-9,-4,-4
1533864640019730,3,1,-1,19,21,4,1,1
1533864640019730,4,2,1,-46,8,6,2,-6
1533864640040493,-4,-4,-7,9,5,-7,-3,2
1533864640040493,-8,-10,-4,-13,-21,3,-2,-1
1533864640042488,-4,-7,-4,2,3,-2,-4,-1
1533864640042488,0,2,2,6,-13,-3,0,-4
1533864640063450,1,-1,2,-13,-3,-2,1,-1
1533864640063450,1,3,2,-15,5,0,-1,0
1533864640064429,1,1,0,-10,-3,-2,0,-2
1533864640064429,-2,-4,-4,16,2,-3,-4,0
1533864640077396,2,2,0,-5,2,1,1,-1
1533864640077396,0,2,-1,11,1,-3,-1,-1
1533864640084571,-4,-1,-1,-9,-2,0,0,0
1533864640084571,-1,-2,-3,-10,-21,-8,-3,0
1533864640101332,0,0,1,-4,-7,2,-2,0
1533864640101332,0,-1,-3,-2,6,-2,-2,-1
1533864640102328,-2,-2,0,-9,-9,-4,-3,-2
1533864640102328,-3,-4,-3,-1,8,2,1,0
1533864640123301,5,2,2,-11,2,1,2,0
1533864640123301,-7,-4,-2,24,2,-4,-2,-3
1533864640125268,-1,-1,0,23,8,-2,-3,0
1533864640125268,-8,-6,-11,-20,-13,-4,-7,-3
1533864640137238,0,-1,-3,-32,-19,2,-2,-2
1533864640137238,5,1,0,4,5,0,0,0
1533864640144221,-1,-2,1,4,-5,-3,-1,-2
1533864640144221,3,1,5,27,20,4,1,0
1533864640160173,-1,-1,-1,-29,-17,-1,1,-1
1533864640160173,-1,-2,1,4,13,-1,-2,-2
1533864640167158,-1,-2,-2,-10,-14,-3,-1,-1
1533864640167158,-2,-1,0,2,-4,-2,-2,1
1533864640183329,0,-1,1,8,10,1,-1,-3
1533864640183329,2,1,-1,-2,-1,0,0,2
1533864640185166,0,-2,-6,-16,-9,-4,-1,-1
1533864640185166,-1,0,2,-4,2,0,1,1
1533864640206152,0,-1,-2,16,3,-2,-2,0
1533864640206152,-3,-2,-2,-1,-3,0,-1,-1
1533864640207187,-3,-1,-2,8,-2,-3,-1,0
1533864640207187,-3,-4,-4,-28,1,2,-1,-2
1533864640221013,0,-1,-1,8,-4,0,-2,-1
1533864640221013,0,-1,0,-6,-2,0,-2,0
1533864640222008,0,-1,-4,-12,6,4,1,-1
1533864640222008,1,2,3,1,-16,-7,-1,1
1533864640242953,4,0,4,20,26,5,-1,0
1533864640242953,-10,-8,-11,-31,-23,-12,-3,-3
1533864640244946,-6,-3,-7,-21,-12,0,-2,-1
1533864640244946,0,1,1,13,1,1,-1,-2
1533864640257912,0,1,-1,-11,0,2,0,-2
1533864640257912,9,2,6,17,9,3,1,0
1533864640263895,-7,-1,0,2,-2,-3,-1,-3
1533864640263895,1,-1,-2,-18,2,3,3,-1
1533864640280853,-4,-1,1,49,13,-4,-2,-1
1533864640280853,3,0,0,-27,7,0,0,1
1533864640282844,-4,-5,-3,4,-15,-7,-6,-5
1533864640282844,-5,-5,-6,10,-5,-6,0,7
1533864640303888,-4,0,-3,-4,3,1,-8,-16
1533864640303888,-2,0,0,8,-7,-5,-1,-2
1533864640304787,5,2,7,-8,6,0,1,0
1533864640304787,-1,1,0,-3,-5,-1,-1,-3
1533864640317753,-1,-2,-2,-1,-3,-2,2,4
1533864640317753,-2,-3,-3,-2,-1,0,-2,1
1533864640324751,0,0,-1,-5,-3,-4,-1,-1
1533864640324751,-2,-2,-2,10,5,0,-3,-3
1533864640340695,-2,-4,-2,-9,-6,-4,-1,0
1533864640340695,-1,3,1,3,-1,0,-2,-4
1533864640342687,3,1,-3,-1,-2,2,3,8
1533864640342687,-2,0,3,25,3,-2,-3,-3
1533864640363791,1,-2,-4,-19,-10,-5,-1,-1
1533864640363791,-1,-3,1,7,12,0,1,1
1533864640364626,-3,-2,-4,-26,-13,-1,-2,-2
1533864640364626,-1,0,2,19,22,2,0,-3
1533864640377604,-5,-2,-4,-4,-58,-11,-2,0
1533864640377604,2,-1,0,0,0,5,1,-2
1533864640384573,2,1,3,4,3,0,-1,0
1533864640384573,0,-1,1,-6,7,1,-1,-3
1533864640400530,-1,-1,2,21,18,2,0,2
1533864640400530,4,4,-1,-9,-2,1,6,4
1533864640402527,-1,-1,-3,8,5,-4,-10,-7
1533864640402527,-3,-5,-2,7,-11,-1,-1,-2
1533864640423469,1,-3,1,-9,28,2,4,6
1533864640423469,-2,-1,0,-6,-15,1,-5,-9
1533864640424466,-8,-9,-13,-18,-23,-10,-4,-1
1533864640424466,2,0,-4,11,-2,0,-3,-1
1533864640445410,-1,0,-1,-21,-10,0,-3,-5
1533864640445410,-1,0,1,34,21,5,2,5
1533864640447408,4,3,9,22,20,5,4,2
1533864640447408,-3,-5,-9,-44,-24,-7,-4,-3
1533864640460387,-4,-4,-5,-3,5,-4,-2,1
1533864640460387,-2,0,-1,-7,-5,-3,-2,-2
1533864640462366,-3,-5,-3,-17,-19,-1,-3,-2
1533864640462366,-1,-1,0,-6,-1,-2,-1,-2
1533864640483312,2,3,2,1,-4,1,-1,-1
1533864640483312,-3,-2,-3,3,0,2,-3,-2
1533864640485304,0,-3,0,-1,5,-3,2,-4
1533864640485304,0,-1,0,4,3,0,-1,0
1533864640497273,0,-1,1,2,-3,-1,0,-3
1533864640497273,-1,-1,-1,-5,-4,-2,-2,-2
1533864640506248,-1,-3,2,3,10,2,0,3
1533864640506248,1,1,-1,1,3,0,2,0
1533864640521391,-6,-3,-4,17,15,2,-2,-3
1533864640521391,-6,-2,-4,-14,-22,-8,-3,0
1533864640522205,-3,0,0,12,7,0,-2,1
1533864640522205,-1,0,0,-13,-7,0,1,0
1533864640543148,3,2,0,-2,-2,1,-1,-1
1533864640543148,3,-1,0,5,11,1,-1,-1
1533864640545143,2,0,-1,-6,-3,1,-1,0
1533864640545143,1,-1,1,5,-1,2,1,1
1533864640557210,-1,-1,-2,-4,3,-2,-1,9
1533864640557210,-3,-2,-3,-1,1,-2,-5,-19
1533864640566109,-1,1,-1,-3,-7,-5,-2,-1
1533864640566109,-3,-3,-1,-4,0,-1,0,-3
1533864640581073,-1,-4,0,-7,-7,-2,0,-1
1533864640581073,-1,-2,-3,-2,-6,-4,1,4
1533864640582071,0,0,-2,7,2,0,-1,-5
1533864640582071,-2,-2,-3,-1,0,-1,0,0
1533864640602989,-1,-2,-1,-5,-4,-2,0,0
1533864640602989,-1,-5,-1,6,1,-2,0,1
1533864640604984,-1,-1,0,-6,1,0,-1,0
1533864640604984,0,1,-3,-4,-2,-2,-1,4
1533864640617068,-2,-1,-1,-6,-7,-1,1,-4
1533864640617068,0,0,-2,-1,1,-3,-9,-6
1533864640626009,-1,0,2,7,0,-1,1,1
1533864640626009,-1,-2,-2,-1,-1,-1,-1,-6
1533864640640969,1,1,-2,0,1,-1,-2,-2
1533864640640969,-2,-1,1,-1,2,2,3,4
1533864640642002,1,-3,1,0,4,0,-1,0
1533864640642002,4,0,3,-3,-12,2,-1,0
1533864640662940,-3,-1,-3,-27,4,-2,-2,-5
1533864640662940,-6,-3,-6,11,2,-5,-2,1
1533864640664905,-1,-3,-3,4,-7,-2,-2,-4
1533864640664905,1,2,2,17,9,3,-1,3
1533864640676874,4,2,3,-2,9,2,2,1
1533864640676874,-2,-2,-3,-8,-33,-11,-3,-2
1533864640685849,-6,-5,-12,-40,-4,-4,-3,-3
1533864640685849,-5,-3,-3,-7,-22,-7,-3,-4
1533864640700812,-1,-1,-2,7,-7,0,-3,-3
1533864640700812,3,1,3,23,21,8,2,1
1533864640702804,4,1,2,2,11,0,3,0
1533864640702804,3,0,1,-12,-19,-3,-1,-2
1533864640723969,-3,-2,2,13,17,4,1,-1
1533864640723969,-11,-7,-12,-41,-46,-10,-2,-3
1533864640725745,-1,-3,1,22,30,5,-1,-1
1533864640725745,-2,0,0,4,-13,-6,-1,-1
1533864640736742,-1,-2,-4,-20,-1,-2,-3,-3
1533864640736742,4,2,3,5,19,5,2,-1
1533864640745693,-3,1,-3,0,-31,-3,-2,-1
1533864640745693,-2,-3,1,16,33,5,-2,-2
1533864640760649,-2,-3,-4,27,1,-5,-5,-1
1533864640760649,-1,-1,-2,-54,-40,-5,1,-1
1533864640762644,3,1,5,49,32,3,2,1
1533864640762644,-2,-4,-7,-47,-28,-2,-3,-3
1533864640783592,0,2,-1,-14,-20,-6,-1,-1
1533864640783592,-6,-3,-5,27,24,0,-5,-1
1533864640784585,2,-2,6,-9,4,3,2,1
1533864640784585,1,-1,0,23,11,1,2,0
1533864640796553,-4,-3,0,15,0,-2,-3,1
1533864640796553,5,5,10,-8,4,2,2,0
1533864640805563,-6,-9,-9,-1,-34,-11,-7,-4
1533864640805563,1,1,1,-27,31,8,1,1
1533864640820524,-6,-3,-6,-9,-29,-9,-2,-2
1533864640820524,1,1,2,25,18,2,-1,0
1533864640822484,1,1,-1,-8,6,1,1,-1
1533864640822484,0,-1,0,-4,-7,-2,-2,0
1533864640843428,2,0,1,7,5,1,0,-2
1533864640843428,0,1,-1,-5,-2,0,-1,1
1533864640844434,1,3,4,3,-1,0,0,-1
1533864640844434,-4,-4,-2,9,-1,-5,-2,-4
1533864640866370,2,-1,-1,-7,3,2,0,1
1533864640866370,-2,-3,-2,12,8,-3,-1,-1
1533864640867364,-2,-1,-3,-18,-13,-4,-4,0
1533864640867364,1,-2,-2,5,4,-1,-1,0
1533864640880332,-6,-3,1,-2,1,-1,-1,-4
1533864640880332,0,-3,-1,-5,-2,-1,1,4
1533864640882324,-1,0,-3,-3,-3,-1,-3,-3
1533864640882324,-3,2,-1,-2,-5,-5,1,0
1533864640903271,1,0,-1,4,3,3,-3,-3
1533864640903271,0,-2,-1,0,2,0,1,4
1533864640905262,-2,-2,0,-2,0,1,1,0
1533864640905262,-2,-2,0,9,3,0,-1,0
1533864640926277,2,-1,-3,-4,-2,0,0,-1
1533864640926277,0,0,-1,-1,1,0,0,-4
1533864640927221,0,-2,-3,-3,-1,1,0,-2
1533864640927221,-1,-3,-3,-5,-3,-1,-3,-2
1533864640941169,2,-3,-1,4,0,-2,-1,0
1533864640941169,-3,-1,-3,-10,-2,0,-4,-3
1533864640942163,2,1,4,-3,7,4,2,1
1533864640942163,-2,-2,-5,5,-3,-7,-2,0
1533864640963108,-4,-3,-4,-1,-6,-7,-4,-2
1533864640963108,-4,-5,-7,10,2,-5,-2,-3
1533864640965118,-3,0,-1,-1,-8,-2,-1,-2
1533864640965118,4,4,5,-12,7,0,1,-2
1533864640986046,9,6,8,0,38,17,4,2
1533864640986046,-7,-6,-11,-12,-23,-12,-7,-5
1533864640987045,-10,-6,-9,40,-11,-3,-4,2
1533864640987045,-4,-4,-3,-2,-3,1,-2,-3
1533864641001206,4,2,4,22,-5,-3,1,0
1533864641001206,3,1,4,14,48,5,1,-1
1533864641007196,2,1,2,-42,-15,0,1,0
1533864641007196,-3,-2,-2,17,-2,-4,-3,-2
1533864641023162,-7,-3,-4,-5,-12,-3,-2,0
1533864641023162,0,-1,-2,-6,-1,2,-1,-3
1533864641024943,-1,0,-3,1,2,-6,0,-1
1533864641024943,0,-1,-1,-2,8,0,-2,-1
1533864641045889,-3,-2,-3,-24,-13,-1,-5,-3
1533864641045889,-2,1,-1,4,-14,-4,-1,0
1533864641047899,1,1,1,1,14,5,1,1
1533864641047899,5,2,5,-2,-7,3,3,0
1533864641059850,-8,-5,-7,22,12,-8,-5,-4
1533864641059850,-2,-3,-1,-9,-15,-3,-3,-1
1533864641066830,-4,-3,-2,-3,-23,-7,-3,-3
1533864641066830,0,-1,0,10,7,2,2,3
1533864641082787,1,-1,2,14,-1,-2,2,-1
1533864641082787,7,4,7,-23,15,9,4,2
1533864641084782,-4,-4,-8,-14,-4,-10,-5,-4
1533864641084782,-5,-3,-5,-4,-8,0,-2,-2
1533864641105729,-2,0,0,0,-10,-4,-1,-1
1533864641105729,1,0,3,11,-5,2,1,3
1533864641107721,2,2,1,0,8,0,1,1
1533864641107721,-5,-3,-2,-4,0,-2,-2,-2
1533864641119689,1,-3,1,-12,-13,-1,-1,0
1533864641119689,-1,-1,0,3,3,0,-1,-1
1533864641126670,-1,0,1,-7,-3,0,-3,-3
1533864641126670,-2,-2,-3,1,5,-1,-3,-4
1533864641143625,2,3,0,-11,-7,-1,1,3
1533864641143625,2,2,0,2,-11,6,0,-2
1533864641144622,-2,-3,-2,6,19,0,-3,-2
1533864641144622,-3,-1,-6,11,-4,-6,-1,1
1533864641165566,-5,-3,-4,-21,-11,-3,0,1
1533864641165566,-1,-3,-2,19,-5,-4,-3,-4
1533864641167561,-1,-1,-1,-25,-17,1,0,-2
1533864641167561,4,4,3,11,1,6,1,2
1533864641180529,-4,-5,-4,-25,-22,-6,-1,0
1533864641180529,0,0,-1,5,8,-5,1,-1
1533864641186779,4,2,3,14,10,3,0,-1
1533864641186779,-1,-4,-2,-13,2,-2,-3,-1
1533864641203737,-1,0,1,9,7,1,-1,-1
1533864641203737,0,2,2,-15,-11,-1,1,-1
1533864641204730,-1,-1,-1,11,17,1,0,-1
1533864641204730,-6,-1,-3,-3,-4,0,0,-1
1533864641225678,0,-1,-2,7,12,3,0,0
1533864641225678,-2,-3,-1,-12,-17,-6,-2,0
1533864641227669,0,-1,-2,2,0,0,-1,-1
1533864641227669,-1,-4,-2,-5,-3,-4,-1,-1
1533864641240768,4,-2,4,-1,-3,4,-1,-1
1533864641240768,-5,-6,-12,-3,-6,-7,-6,-3
1533864641247615,-3,-3,3,36,7,-4,-2,-1
1533864641247615,-2,0,-2,-35,-5,-4,-2,-2
1533864641263573,-1,0,-2,22,6,1,-1,-2
1533864641263573,-1,0,0,-4,18,4,-2,-1
1533864641264570,2,2,0,-24,-19,-2,2,2
1533864641264570,0,-3,-3,-6,-6,-4,-4,0
1533864641285518,-3,-2,-2,-5,-24,-5,-2,-5
1533864641285518,-1,-1,-2,0,10,3,-1,2
1533864641287509,-1,-2,-2,0,-4,-2,0,-1
1533864641287509,2,2,4,1,9,1,-1,0
1533864641300587,-1,-1,-3,-11,3,0,-2,-1
1533864641300587,0,1,0,22,16,5,1,1
1533864641306884,-4,-5,0,-7,-18,-10,-2,-3
1533864641306884,-3,-1,-5,3,-16,0,0,-1
1533864641323674,-1,-1,-1,0,8,-3,-2,-2
1533864641323674,-1,1,0,1,-4,-1,-1,-1
1533864641324668,2,1,0,-5,10,4,-2,0
1533864641324668,0,0,-3,5,-1,0,0,-2
1533864641345816,-1,-3,-4,7,3,-1,-1,0
1533864641345816,1,-2,2,-23,-7,-3,1,-1
1533864641347608,-4,-6,-5,23,6,0,-2,-1
1533864641347608,-2,-7,0,-2,0,-4,-1,-3
1533864641359583,-1,-1,0,-1,8,3,-1,-2
1533864641359583,2,0,2,8,-7,-1,1,0
1533864641368552,-3,-3,-9,-36,-6,-4,-3,-3
1533864641368552,0,3,1,16,1,1,-2,4
1533864641383511,-1,-2,-5,-23,-1,-1,-1,0
1533864641383511,-1,1,-1,0,-2,-1,-2,-1
1533864641384508,2,2,3,4,4,0,0,-1
1533864641384508,-2,-2,-4,9,2,-2,-2,-4
1533864641405452,2,5,5,-4,-3,3,2,1
1533864641405452,-5,-6,-10,-29,-33,-9,-2,-2
1533864641407447,-4,-3,-2,21,4,1,-2,-1
1533864641407447,-3,-3,-2,-25,-6,-1,-1,0
1533864641419420,-4,-2,-1,17,0,-3,-2,-1
1533864641419420,-1,2,3,13,9,3,0,1
1533864641428404,1,0,-2,-8,-9,0,1,0
1533864641428404,-1,-2,-1,12,-4,-5,-2,-1
1533864641443351,-1,-1,-5,-16,-2,-4,-1,-2
1533864641443351,0,-2,-1,-3,7,-2,-3,-1
1533864641445348,2,1,2,0,4,0,-1,-1
1533864641445348,-1,-3,0,7,5,0,1,1
1533864641465292,-1,-3,0,0,5,0,0,-2
1533864641465292,-3,-1,0,2,0,-3,-2,-2
1533864641467287,0,0,-1,1,-1,1,0,0
1533864641467287,0,0,0,-6,-3,0,-1,-2
1533864641479255,0,0,-1,-3,0,-3,-2,-1
1533864641479255,-3,-1,-5,-1,1,2,1,-2
1533864641488231,-2,1,-1,-5,-5,-2,-3,-1
1533864641488231,-1,-1,-2,-2,-2,0,0,-3
1533864641503398,-1,-3,-2,-5,1,-5,-2,0
1533864641503398,-2,0,4,5,-4,1,-2,-1
1533864641505187,0,0,2,-6,-8,-3,-1,0
1533864641505187,-1,1,0,14,1,1,-1,-3
1533864641526130,-1,-3,-2,-11,26,3,-2,-1
1533864641526130,0,-1,-3,-32,-21,-7,0,-2
1533864641527135,-8,-4,-5,24,6,-4,-1,-2
1533864641527135,0,-1,0,-23,-10,0,-2,0
1533864641539132,0,-2,2,3,-9,2,0,-6
1533864641539132,0,1,2,1,13,3,0,-1
1533864641556049,2,1,0,12,8,-2,-1,0
1533864641556049,-2,2,-3,2,0,-3,-2,0
1533864641563233,-2,1,-2,8,1,-2,-1,1
1533864641563233,-1,-2,-2,4,-5,-3,-3,0
1533864641565047,0,-1,0,-14,-6,-1,0,-1
1533864641565047,1,-2,-1,-1,-1,-2,-1,3
1533864641586179,0,-1,-4,-5,-6,2,1,-1
1533864641586179,-1,-1,0,2,0,0,0,-2
1533864641586985,-2,-2,-4,-4,1,1,-4,-2
1533864641586985,-1,1,2,15,0,-2,0,-2
1533864641599130,-3,-3,-1,-20,-10,-4,1,-1
1533864641599130,0,-1,2,19,2,1,-1,-1
1533864641607914,0,1,5,17,17,2,0,0
1533864641607914,-5,-5,-8,-31,-7,-4,-4,-4
1533864641622875,-2,1,-1,-2,-13,-2,-3,-1
1533864641622875,0,1,0,-9,3,-1,-2,-1
1533864641624881,4,-2,5,13,3,2,2,3
1533864641624881,1,2,-3,-43,-23,-5,0,-2
1533864641645810,-1,1,0,7,-5,0,0,1
1533864641645810,-2,-2,-2,13,8,-1,-1,1
1533864641647809,1,3,0,-41,-14,3,1,-4
1533864641647809,-2,-1,-1,29,18,-2,0,1
1533864641659772,-2,-3,-1,4,2,0,1,0
1533864641659772,0,2,-3,-3,-5,-4,-2,0
1533864641668748,-8,-11,-12,-27,-12,-6,-6,-4
1533864641668748,-1,-3,-1,-5,-3,1,-3,-3
1533864641683712,1,1,1,4,-2,-3,-1,-1
1533864641683712,-2,-2,-1,15,8,2,1,-1
1533864641684718,0,1,1,-9,-2,1,1,-2
1533864641684718,1,1,-2,-2,-3,0,-1,-1
1533864641705653,-1,-3,-2,15,1,1,-1,-1
1533864641705653,-2,-1,-2,-15,-7,-3,-1,-1
1533864641707645,-1,-2,-3,5,3,0,-2,1
1533864641707645,-2,-3,1,13,7,3,0,-1
1533864641719612,-1,-1,-1,0,-2,1,-3,0
1533864641719612,-4,-3,-6,-2,-9,0,-1,1
1533864641728588,-1,0,1,12,4,-2,-3,-2
1533864641728588,2,1,1,-30,-11,0,2,-1
1533864641743554,-1,-1,-3,0,4,-6,-1,-1
1533864641743554,-5,-5,-3,-10,-5,-2,-1,-3
1533864641744547,-3,-3,-1,14,-1,-1,-2,1
1533864641744547,1,0,1,3,3,-1,-2,-1
1533864641765494,1,0,0,-5,-3,-1,0,-1
1533864641765494,1,0,-2,8,10,0,-1,-1
1533864641767484,1,-1,-1,2,-3,-4,-2,0
1533864641767484,-2,-2,-1,-3,-6,-1,-1,-4
1533864641779456,-3,-2,-3,4,0,-1,-1,-2
1533864641779456,0,-2,-2,6,3,-1,-1,-3
1533864641788428,1,-1,0,-5,-2,0,-1,-1
1533864641788428,0,0,1,9,8,-2,-2,0
1533864641803392,-3,-4,-1,-4,6,2,-3,-2
1533864641803392,-3,-1,-1,-8,-14,-3,-1,-1
1533864641804385,1,-1,-4,-6,5,2,0,-2
1533864641804385,-2,1,-2,9,-8,-5,1,1
1533864641825334,-1,-1,-1,-2,-5,1,-2,-2
1533864641825334,0,-2,3,1,4,-3,-1,1
1533864641833309,-1,-2,-2,-10,16,9,0,0
1533864641833309,-1,-1,-3,-1,-25,-9,-4,0
1533864641848271,0,-2,1,15,-1,-1,-3,0
1533864641848271,-2,-3,-5,-21,-1,-5,-2,-3
1533864641850263,-2,-2,-1,1,-13,-4,-2,-2
1533864641850263,-1,-1,-2,-4,7,3,1,-2
1533864641863231,-1,0,-1,2,-1,0,0,0
1533864641863231,0,-2,0,2,-2,1,-3,-2
1533864641865223,1,-1,1,-2,2,-2,1,0
1533864641865223,-2,-1,0,2,6,2,-3,-4
1533864641886374,-1,-2,0,-8,-12,-4,0,-1
1533864641886374,1,0,-1,-4,6,3,0,0
1533864641887165,-2,-2,-5,12,0,-3,-3,-3
1533864641887165,-2,-3,-1,6,-3,-2,-3,1
1533864641908111,-1,-1,-1,-4,9,2,-1,0
1533864641908111,1,1,0,3,4,0,1,-2
1533864641910104,-3,3,5,-10,-7,0,1,3
1533864641910104,0,-1,-2,1,1,4,1,1
1533864641923088,-2,-1,-4,-7,-2,-2,-3,-2
1533864641923088,3,2,1,33,-3,2,0,1
1533864641925063,-4,-2,-8,-39,-9,-5,-3,-4
1533864641925063,-1,-1,2,10,2,1,-1,0
1533864641946018,0,-2,-6,-5,7,-3,-1,0
1533864641946018,-2,-1,-2,-25,-17,-2,0,-2
1533864641947007,-3,-2,-4,7,3,-3,-2,-2
1533864641947007,-1,-1,4,7,9,4,2,-1
1533864641967948,2,-1,-1,-2,-6,-4,-1,0
1533864641967948,-4,-1,0,20,4,0,-1,-2
1533864641969948,4,1,2,-19,6,2,1,-3
1533864641969948,-4,-3,-3,10,5,-4,-4,-2
1533864641982910,0,2,-1,-1,-14,-1,0,0
1533864641982910,0,-1,-1,7,9,0,0,-1
1533864641990087,-1,0,-2,-3,-13,-2,-1,2
1533864641990087,0,0,2,7,12,4,2,-2
1533864642005846,0,-1,1,-1,2,0,1,-2
1533864642005846,-1,-2,2,-6,-10,-7,-3,1
1533864642007842,-1,-1,-4,3,-7,-3,-2,-2
1533864642007842,-1,0,-3,-15,2,0,-1,0
1533864642028786,-2,-1,-2,8,1,-1,-2,-1
1533864642028786,-1,-1,1,1,0,0,-2,-3
1533864642029783,-2,-1,1,0,6,-2,0,-2
1533864642029783,-2,-2,-2,1,-8,-4,-3,-2
1533864642042748,1,-1,-1,-36,6,0,-1,-4
1533864642042748,-1,-1,-3,12,-3,-3,-2,0
1533864642049733,-2,-1,3,21,6,-6,0,0
1533864642049733,0,-1,-4,-18,-9,2,-3,1
1533864642065725,-4,-3,-1,26,-1,-1,-1,-1
1533864642065725,0,0,-1,-14,-3,3,-1,-4
1533864642067681,-1,-2,0,8,-1,0,-2,0
1533864642067681,-1,-1,-1,0,3,-2,-1,-1
1533864642088811,-1,-1,1,-2,-3,-2,-1,0
1533864642088811,-2,-1,-4,-1,4,0,-1,-1
1533864642089622,1,0,-1,3,-6,1,0,-4
1533864642089622,1,-1,-1,-2,1,-3,0,-3
1533864642110572,-2,-4,-1,-4,-8,-2,-1,0
1533864642110572,-3,-1,-2,-2,10,-1,-2,-2
1533864642112561,0,1,0,-4,-4,1,-1,1
1533864642112561,0,0,-3,-7,-3,0,-2,0
1533864642125527,2,2,3,10,6,-3,-1,0
1533864642125527,-4,-4,-6,-3,-6,-5,-1,-1
1533864642127530,0,-1,0,-11,-15,1,1,0
1533864642127530,-5,-7,-5,2,-7,-4,-1,-3
1533864642148468,-3,-1,-3,0,-1,0,1,0
1533864642148468,-1,-3,0,7,6,-2,-4,-4
1533864642149463,-2,0,1,13,-1,-3,-2,1
1533864642149463,2,3,0,-54,-17,-1,-1,-1
1533864642162431,-6,-5,-7,18,18,-3,-4,-4
1533864642162431,0,0,-2,-6,-2,2,-1,-2
1533864642169409,-2,-3,-4,-22,-4,-1,1,-1
1533864642169409,-1,-1,2,17,7,2,-1,0
1533864642185394,0,0,3,-12,-15,-1,-2,0
1533864642185394,0,0,-1,-3,3,2,1,0
1533864642187363,-2,-3,0,14,3,-1,-2,-3
1533864642187363,2,1,-1,4,4,-2,-1,-1
1533864642208476,1,2,2,-8,5,0,1,0
1533864642208476,-2,-4,-7,2,-7,-4,-2,-1
1533864642210308,-2,-1,-1,-9,-3,-2,-2,-2
1533864642210308,-6,-5,-7,2,-1,-2,0,-4
1533864642223265,-2,-2,1,11,-6,-2,-1,-1
1533864642223265,1,2,4,-1,8,-1,-2,1
1533864642229249,-5,-2,-8,-28,0,3,1,-2
1533864642229249,-1,-2,-1,5,-17,-5,-4,3
1533864642246203,-1,0,-2,-4,1,1,-1,-2
1533864642246203,1,-1,3,1,-12,-2,1,-2
1533864642247201,0,-1,3,-1,8,-1,-2,-2
1533864642247201,0,0,0,12,10,1,0,-1
1533864642268145,-1,-2,-4,-7,-3,-2,-2,-2
1533864642268145,-2,-1,-3,-3,9,-1,-1,-1
1533864642270140,2,0,1,24,-8,-1,-1,0
1533864642270140,-1,0,-1,-18,-6,-2,0,-1
1533864642283104,-4,-7,-7,4,0,-3,-3,-1
1533864642283104,-5,-2,-2,-7,-1,1,-1,-1
1533864642289091,1,0,1,4,4,-3,0,-2
1533864642289091,5,3,8,27,10,3,3,0
1533864642306044,-5,-5,-5,-42,-16,-3,-4,-4
1533864642306044,-3,-4,-3,0,0,-2,-3,2
1533864642307041,-1,-2,0,15,-6,-1,-2,2
1533864642307041,-1,0,0,-22,-1,-1,-2,-4
1533864642327985,2,5,6,18,-1,2,2,4
1533864642327985,-3,-3,-4,2,-2,-5,-2,-2
1533864642329988,-3,-3,-2,-3,-1,2,-1,-3
1533864642329988,-1,-2,0,7,0,2,-1,-1
1533864642341948,1,-2,0,6,9,-4,0,0
1533864642341948,3,-1,1,-6,-8,1,-1,-1
1533864642350923,2,2,0,-2,3,-1,-1,-1
1533864642350923,-3,-4,-4,2,0,-4,-2,-1
1533864642365887,-3,0,0,-4,-4,0,-1,-2
1533864642365887,3,2,1,-1,0,0,-1,0
1533864642367883,3,1,4,6,17,3,2,-1
1533864642367883,-13,-10,-15,-27,-30,-10,-5,-3
1533864642388970,-1,-1,-3,5,4,0,-2,-2
1533864642388970,5,5,6,-8,-7,1,1,3
1533864642390819,-4,-6,-7,-6,-29,-3,-3,-3
1533864642390819,-3,-1,3,42,37,2,-1,1
1533864642401788,0,0,1,-16,16,1,0,-2
1533864642401788,-7,-4,-6,-12,-63,-8,-3,-3
1533864642410764,5,2,3,-2,27,8,2,1
1533864642410764,-5,-2,-2,23,-6,-5,-3,-1
1533864642425760,0,1,1,-20,-3,-3,-1,0
1533864642425760,3,2,-1,-8,14,1,1,-1
1533864642427719,-1,-1,-6,-1,-8,-1,-3,0
1533864642427719,1,1,-3,-10,4,0,-1,-1
1533864642448662,2,1,13,11,-3,-1,-2,0
1533864642448662,1,-1,2,-1,3,-2,-1,1
1533864642449659,-6,-7,-7,-10,-6,-4,-1,-6
1533864642449659,2,1,-2,5,6,1,4,0
1533864642461628,-2,-2,-7,3,-8,-1,-1,-1
1533864642461628,-3,-3,-1,-4,6,1,0,0
1533864642470604,0,0,1,6,9,-3,1,11
1533864642470604,0,0,-1,-10,-3,-1,-6,-10
1533864642485564,0,-2,-1,0,-7,2,2,9
1533864642485564,-4,-1,7,-1,6,-1,-5,-9
1533864642487558,0,-1,-4,1,-5,0,6,5
1533864642487558,-1,-2,-1,-14,-10,0,-7,-4
1533864642508506,-1,-2,-5,0,-3,0,1,-2
1533864642508506,0,0,-3,9,12,1,5,5
1533864642509500,-4,0,-2,-9,-8,-7,-8,-10
1533864642509500,1,1,1,-6,-3,-1,2,2
1533864642522572,-1,-3,-1,7,1,-4,-3,-5
1533864642522572,-2,-2,-5,-1,3,0,-2,-6
1533864642530444,-2,-2,-1,-4,-7,-1,-1,3
1533864642530444,1,-1,-1,-6,0,1,0,1
1533864642545404,0,-1,-1,3,-1,0,-2,-3
1533864642545404,-1,1,0,-3,0,-2,2,4
1533864642547398,1,0,2,-1,0,-3,-3,-4
1533864642547398,2,-1,-2,-5,3,2,0,-2
1533864642568343,-5,-3,-8,0,-7,-3,-1,1
1533864642568343,0,-2,0,-5,-8,-1,0,-2
1533864642570338,0,0,1,26,21,1,0,-4
1533864642570338,-4,-3,-4,-6,-11,-3,-4,-3
1533864642582331,2,0,1,-9,0,4,2,0
1533864642582331,0,-2,-6,-6,14,-1,-1,0
1533864642591313,-4,-1,-1,-10,-17,-2,-5,-3
1533864642591313,2,0,1,16,3,-1,3,2
1533864642606247,-2,-1,-2,13,-2,-1,0,-1
1533864642606247,-1,-1,0,9,8,-3,-3,-4
1533864642607239,1,3,0,11,9,2,0,-1
1533864642607239,2,1,2,-2,13,3,3,3
1533864642628182,-4,-2,-2,1,-28,-6,-2,-4
1533864642628182,-7,-7,-8,-6,16,-1,-5,-3
1533864642630177,-1,-2,-4,-27,-29,-4,-1,1
1533864642630177,4,2,7,1,8,4,2,-1
1533864642642182,3,1,4,16,26,-1,0,-1
1533864642642182,-5,-3,-8,-45,-43,-7,-4,0
1533864642651159,-9,-8,-5,44,26,-5,-6,-2
1533864642651159,0,1,-1,-9,-43,-6,1,2
1533864642666084,-1,-2,-4,-15,6,-3,-1,-3
1533864642666084,2,1,5,14,4,3,3,2
1533864642668076,1,1,-1,-20,20,1,1,-2
1533864642668076,-4,-1,-1,-9,-16,-5,-2,-1
1533864642688025,0,2,0,-9,-2,6,1,-2
1533864642688025,-3,-4,-6,22,-8,-8,-4,-2
1533864642690017,1,1,2,-14,-7,1,-1,-2
1533864642690017,-1,-2,-1,12,22,-1,-3,-1
1533864642701985,0,0,-2,1,7,2,-2,-2
1533864642701985,-1,1,1,-8,-8,-1,-1,-2
1533864642710960,1,-1,1,6,2,3,1,-2
1533864642710960,-5,-3,-2,-3,-7,-5,-3,-1
1533864642726029,-1,-1,-3,-9,-2,-5,-1,-2
1533864642726029,4,1,0,2,11,3,2,1
1533864642727916,-3,-3,-4,-7,-19,-5,-2,0
1533864642727916,-1,0,-2,-1,3,2,-2,0
1533864642748961,-1,-2,-1,5,0,-1,-3,-3
1533864642748961,1,-1,4,13,10,-1,2,1
1533864642749900,1,0,-2,-17,-19,-4,-1,-3
1533864642749900,-2,0,-3,-15,-8,-6,-2,-1
1533864642770804,-3,-2,-1,20,9,7,0,0
1533864642770804,0,-1,-1,-3,1,-2,0,-2
1533864642772815,1,0,-1,-16,-7,-1,0,1
1533864642772815,-3,-3,-7,19,21,-2,0,0
1533864642785966,-1,-1,1,7,15,-2,-3,-1
1533864642785966,2,2,1,-26,-16,0,-1,-3
1533864642787755,-5,-2,1,27,-6,-4,-4,-2
1533864642787755,2,-1,2,-10,-4,1,0,0
1533864642808915,0,2,-3,-6,5,-1,0,-4
1533864642808915,-1,-2,-1,22,15,5,-2,0
1533864642809697,0,1,-5,-19,-7,-5,0,0
1533864642809697,-3,-2,0,-8,-16,-1,-1,-3
1533864642830644,0,-2,-3,-4,-7,-1,-1,-1
1533864642830644,-2,-2,-3,-2,-8,0,-1,-2
1533864642832635,1,-1,3,4,3,2,-1,0
1533864642832635,1,-1,1,-2,7,-1,0,-1
1533864642844603,-5,-3,-4,-15,-4,-4,-1,0
1533864642844603,-1,-2,-1,14,3,1,1,2
1533864642853579,-2,-2,4,32,5,2,-2,-2
1533864642853579,-1,0,-1,-63,-5,1,1,0
1533864642868538,-3,-4,-11,-31,-25,-8,-5,-2
1533864642868538,1,3,4,-13,13,4,0,1
1533864642869536,-2,-3,-7,33,-12,-2,1,-6
1533864642869536,3,1,-2,-2,-3,-7,0,0
1533864642891477,-6,-3,-7,-17,-27,-5,0,0
1533864642891477,-5,-1,1,4,-3,-3,-5,0
1533864642892476,3,3,4,-39,9,5,1,2
1533864642892476,-6,-4,1,50,9,-1,-6,-5
1533864642905440,3,1,3,27,23,1,3,0
1533864642905440,-3,-5,-8,-37,-48,-9,-4,-1
1533864642907435,0,-1,2,1,4,1,0,0
1533864642907435,1,-2,-6,-9,-1,-2,-1,-3
1533864642928395,0,1,5,12,-5,-2,-1,0
1533864642928395,2,0,-1,-4,5,1,0,-3
1533864642930374,-1,-2,-6,-3,-9,-5,-4,-3
1533864642930374,-7,-6,-9,24,-3,-3,-2,-1
1533864642950324,-2,-3,-4,10,2,2,-4,-1
1533864642950324,3,5,9,12,18,8,2,2
1533864642952315,-3,-1,2,-12,-14,-8,0,-1
1533864642952315,0,-2,-8,13,6,-1,-4,-3
1533864642965328,0,0,3,1,-22,0,-2,0
1533864642965328,-3,-3,-4,-31,-1,-3,-3,-2
1533864642972478,0,-3,-6,15,14,-1,-1,-2
1533864642972478,4,1,7,9,2,1,3,3
1533864642988261,1,-2,-5,-41,-7,-4,8,23
1533864642988261,-4,0,-2,29,12,-4,-17,-34
1533864642990216,1,2,1,-12,-3,0,-1,0
1533864642990216,-5,-2,-3,-19,5,-2,-6,-8
1533864643011167,1,0,2,-4,0,0,4,-1
1533864643011167,2,-1,1,31,1,0,4,10
1533864643012159,-5,-8,-7,11,4,-4,-5,-3
1533864643012159,-1,-2,-2,-7,-16,0,4,-1
1533864643025121,0,0,-1,-6,9,-1,-4,-7
1533864643025121,-1,0,-1,1,10,-2,3,6
1533864643032102,2,1,3,2,-14,0,0,-1
1533864643032102,-3,-3,-4,-24,-3,-4,4,9
1533864643048093,-4,2,0,3,1,-2,-8,-17
1533864643048093,-5,-6,-5,-3,-3,-3,-4,-4
1533864643050053,2,-1,-1,-13,6,2,4,7
1533864643050053,1,1,5,16,15,4,-3,-10
1533864643071001,0,1,0,8,2,0,-2,-3
1533864643071001,1,0,-2,-7,-13,-2,1,4
1533864643072012,-1,1,-1,-25,7,1,-2,-2
1533864643072012,-2,0,-1,18,-4,-1,-1,1
1533864643084981,-1,-1,-3,-23,-12,-3,-2,-1
1533864643084981,-1,1,-2,20,10,0,1,1
1533864643092147,0,1,1,-20,-3,-1,0,1
1533864643092147,-1,0,-3,27,-3,-2,-2,-1
1533864643107902,-4,-3,-1,36,12,-3,-3,-2
1533864643107902,-1,-4,-3,-39,-32,-5,0,3
1533864643109895,-5,-4,-3,25,15,3,-3,-4
1533864643109895,-2,0,-1,-47,-49,-5,-1,-1
1533864643130841,2,0,1,-16,6,-1,1,-2
1533864643130841,-3,-5,-3,7,2,0,0,0
1533864643132833,0,-1,-1,-5,-1,-1,0,-2
1533864643132833,5,1,3,-1,10,4,2,1
1533864643144801,-10,-6,-7,26,-6,-8,-1,4
1533864643144801,-2,1,0,-2,8,-2,-6,-13
1533864643151785,-4,0,-2,-35,-8,-4,-3,-4
1533864643151785,1,1,5,6,6,1,-1,1
1533864643168736,1,0,0,-10,-6,-2,1,-2
1533864643168736,0,3,-2,1,3,0,3,5
1533864643169735,-3,-5,-2,29,-5,-4,-1,1
1533864643169735,-1,-2,-1,9,25,2,-2,-3
1533864643190679,1,-1,-2,-18,-44,-7,-3,-3
1533864643190679,0,-2,-3,-14,1,-2,1,2
1533864643192702,1,1,0,0,-8,1,-1,-2
1533864643192702,-4,-6,-3,-3,2,-3,-3,0
1533864643205639,0,1,3,5,9,5,1,0
1533864643205639,-1,0,1,26,9,-1,0,1
1533864643219603,-3,-2,-1,-49,-22,-4,1,-1
1533864643219603,-1,0,0,27,10,0,-1,0
1533864643228586,-4,-3,-2,-1,1,1,-4,-1
1533864643228586,1,0,-2,-11,-6,0,1,0
1533864643229587,1,-2,1,14,10,-2,-2,1
1533864643229587,-1,1,1,-4,-5,-1,-1,1
1533864643250517,0,0,2,-4,4,2,0,-2
1533864643250517,0,-2,-2,-12,-1,1,-1,3
1533864643252527,-1,1,-4,12,8,-2,0,0
1533864643252527,-1,1,2,22,-19,-5,-3,-1
1533864643264484,4,0,-1,-43,1,2,0,-3
1533864643264484,-5,-8,-13,-27,-11,-9,-5,-5
1533864643273457,-4,-2,-3,6,-21,-6,0,-1
1533864643273457,-4,-1,-3,1,12,3,-1,-2
1533864643288492,-2,0,1,12,8,1,0,1
1533864643288492,1,0,4,16,6,2,1,0
1533864643290416,0,0,2,10,18,0,-2,-2
1533864643290416,1,-2,-1,-14,-10,-6,-1,0
1533864643310359,0,0,3,14,7,2,-2,-2
1533864643310359,-2,1,1,4,-7,-2,-2,0
1533864643312354,-4,-3,-7,17,11,-2,-3,-2
1533864643312354,0,-1,1,-10,4,2,-2,-1
1533864643324320,-2,0,-3,-2,3,0,-2,-1
1533864643324320,1,1,3,6,1,1,1,0
1533864643333296,-2,0,0,0,-3,0,0,-1
1533864643333296,-1,0,-2,-16,-3,-2,-2,-2
1533864643348460,-1,-5,-2,-1,-1,-1,-2,-1
1533864643348460,-3,-1,-1,10,-1,-1,1,0
1533864643350289,2,0,-1,4,-4,2,-1,0
1533864643350289,2,0,1,-25,4,-1,0,-2
1533864643371402,-5,-4,-4,23,-6,-4,-2,-3
1533864643371402,-4,-2,-4,-11,-2,1,-1,-1
1533864643372193,-3,-1,-1,-15,-5,-1,-2,-3
1533864643372193,-1,-2,-3,-1,-8,-2,0,0
1533864643384209,1,-1,-1,8,3,-3,-2,-1
1533864643384209,-2,-1,1,1,-3,-2,-2,-1
1533864643393145,0,-1,-2,-3,2,2,0,-1
1533864643393145,0,1,-1,3,3,0,-2,-3
1533864643408097,-2,-1,-2,-5,1,-3,0,-1
1533864643408097,0,-2,0,1,0,-1,-2,1
1533864643410091,1,0,0,-5,-1,-3,0,0
1533864643410091,-2,-2,-2,0,-1,-1,-4,-2
1533864643431251,-2,-2,-2,-9,2,1,-3,-2
1533864643431251,0,-1,1,8,0,-3,-1,-1
1533864643432040,-3,-2,-2,-9,-7,-2,-2,-3
1533864643432040,0,-1,1,-19,1,1,1,2
1533864643444025,-1,-2,-5,15,-9,-5,-2,-1
1533864643444025,-1,-2,-3,-7,0,-2,-3,-1
1533864643452977,1,-1,1,-1,-3,-2,2,3
1533864643452977,-5,-2,-3,2,1,0,-2,3
1533864643468943,0,0,3,-11,2,-1,1,-1
1533864643468943,0,-2,0,1,-3,0,-1,0
1533864643469931,-1,-2,-3,3,2,1,5,2
1533864643469931,-2,1,-1,-4,-1,-1,-8,-14
1533864643491079,1,0,-1,2,1,-1,1,6
1533864643491079,-2,1,-2,2,-3,-4,-4,-5
1533864643491874,-2,-2,0,-2,-1,-1,-2,-3
1533864643491874,3,-1,-1,2,-2,-1,1,1
1533864643505041,-3,-1,1,3,-2,1,-4,-3
1533864643505041,-1,-2,-1,1,-3,-1,-2,-1
1533864643513814,0,0,2,-2,-2,0,-3,-4
1533864643513814,-2,-3,-2,1,-2,-2,-1,-2
1533864643528775,-2,0,0,-3,0,-2,-1,-4
1533864643528775,0,-2,-3,-3,1,0,4,6
1533864643529773,-1,-1,-2,4,-1,-2,-3,-2
1533864643529773,-2,-3,-1,-5,-5,1,0,1
1533864643550715,1,0,-2,-3,5,-1,2,0
1533864643550715,-1,-2,0,-11,-11,-3,-1,-1
1533864643552710,1,1,-1,3,2,-1,-2,-1
1533864643552710,0,0,0,2,9,2,2,-1
1533864643564716,-1,1,3,30,1,-2,-3,-1
1533864643564716,-7,-8,-13,-43,-21,-11,-3,-4
1533864643573654,0,1,1,26,10,1,-1,0
1533864643573654,3,0,-2,-32,-22,-3,1,3
1533864643588614,-1,-2,-2,-2,4,1,-1,-3
1533864643588614,1,2,5,12,16,6,0,1
1533864643589612,0,0,3,28,23,1,-2,-1
1533864643589612,-3,-1,-4,-4,-17,-3,1,0
1533864643610570,-5,-5,-7,-38,-50,-5,-3,-2
1533864643610570,1,1,1,28,7,1,0,-3
1533864643612560,-3,-2,-2,-32,-9,0,-1,0
1533864643612560,0,2,4,44,30,5,2,0
1533864643624559,4,0,0,-62,-13,-1,0,0
1533864643624559,-1,-1,-2,0,13,3,-1,0
1533864643633511,-1,-2,-1,4,7,-1,-1,0
1533864643633511,-4,-1,-1,13,-10,-4,-2,-1
1533864643648484,-4,-13,2,-1,-2,-2,-2,-1
1533864643648484,2,1,3,12,6,-1,0,0
1533864643649451,-4,-5,-3,12,9,-2,-3,-4
1533864643649451,1,-3,3,-25,15,1,1,0
1533864643670398,-2,3,-6,6,-12,-4,-2,-1
1533864643670398,-1,0,-3,-26,-10,-2,-1,0
1533864643672389,-3,-4,-3,-1,-6,-3,-1,-2
1533864643672389,-4,0,-6,-5,-8,-6,-2,-2
1533864643684357,1,0,-1,20,12,6,1,-1
1533864643684357,0,-1,-1,-9,0,2,0,-2
1533864643693335,0,2,-2,-1,-5,0,-1,-2
1533864643693335,-1,-2,-1,5,0,0,-2,-1
1533864643708491,2,5,5,-13,9,3,2,0
1533864643708491,-2,-5,-6,34,15,-5,-6,-3
1533864643710288,-6,-3,-5,-41,-14,-4,-2,-2
1533864643710288,-2,-1,1,-4,-16,-4,-1,-2
1533864643731236,-2,0,-1,17,1,0,-3,-1
1533864643731236,-1,2,1,-6,-2,4,2,3
1533864643732241,0,-2,-1,1,-7,0,-1,-1
1533864643732241,-2,-4,-6,-1,8,-1,-4,-1
1533864643753338,-1,2,-1,7,8,0,-1,-1
1533864643753338,0,-1,2,-2,-3,-4,0,-1
1533864643755185,1,0,0,-11,-7,-3,-2,0
1533864643755185,-1,0,3,5,4,0,-2,0
1533864643768330,3,2,2,46,6,-1,3,0
1533864643768330,-3,-3,-5,-63,-23,-2,0,-2
1533864643770144,-6,-3,-4,3,-2,-1,-3,-1
1533864643770144,-4,-3,-2,-1,1,1,-1,-2
1533864643798056,-1,-3,-3,-6,5,-2,-2,-1
1533864643798056,2,0,3,23,8,0,0,-3
1533864643800048,2,3,0,-6,-7,-1,3,-2
1533864643800048,-1,-1,-3,-6,-3,-1,-1,-1
1533864643813014,0,-2,1,0,13,0,-1,1
1533864643813014,-2,-2,3,6,-12,0,-1,0
1533864643815065,-1,-1,-1,2,14,0,-1,1
1533864643815065,1,2,1,-2,-12,-1,2,1
1533864643827976,-1,-1,-5,5,-1,-1,-1,-2
1533864643827976,-3,-3,-8,0,-5,-5,-5,-3
1533864643834955,-1,-2,0,-14,-13,-2,-2,0
1533864643834955,0,-1,-4,4,3,-3,1,-3
1533864643850915,-6,0,-4,-16,7,-2,0,-2
1533864643850915,2,3,0,-3,-8,1,2,0
1533864643852907,0,-1,2,8,4,-1,-2,-3
1533864643852907,-1,-2,-1,-8,-1,-1,1,-1
1533864643872853,0,-1,0,0,23,3,-1,-1
1533864643872853,-3,-2,-2,16,-6,-1,2,1
1533864643873850,-1,0,0,-31,-35,-4,-2,-1
1533864643873850,-1,0,1,-5,0,-1,-1,0
1533864643887817,-4,0,-4,-3,-8,-4,-3,-1
1533864643887817,-1,0,-1,8,17,1,-2,-1
1533864643888811,-1,1,-1,7,3,-1,1,-1
1533864643888811,-1,-1,-2,6,-2,-3,-3,0
1533864643909755,5,2,8,21,3,3,1,1
1533864643909755,-3,-3,-7,-52,8,-2,-4,-2
1533864643910754,-5,-5,-7,21,-18,-11,-3,-2
1533864643910754,-4,-5,-5,-12,-1,-2,-3,-2
1533864643932894,-1,-2,-1,-7,-9,-2,0,-2
1533864643932894,4,4,4,14,2,3,2,-1
1533864643933691,1,1,-1,-2,7,4,-2,-1
1533864643933691,0,-2,-2,5,1,-1,-1,0
1533864643947673,0,-1,-3,-7,-5,-3,-1,0
1533864643947673,3,0,3,10,5,2,-1,0
1533864643948651,3,2,1,8,11,-3,-1,-2
1533864643948651,-7,-6,-10,-3,-12,-2,-2,-2
1533864643970609,-8,-4,-8,-32,-22,-5,-5,-5
1533864643970609,-3,-6,-1,13,-5,-5,-4,-1
1533864643970609,2,1,4,-3,6,4,0,1
1533864643970609,3,2,5,10,13,3,3,-1
1533864643992534,-1,-2,-2,0,0,-2,-1,-3
1533864643992534,-1,0,-1,0,-2,-2,-1,-1
1533864643993531,2,-2,2,2,4,0,0,0
1533864643993531,0,-1,0,-7,-3,-3,-4,0
1533864644007526,-1,-2,-2,27,9,1,-1,1
1533864644007526,-5,-4,-8,-26,-19,-6,-5,-3
1533864644008491,-4,-2,-2,0,0,2,-2,0
1533864644008491,-3,-1,-2,0,-1,-4,-2,-2
1533864644030541,-1,-3,1,-1,-6,-3,-2,-1
1533864644030541,2,0,4,16,9,3,3,0
1533864644030541,-2,-1,-3,-3,4,-3,-1,-1
1533864644030541,2,0,-3,-14,-15,0,1,-1
1533864644052376,2,2,1,3,-8,-1,0,0
1533864644052376,-5,-1,-2,10,5,-2,-4,-3
1533864644053372,-2,-1,-5,-5,-4,0,-2,-1
1533864644053372,1,-2,3,7,12,2,1,0
1533864644067336,-1,-4,-2,-9,3,0,-1,-1
1533864644067336,-1,2,3,-2,-6,-2,-1,-1
1533864644075325,0,-1,1,0,-1,-1,-2,-3
1533864644075325,2,2,0,3,-1,0,1,-2
1533864644090466,-2,-2,-3,-7,3,-2,-1,0
1533864644090466,1,0,5,30,16,0,0,-1
1533864644091276,-3,-4,-1,10,-2,-3,-2,-1
1533864644091276,-6,-2,-6,-31,-24,-5,-5,-1
1533864644112214,0,-1,0,-6,1,2,0,0
1533864644112214,2,-1,1,-1,0,3,1,-1
1533864644113210,1,-1,1,8,7,2,1,-1
1533864644113210,-2,1,1,3,1,0,0,2
1533864644127186,-4,-1,-2,-1,3,0,-3,-3
1533864644127186,-2,-1,-1,-5,-6,-1,-1,0
1533864644135152,0,-2,-1,-3,-5,-4,-2,-1
1533864644135152,-1,-1,-2,-2,-2,-1,-2,-2
1533864644150174,0,1,0,1,3,-2,-1,-2
1533864644150174,0,-1,-2,3,-7,-2,-1,-1
1533864644151187,-2,-2,-2,-11,-4,-2,-1,-1
1533864644151187,0,0,2,17,6,-2,-1,-1
1533864644173329,-2,-2,-5,-17,-9,-3,0,-1
1533864644173329,0,-3,-3,-10,-5,-2,-3,-1
1533864644173329,0,1,-4,-6,1,0,1,1
1533864644173329,-2,-1,1,20,3,-2,-4,-1
1533864644187076,2,0,2,0,1,3,0,1
1533864644187076,-5,-1,-4,15,-6,-2,-1,0
1533864644195054,-2,8,-7,-27,-6,1,0,-2
1533864644195054,-1,-16,6,-20,0,3,-1,-1
1533864644210025,-2,-4,0,13,10,-1,-2,-3
1533864644210025,1,3,6,-2,-4,-3,0,0
1533864644211012,-3,-4,-13,-20,-21,-2,-1,-4
1533864644211012,-2,1,-5,-1,4,-2,1,-2
1533864644232984,-1,0,-1,-7,-3,-2,0,-2
1533864644232984,0,-3,1,6,7,1,1,1
1533864644232984,0,-1,2,12,11,-1,-2,0
1533864644232984,0,1,-4,1,-11,-1,-1,0
1533864644246926,-1,-3,6,-7,0,-1,-2,-1
1533864644246926,0,2,-4,-3,-5,0,-1,-1
1533864644254898,-1,-6,-1,8,4,-1,-2,-4
1533864644254898,0,3,3,8,8,1,1,-2
1533864644269871,1,17,-46,9,0,-2,-2,-1
1533864644269871,-6,-10,20,-11,-10,0,0,-1
1533864644270858,-7,-4,-2,-9,-3,-4,-2,-1
1533864644270858,2,-2,4,16,15,3,3,-1
1533864644292799,-5,0,-10,-33,-30,-5,2,1
1533864644292799,4,2,-5,0,1,-2,-2,3
1533864644293791,1,-1,7,26,4,1,-3,-7
1533864644293791,-3,1,-3,-10,0,-2,-3,-3
1533864644306760,1,-1,19,-2,3,0,-2,-4
1533864644306760,0,0,-7,-5,1,-2,-2,-3
1533864644314734,0,-3,4,13,-1,-1,2,2
1533864644314734,0,1,-5,-2,-3,-3,-2,-2
1533864644330695,0,-6,7,2,1,0,0,2
1533864644330695,-2,-4,-6,-2,-1,-2,0,-1
1533864644331688,0,0,-7,-7,-1,0,-1,3
1533864644331688,-2,1,-1,-11,-1,-2,-1,-1
1533864644352653,-2,-3,6,3,-9,-4,0,0
1533864644352653,2,0,-1,-5,3,4,-1,-1
1533864644353629,-5,-3,-4,7,-2,-5,-5,-3
1533864644353629,-5,-3,-4,0,0,-1,-3,-1
1533864644367695,-2,-3,5,6,1,0,-2,0
1533864644367695,-3,2,-4,-5,5,2,0,0
1533864644375761,4,2,7,0,-5,2,5,3
1533864644375761,2,0,1,1,3,-1,1,-1
1533864644390719,-2,-3,-8,-6,-8,-2,-2,-3
1533864644390719,0,1,4,26,4,0,-3,-3
1533864644390719,1,0,-3,-60,-12,0,1,-1
1533864644390719,-2,-2,0,12,5,-1,-2,-2
1533864644412504,1,-1,5,3,1,1,1,1
1533864644412504,-3,-4,-6,1,-2,-1,-2,-1
1533864644413469,2,-2,3,18,1,0,-1,0
1533864644413469,0,0,-1,-6,-6,-3,0,-1
1533864644427435,0,-1,1,-11,1,-1,-1,-1
1533864644427435,-3,-1,-7,-3,-12,-6,-1,-1
1533864644435412,-4,-1,-2,-9,10,0,-1,-1
1533864644435412,-1,-2,-2,7,-2,0,-2,-2
1533864644450372,6,3,7,17,7,4,1,-1
1533864644450372,-6,-4,-12,-40,-4,-7,-5,-3
1533864644451368,-6,-1,-2,10,-8,-5,0,-1
1533864644451368,-1,-1,-5,-11,-20,-3,-1,0
1533864644472406,-3,-5,1,18,3,-1,-2,-1
1533864644472406,3,1,4,-3,2,1,2,0
1533864644473310,3,-1,2,-1,9,1,-1,-1
1533864644473310,-1,1,1,3,-3,-2,-1,-1
1533864644487273,-2,-2,-3,-7,-1,-1,3,0
1533864644487273,4,4,8,21,-5,4,1,-1
1533864644495250,-2,-1,-3,-38,28,-1,-3,-1
1533864644495250,-5,-6,-7,3,-12,-1,-4,-3
1533864644510212,-2,0,-2,0,-7,-3,-1,0
1533864644510212,-5,-1,-4,-27,-20,-4,-3,-1
1533864644511210,2,3,5,17,-9,2,0,-1
1533864644511210,2,3,1,-4,12,0,1,1
1533864644532152,-3,-4,-5,-6,11,1,-2,-3
1533864644532152,-1,-1,2,22,-1,-1,0,0
1533864644533149,2,2,2,-16,3,2,1,0
1533864644533149,-1,-1,3,3,12,-1,0,-1
1533864644547112,-7,-10,-16,22,-14,-9,-6,-4
1533864644547112,-3,-1,-5,-44,-31,-5,-3,-3
1533864644555129,3,-7,-16,2,-13,-1,-1,-1
1533864644555129,1,9,0,-1,0,4,-1,0
1533864644570055,1,-11,-6,-3,10,1,0,1
1533864644570055,0,-4,8,8,17,1,2,-2
1533864644571049,-5,-2,-7,3,-8,-4,0,-2
1533864644571049,0,2,3,0,-2,1,0,0
1533864644592991,2,3,6,1,8,-1,-1,0
1533864644592991,-1,-2,-20,-3,2,-2,-2,-2
1533864644592991,-2,-1,3,6,-6,-1,-3,-2
1533864644592991,-1,-3,-4,5,0,-2,0,3
1533864644608948,-4,1,3,-10,-5,0,-3,-4
1533864644608948,-2,-3,-2,2,2,-3,-1,-3
1533864644614931,-4,1,2,12,-1,-1,1,1
1533864644614931,-1,-5,3,-6,-1,-1,-1,1
1533864644629891,-2,-1,-2,-10,-7,-1,-4,-4
1533864644629891,2,1,4,9,6,0,-1,0
1533864644630887,-4,-3,0,2,2,2,-3,-2
1533864644630887,0,-4,-8,-3,2,-4,-2,-1
1533864644652842,0,0,2,0,3,-2,0,0
1533864644652842,2,0,1,12,-1,-1,0,-1
1533864644653826,-3,-4,-2,5,-7,-5,-2,-1
1533864644653826,-1,-1,1,8,-1,3,2,-2
1533864644675767,-4,-1,-1,-11,-9,-1,-2,0
1533864644675767,-4,-5,1,5,11,-4,-3,-2
1533864644676782,-1,0,-5,-14,-7,-2,0,1
1533864644676782,1,1,3,16,5,-1,-1,-2
1533864644689734,-2,-1,-4,-20,-7,-3,-1,-1
1533864644689734,-1,0,-4,3,-1,0,0,0
1533864644690742,1,2,6,-10,-1,0,1,0
1533864644690742,-4,-5,-7,8,-5,-7,-4,-4
1533864644712686,0,0,0,12,8,2,-1,-1
1533864644712686,0,-2,-5,-17,-4,-1,-1,0
1533864644713667,-1,-1,-3,-2,-4,-1,-2,-2
1533864644713667,-1,-1,2,-13,-5,2,1,0
1533864644735611,-1,0,1,2,4,1,1,2
1533864644735611,-1,1,0,12,0,-3,-3,0
1533864644736605,0,-1,1,5,3,2,-2,-2
1533864644736605,-2,-1,-2,-10,-9,-4,-3,-2
1533864644750568,-1,0,1,9,7,3,0,1
1533864644750568,-2,-2,1,-7,2,-1,0,-1
1533864644750568,-1,-2,-1,9,-3,-3,-2,-2
1533864644750568,-1,-2,-4,-13,-5,-2,-4,-2
1533864644772544,1,0,-2,0,2,0,-2,-1
1533864644772544,-1,-3,0,11,12,1,-2,-1
1533864644773540,-3,1,0,-8,-9,0,1,1
1533864644773540,0,-1,2,22,12,-1,2,-1
1533864644796445,-3,0,-2,-18,-32,-5,-2,-3
1533864644796445,1,2,4,8,12,2,2,0
1533864644796445,-7,-6,-8,-5,-11,-5,-6,-4
1533864644796445,1,0,3,12,8,3,-1,-1
1533864644810408,2,-1,-5,-13,-6,-3,-1,-1
1533864644810408,0,0,1,-4,-5,0,-1,1
1533864644811405,1,0,2,16,7,-1,-1,0
1533864644811405,-1,1,0,-9,-7,0,0,0
1533864644832349,-1,0,1,6,11,-1,-1,0
1533864644832349,-3,1,-6,-7,-9,-2,-3,-2
1533864644833347,-2,0,2,23,6,0,1,0
1533864644833347,-3,-6,-11,-49,-12,-4,-2,-2
1533864644856285,-1,-1,2,2,3,1,-1,-1
1533864644856285,-2,-3,-1,-9,0,1,0,1
1533864644856285,4,2,1,2,4,1,0,-2
1533864644856285,-4,-4,-2,-3,-22,-3,-5,-3
1533864644870253,-2,-1,-1,12,18,0,-1,-2
1533864644870253,-4,-3,-2,0,-24,-4,-2,-4
1533864644871251,-2,-3,-5,-18,0,-1,0,-1
1533864644871251,0,1,-2,-3,-1,1,0,-1
1533864644892250,2,-2,0,5,4,-1,0,1
1533864644892250,3,1,4,-1,10,1,0,2
1533864644893187,0,0,-2,6,-11,0,0,-1
1533864644893187,-4,-3,-4,-4,2,-3,-4,-2
1533864644916125,-4,-2,-1,-8,-5,-2,-1,-1
1533864644916125,-2,-1,3,-9,-4,0,1,-1
1533864644916125,1,0,-5,11,10,1,-1,0
1533864644916125,1,-2,-5,7,9,0,0,0
1533864644930087,-1,-2,-2,-1,-17,-3,-3,-3
1533864644930087,-1,-2,-13,-3,9,1,-1,-3
1533864644931094,2,5,13,17,9,4,1,0
1533864644931094,-5,-1,3,-34,-21,-4,-1,-4
1533864644953027,-3,-1,-5,0,3,1,-1,0
1533864644953027,1,0,2,-5,-4,0,0,-2
1533864644953027,-2,-4,-4,6,2,-2,-2,0
1533864644953027,3,1,5,31,17,0,1,-1
1533864644975966,1,1,0,-21,-10,0,2,1
1533864644975966,-3,-5,-7,2,8,-2,-1,-1
1533864644976964,-2,0,1,-10,-10,-1,-1,-1
1533864644976964,-3,0,9,15,8,4,-1,1
1533864644989946,2,0,-15,-17,-6,-2,-1,0
1533864644989946,-1,-1,-1,7,7,-2,-2,-2
1533864644990926,-2,-4,-4,4,3,-5,-3,-3
1533864644990926,-1,-4,-3,-18,-1,0,-2,-1
1533864645012871,-3,-2,3,36,13,-1,-1,0
1533864645012871,3,2,4,-25,-28,-3,2,12
1533864645013868,-7,-6,-20,-7,-4,-6,-10,-19
1533864645013868,1,2,0,-4,-4,-1,1,0
1533864645035805,-2,1,6,4,1,1,-4,-4
1533864645035805,-2,-4,-7,1,1,-2,-1,0
1533864645036802,0,0,3,-6,-4,1,2,3
1533864645036802,-1,-3,-7,8,2,-2,-1,0
1533864645049775,-1,-1,-1,-5,0,-1,0,-2
1533864645049775,-1,1,4,1,0,-1,-1,-3
1533864645050766,0,-1,7,-5,-2,-1,-1,2
1533864645050766,0,-1,-3,0,1,0,-2,-3
1533864645072707,-1,-2,-1,-3,-3,-3,0,2
1533864645072707,-2,-2,-3,2,-2,-1,0,-4
1533864645073705,1,2,-4,-4,1,-1,0,3
1533864645073705,0,-1,-1,-2,-4,-1,0,0
1533864645095646,-1,1,-1,-3,-2,1,-3,-1
1533864645095646,-1,1,0,11,2,-2,-4,-2
1533864645096643,1,-2,2,0,3,-1,0,2
1533864645096643,-2,0,1,-15,-2,-1,0,0
1533864645109638,-2,-5,-1,-8,-8,-4,-3,-2
1533864645109638,-3,-3,-2,22,7,0,-3,-5
1533864645117603,1,0,4,14,1,2,3,2
1533864645117603,-8,-11,-16,-66,-29,-10,-4,-2
1533864645132592,-4,-5,-1,6,0,-1,0,-4
1533864645132592,-2,-4,-3,-13,2,0,1,0
1533864645133561,3,6,5,43,18,1,-1,1
1533864645133561,3,6,1,-4,13,3,1,0
1533864645155486,-2,2,0,0,-17,-6,-3,-1
1533864645155486,-1,0,1,-9,-3,-2,-3,-2
1533864645156483,-1,0,0,-10,-6,-1,0,-2
1533864645156483,2,4,2,24,13,1,-1,-1
1533864645170446,-1,2,-1,27,13,0,-1,0
1533864645170446,-2,-1,-3,-48,-19,-1,-1,0
1533864645171444,-1,-4,2,-14,-1,-4,-1,-1
1533864645171444,-3,-2,-2,16,1,-4,-3,-2
1533864645192400,0,-3,0,-1,4,0,0,-1
1533864645192400,-1,-5,-3,13,-1,-1,-3,-1
1533864645194384,-1,-1,-5,-20,-6,-1,0,-1
1533864645194384,-1,-1,1,13,-2,0,-1,-1
1533864645215324,2,-2,1,-12,0,2,0,-1
1533864645215324,-3,-4,-4,8,5,-3,-2,-1
1533864645216322,-4,-3,-8,-42,-25,-5,-1,-2
1533864645216322,1,0,1,34,23,1,1,0
1533864645230284,0,-1,0,-12,-11,0,0,-1
1533864645230284,2,3,-1,-27,-21,-3,0,0
1533864645231282,-4,-2,-2,10,-2,-2,-1,0
1533864645231282,-3,-4,-4,58,9,1,-2,-3
1533864645252241,2,-1,1,-43,-18,0,0,0
1533864645252241,0,1,0,28,6,-1,-2,-1
1533864645253225,0,0,3,-11,-3,3,1,0
1533864645253225,0,-4,-8,-3,-6,-2,-2,1
1533864645276162,-3,2,38,39,21,-4,-4,1
1533864645276162,-2,2,2,-16,3,2,0,-2
1533864645277162,-4,-3,-5,3,2,-2,-1,-1
1533864645277162,4,3,5,3,12,2,1,1
1533864645289127,-3,-2,-17,-17,-14,-5,-2,-2
1533864645289127,-2,-2,3,2,-2,-2,-1,-3
1533864645298105,1,0,8,-4,4,0,-1,-1
1533864645298105,1,-1,1,-7,-4,0,-1,-2
1533864645313064,2,-1,-7,15,1,1,1,0
1533864645313064,-2,1,-3,-33,-3,-3,-1,0
1533864645313064,-1,-2,-10,1,13,0,-1,-2
1533864645313064,-6,-2,1,15,-17,-4,-1,-3
1533864645336044,-3,-5,-9,-8,2,-2,0,0
1533864645336044,2,-2,-1,6,6,-1,-1,-1
1533864645337000,1,0,-1,-5,-2,2,1,-1
1533864645337000,-5,-4,-3,-32,-23,-3,-3,-4
1533864645349979,0,0,3,25,14,2,-1,-2
1533864645349979,-5,-2,-3,18,11,0,-2,0
1533864645357943,-2,-1,0,-4,-6,-3,-2,-1
1533864645357943,0,0,3,-1,1,0,1,-1
1533864645372904,-2,0,-7,-6,-1,-2,1,-1
1533864645372904,-1,-2,-1,11,0,-1,-1,-3
1533864645373903,-4,-3,-4,-13,-12,-3,-3,-1
1533864645373903,0,1,-3,-12,1,-2,-2,0
1533864645395847,-3,-2,-7,-24,-22,0,-1,-1
1533864645395847,0,-1,-2,10,6,0,0,1
1533864645396841,-1,-1,1,8,4,-4,-1,0
1533864645396841,0,-1,1,-6,-1,0,0,0
1533864645409805,1,-2,-2,-2,12,-1,-1,-1
1533864645409805,-1,-1,0,14,-4,-1,1,-1
1533864645417783,-1,-2,-1,-12,-7,0,0,-1
1533864645417783,-2,-1,0,7,-5,-2,-2,-1
1533864645440728,2,0,3,9,14,4,0,-1
1533864645440728,-3,-4,-9,-52,-21,-7,-4,-2
1533864645441720,-3,-3,-6,11,1,-3,-3,-1
1533864645441720,-1,0,1,-1,-12,-1,-1,0
1533864645455712,-1,0,-1,13,2,0,0,-1
1533864645455712,0,-1,2,19,7,2,1,-2
1533864645456680,1,3,-52,-14,-2,-2,-2,-3
1533864645456680,-5,-16,9,-9,-2,-2,-1,0
1533864645469645,0,-1,0,-3,-2,0,-1,1
1533864645469645,0,-1,2,5,-1,1,-1,0
1533864645477627,-3,-1,0,2,0,-2,-1,0
1533864645477627,0,4,-4,-3,0,-1,1,-1
1533864645492590,-1,0,-3,-8,-3,-2,0,-2
1533864645492590,-3,-6,-5,-3,-5,-2,-1,-1
1533864645493588,-1,0,12,7,-4,0,0,-2
1533864645493588,2,3,-2,-5,3,1,2,-1
1533864645515523,-3,-4,4,-3,-2,-2,-3,0
1533864645515523,0,4,-1,5,-2,-1,-2,-1
1533864645516525,-1,-3,8,-4,3,1,0,0
1533864645516525,1,-2,-2,-8,-1,0,-3,1
1533864645529487,-3,0,-10,-4,-6,-2,-2,1
1533864645529487,-1,-3,-2,7,-2,-2,-2,0
1533864645537466,2,-2,8,-1,5,1,-1,1
1533864645537466,0,0,-5,-1,-3,-1,1,-2
1533864645552424,0,-1,-2,-3,1,-1,-1,-3
1533864645552424,3,2,5,2,5,1,0,0
1533864645553425,-1,1,8,9,-3,-4,0,-1
1533864645553425,-2,-1,-9,-25,-6,-2,-3,-2
1533864645575399,-4,-3,-2,36,11,-3,-2,-2
1533864645575399,-4,-1,-1,-8,1,3,0,-1
1533864645576362,-1,-2,0,-8,-3,1,-1,-2
1533864645576362,2,2,3,0,0,1,-1,-1
1533864645589324,0,0,0,-1,-2,-1,0,0
1533864645589324,0,-2,0,11,6,1,1,1
1533864645597305,0,-2,2,-1,-4,-2,-1,-1
1533864645597305,-3,1,-2,7,-2,-3,-1,-1
1533864645612264,0,-3,-2,-7,-2,-1,-1,-2
1533864645612264,-1,0,-1,-1,-3,-1,-1,-2
1533864645613261,-1,0,1,-3,-1,0,-1,0
1533864645613261,-1,-3,-3,-7,-3,-3,0,0
1533864645636200,2,1,-2,-3,-6,-2,1,-1
1533864645636200,-3,1,-1,-5,-4,-2,-2,-1
1533864645636200,-1,-1,1,2,-4,-3,-1,1
1533864645636200,-1,-3,4,4,11,2,0,-1
1533864645658141,-5,-9,-8,-14,-4,-5,-3,-3
1533864645658141,-3,-6,-8,0,-13,-7,-4,-3
1533864645659137,2,2,4,61,12,3,0,-1
1533864645659137,0,18,-9,-73,-14,-3,-2,-1
1533864645673102,-1,-1,4,7,2,1,0,-1
1533864645673102,-1,-1,-2,-37,-5,0,1,-1
1533864645673102,0,-3,0,-3,-3,-1,-2,0
1533864645673102,2,2,3,30,8,2,2,-3
1533864645696040,-2,-1,-4,-35,-13,-1,-2,0
1533864645696040,-1,-3,-1,5,-4,-1,-1,0
1533864645697037,0,2,-2,-5,-2,-3,0,0
1533864645697037,-3,-9,0,13,4,1,0,0
1533864645719181,-1,3,1,0,3,1,-1,-2
1533864645719181,2,-5,1,16,10,1,-2,-1
1533864645719988,-2,-4,-1,-12,-1,-4,0,-3
1533864645719988,-5,-8,0,11,-10,-2,-3,-4
1533864645733138,0,-1,-1,-30,-4,-1,-1,-1
1533864645733138,-2,2,1,5,0,-1,-2,-2
1533864645733945,-2,1,2,-2,-3,1,0,0
1533864645733945,1,0,-3,-7,5,-1,-3,-1
1533864645755895,-6,-5,-2,30,2,-5,-2,-1
1533864645755895,-2,2,-1,17,6,-1,-2,-2
1533864645756876,-1,-3,-4,-37,-5,1,-1,-2
1533864645756876,-1,-2,5,11,-4,0,2,1
1533864645778819,1,5,-2,18,-5,-1,-1,-1
1533864645778819,2,1,0,-8,13,-1,-3,-2
1533864645778819,-5,-4,-3,-8,-37,-4,-4,-3
1533864645778819,0,-2,-4,-9,4,1,0,0
1533864645792782,1,0,2,-8,-1,0,0,-1
1533864645792782,3,1,3,17,2,-1,0,-1
1533864645793779,-8,-9,-7,10,13,-2,-3,-2
1533864645793779,-1,-1,0,8,6,0,0,0
1533864645815732,-2,-1,-2,-27,-26,-2,0,-2
1533864645815732,2,0,9,32,27,4,2,-1
1533864645816721,1,1,-5,-81,-49,-6,-1,0
1533864645816721,-2,-5,-10,25,-1,-7,-5,-3
1533864645838658,-3,-3,-2,1,1,-1,-2,-2
1533864645838658,-1,0,-4,-7,25,2,0,-2
1533864645838658,-4,-2,-3,38,3,-4,-2,-2
1533864645838658,2,15,-7,-1,0,2,1,0
1533864645852844,4,-7,5,1,2,1,-1,1
1533864645852844,-3,-4,-6,-5,-19,-2,-3,-2
1533864645853635,4,3,8,6,32,5,2,1
1533864645853635,0,1,3,3,3,0,-3,-1
1533864645875559,-4,2,-7,-19,-2,-1,-1,-3
1533864645875559,1,0,-1,-34,-9,-2,1,0
1533864645876570,1,-1,-3,14,9,2,1,-2
1533864645876570,-3,-7,0,8,-1,-3,-1,-1
1533864645898499,0,1,0,4,4,0,1,-1
1533864645898499,-3,-4,0,-6,-14,-2,0,-2
1533864645899496,1,-1,-1,4,-1,-2,-2,-3
1533864645899496,-3,-4,2,-4,-5,-4,-2,-2
1533864645912498,6,2,4,-15,9,3,-1,1
1533864645912498,-8,-1,-7,22,-1,-5,-6,-1
1533864645913458,-7,-5,-3,32,-7,-4,-2,-3
1533864645913458,-1,-4,-2,-61,-11,0,1,-1
1533864645935399,-5,-4,-8,-14,-19,-8,-4,-2
1533864645935399,3,1,0,-7,-8,-2,0,1
1533864645936397,2,1,1,-6,6,1,0,0
1533864645936397,-1,-4,1,27,12,1,0,0
1533864645958338,1,0,2,8,1,0,-1,-2
1533864645958338,1,0,-2,-12,-9,-2,-3,-2
1533864645959335,-3,0,-1,2,10,-1,0,-1
1533864645959335,-3,-1,-1,-5,-6,-1,-1,-3
1533864645973301,0,1,0,0,7,0,-1,-2
1533864645973301,-3,-5,-6,-7,-16,-3,1,-3
1533864645980280,-4,0,-2,4,-1,-4,-2,-1
1533864645980280,1,-1,2,11,0,-2,1,-2
1533864645996455,0,-1,1,15,11,2,0,1
1533864645996455,0,1,-1,-12,13,3,2,-1
1533864645997281,-2,-9,9,-62,-18,-4,-2,-1
1533864645997281,-6,-4,-4,-1,-4,-2,-1,-1
1533864646018178,-3,0,0,26,18,2,0,0
1533864646018178,1,-4,2,-6,-14,1,0,-2
1533864646019186,4,6,-1,16,14,4,0,0
1533864646019186,0,1,1,2,0,-1,-2,0
1533864646033137,-2,-5,0,-6,-6,-1,-2,1
1533864646033137,-4,-2,-5,4,3,1,-2,-2
1533864646033137,0,0,-2,1,6,-1,-1,0
1533864646033137,1,-1,-3,-1,-9,-1,-1,-3
1533864646056115,-1,1,-1,4,-4,-4,-3,-2
1533864646056115,-2,-2,-3,-1,-7,-1,0,-1
1533864646057072,-1,-2,-1,8,3,1,-2,-1
1533864646057072,-1,-3,-1,-9,-7,-2,0,-1
1533864646078061,0,-4,-1,3,2,-2,2,0
1533864646078061,-2,2,-3,1,-4,-5,-1,-1
1533864646079014,0,0,2,-1,0,-2,0,-1
1533864646079014,0,1,0,4,3,0,-1,-1
1533864646092981,0,-1,-4,-5,-7,-2,-1,-2
1533864646092981,-2,4,6,-3,-1,-1,-1,1
1533864646093977,0,0,-2,12,-3,-1,0,-3
1533864646093977,-2,-5,-6,-12,-3,-2,-2,-2
1533864646115939,-3,-5,0,3,0,1,-1,-2
1533864646115939,-1,0,-1,0,-1,-2,-1,0
1533864646116941,-2,-1,-4,4,3,0,0,0
1533864646116941,-1,-1,4,-5,-6,-5,-2,-2
1533864646138860,-1,3,-5,-3,5,3,0,1
1533864646138860,1,2,0,-3,2,-1,2,-1
1533864646138860,-1,-3,-4,-5,-15,-2,0,0
1533864646138860,1,-6,1,10,7,-2,-2,1
1533864646152821,-1,2,1,21,4,-2,0,-2
1533864646152821,-4,-4,-6,-15,-6,-3,-4,-2
1533864646153815,-6,-4,-7,-20,3,-4,-3,-2
1533864646153815,-1,4,-1,13,1,-3,-3,-1
1533864646175755,-1,1,4,8,1,0,-1,2
1533864646175755,1,-2,5,3,17,2,1,1
1533864646176756,-10,6,-23,-14,-35,-12,-7,-5
1533864646176756,1,-13,5,-14,9,5,3,0
1533864646198698,-4,-13,-5,-4,-29,-6,-2,-1
1533864646198698,-1,-1,0,3,5,2,0,-1
1533864646198698,3,2,2,6,6,2,1,0
1533864646198698,-1,4,-3,14,15,2,-3,-2
1533864646212658,2,5,0,-4,-3,0,2,-1
1533864646212658,-2,-9,-5,-4,-6,-1,-2,-1
1533864646213655,2,-3,5,1,7,3,0,1
1533864646213655,-2,3,0,1,-6,-1,-1,0
1533864646235600,1,0,3,-11,7,-1,-1,-1
1533864646235600,-1,1,0,2,-5,-1,-1,1
1533864646236593,0,-1,3,2,2,2,0,0
1533864646236593,0,3,-1,16,-3,-2,-1,0
1533864646258737,-2,-1,-7,-41,-6,-3,-2,-1
1533864646258737,-1,-3,-1,3,-6,-1,1,-2
1533864646259532,0,-4,-1,18,11,-1,-2,-2
1533864646259532,-2,-2,-3,-19,-16,1,1,1
1533864646272713,-3,-3,0,-13,-8,-2,-3,-2
1533864646272713,2,1,-2,-3,-6,0,-1,-1
1533864646280477,1,-3,4,-4,9,3,1,-1
1533864646280477,4,2,3,5,7,-2,0,-1
1533864646295436,-2,0,3,41,16,-2,0,-1
1533864646295436,-6,-7,-16,-76,-44,-13,-8,-5
1533864646296433,-2,-2,2,6,-3,0,-1,-2
1533864646296433,-1,0,-2,-7,0,0,0,-1
1533864646318585,-1,2,0,6,4,1,-1,1
1533864646318585,5,2,6,21,16,4,3,1
1533864646319399,-5,-4,1,-19,-27,-4,-4,-2
1533864646319399,-5,-1,1,8,2,-1,-2,-2
1533864646332338,-1,0,-4,-40,-18,-1,0,-1
1533864646332338,-2,-4,1,50,16,-3,-3,-2
1533864646340317,4,3,-3,-43,-5,2,-1,-1
1533864646340317,-3,-2,-1,6,2,-2,-1,1
1533864646356292,-2,-2,-1,12,5,1,0,-1
1533864646356292,-2,4,-3,9,3,0,-1,-1
1533864646356292,1,-1,0,10,21,1,2,0
1533864646356292,3,0,-1,-19,-16,-2,2,-1
1533864646378216,-3,-6,-7,9,7,-4,-3,-2
1533864646378216,-3,-1,-2,-6,-8,-1,-2,-1
1533864646379218,0,-1,-1,14,1,0,-1,-1
1533864646379218,-4,-6,-2,6,-2,-3,0,-3
1533864646392226,5,4,3,-2,-3,1,-1,-2
1533864646392226,-2,-1,2,4,8,4,1,2
1533864646400266,0,0,1,11,5,1,-2,1
1533864646400266,1,1,-4,-21,-6,1,0,-1
1533864646416113,-3,-13,6,-13,0,-7,-6,-3
1533864646416113,0,-6,0,-2,-18,0,0,-1
1533864646417111,-4,-6,-4,20,19,-2,-2,-1
1533864646417111,0,-3,3,18,10,2,-1,-1
1533864646438060,-1,1,-10,-6,-12,-4,-3,-2
1533864646438060,0,5,4,6,7,1,-2,-1
1533864646439052,2,2,3,-4,-5,-2,1,-1
1533864646439052,0,5,-2,-8,-2,0,-2,0
1533864646452018,1,4,-1,3,0,3,3,0
1533864646452018,2,-2,-2,18,14,-1,1,-1
1533864646459996,-8,-4,-10,-9,-19,-7,-6,-4
1533864646459996,-3,-6,-2,3,3,0,-2,-1
1533864646475960,-3,2,2,2,-1,2,-1,-1
1533864646475960,-1,-1,2,-3,-1,0,0,-1
1533864646476954,4,2,5,-9,2,0,1,1
1533864646476954,-3,-2,-6,5,-3,-4,-1,-3
1533864646498894,-1,-4,-1,-2,-4,-1,1,0
1533864646498894,-2,-1,-1,-9,-2,0,0,-1
1533864646498894,-2,-2,2,22,4,-2,-2,1
1533864646498894,-3,-2,-7,-27,-11,-2,-2,-1
1533864646511859,1,-1,-1,17,18,-2,-1,-1
1533864646511859,0,-1,0,-42,-21,-4,-2,-2
1533864646519836,-4,0,-6,-1,-13,-3,-1,-1
1533864646519836,-2,-3,-1,9,5,-4,-2,-1
1533864646535796,-4,2,-4,10,5,-1,-2,-2
1533864646535796,-3,1,-7,6,9,-1,0,0
1533864646536790,1,-17,18,-1,6,4,5,2
1533864646536790,1,0,1,-27,-25,-3,-3,0
1533864646558737,-3,-4,-1,7,4,-1,-1,-3
1533864646558737,-4,-4,-3,-1,-3,-4,-3,-2
1533864646559730,0,2,-5,17,1,0,-1,-2
1533864646559730,0,-4,-4,-22,4,1,0,0
1533864646580677,1,-3,2,-2,-8,1,1,2
1533864646580677,5,5,3,12,2,0,0,1
1533864646582669,-1,1,-6,-6,22,0,-3,-2
1533864646582669,-6,-5,-4,-33,-33,-8,-4,-5
1533864646595633,3,3,1,-9,-16,0,-2,0
1533864646595633,-8,-6,-5,-6,-7,-3,-1,-2
1533864646601620,2,3,1,6,1,2,-3,-1
1533864646601620,0,-1,1,15,15,2,2,-2
1533864646618572,-1,1,-1,-8,5,2,-1,-1
1533864646618572,4,0,4,3,2,0,1,-1
1533864646619576,0,0,-1,-8,-4,-1,1,0
1533864646619576,-1,1,-2,8,5,-3,-2,1
1533864646640516,-3,-1,-2,2,-6,-3,-2,0
1533864646640516,-1,-6,9,6,4,0,-3,-1
1533864646642525,-2,0,-4,-13,-9,-3,0,-3
1533864646642525,-1,-1,-1,14,1,1,-2,-3
1533864646663652,-2,-8,4,3,-1,-3,-3,-2
1533864646663652,-2,0,-6,-4,-5,-1,-1,-2
1533864646665447,0,0,0,-5,-4,-4,0,-2
1533864646665447,0,1,2,12,4,0,0,0
1533864646678411,-1,3,-7,1,1,-1,-2,-1
1533864646678411,-3,-2,-2,-4,0,-2,-1,-2
1533864646680405,-1,1,0,-4,-5,-3,0,-1
1533864646680405,0,2,-2,5,4,-1,-1,1
1533864646700353,-1,0,-3,-6,-4,-3,-1,-2
1533864646700353,-2,2,-2,1,-6,-1,-1,-2
1533864646702348,-1,0,-1,2,-5,1,0,-1
1533864646702348,-2,2,2,3,3,2,0,0
1533864646714317,-1,-2,0,-1,0,0,0,-1
1533864646714317,-2,-5,-4,-3,-5,-4,-2,-1
1533864646723361,-1,2,-2,-4,-3,-1,-2,-3
1533864646723361,-1,-1,0,0,3,-2,-2,-1
1533864646738323,0,14,-13,-2,-1,-3,0,-1
1533864646738323,1,-14,5,2,3,1,0,0
1533864646740261,-3,-2,-1,1,0,2,-2,-2
1533864646740261,0,-6,0,-2,0,-3,-2,-1
1533864646761190,-1,-2,-3,5,-2,-3,-1,-1
1533864646761190,-5,5,-5,6,-6,-1,-3,-1
1533864646762192,4,4,5,-9,-7,3,1,0
1533864646762192,-7,-11,-11,6,0,-4,-3,-2
1533864646775204,-4,-8,0,8,-4,-3,-4,0
1533864646775204,-4,-3,-9,-64,-15,-3,-3,-3
1533864646782188,0,3,3,5,0,-1,-1,2
1533864646782188,-1,5,-1,14,6,4,0,0
1533864646798145,1,-2,3,10,9,1,0,0
1533864646798145,4,6,4,16,5,-2,-1,1
1533864646800157,-7,-3,-7,5,-13,-4,-2,1
1533864646800157,2,5,4,-1,1,0,0,1
1533864646828072,-2,-5,-3,-7,0,0,-3,0
1533864646828072,0,-4,2,23,11,4,1,0
1533864646830058,2,-1,1,13,13,0,-1,-2
1533864646830058,-1,-1,-3,-37,-18,0,-2,-1
1533864646835047,-3,0,1,2,-6,-3,-1,0
1533864646835047,-2,4,-2,-14,-25,-2,-2,-2
1533864646842040,-1,-5,-3,-15,-4,0,0,-2
1533864646842040,-1,6,3,26,0,-3,-3,-1
1533864646857999,0,1,3,-20,5,2,0,-4
1533864646857999,1,-2,-1,-3,5,-2,-3,-1
1533864646859992,-1,-4,0,19,6,-5,-4,0
1533864646859992,-2,-1,0,17,2,0,1,2
1533864646880958,5,0,4,6,7,3,2,-1
1533864646880958,-13,-8,-11,4,-5,-10,-8,-3
1533864646882916,-1,4,2,25,-3,3,-1,-1
1533864646882916,0,-3,-5,-45,-4,-4,-3,0
1533864646894914,1,-2,-1,-12,-3,0,-1,0
1533864646894914,1,-1,-3,9,7,2,3,-2
1533864646902082,-2,-1,-3,4,11,-2,-1,-1
1533864646902082,1,1,7,1,-12,-1,0,-1
1533864646918824,-2,-3,1,0,-7,-1,-1,1
1533864646918824,3,4,3,4,20,3,0,2
1533864646919818,1,-2,-1,8,21,-1,-2,-2
1533864646919818,-6,-4,-10,-43,-46,-7,-4,-4
1533864646940764,-5,-2,-7,12,4,-4,-2,-3
1533864646940764,3,3,2,1,-9,1,0,0
1533864646942756,-2,-4,-7,-20,-5,-3,-1,-1
1533864646942756,4,3,6,35,29,3,1,-1
1533864646955724,-4,-3,-6,-35,-6,-4,-3,-1
1533864646955724,-1,-1,-5,3,-6,2,-2,-2
1533864646961705,-1,0,0,9,-6,1,-1,-1
1533864646961705,2,0,4,8,9,4,-1,1
1533864646978659,-2,1,0,29,11,2,0,1
1533864646978659,-2,-3,-6,-11,-31,-6,-3,-3
1533864646979668,-3,-1,-2,-14,-5,-1,-1,-1
1533864646979668,-4,-2,-3,0,-3,-1,-1,0
1533864647000645,-2,-3,1,-8,-4,2,2,1
1533864647000645,1,-1,0,-1,7,-2,3,2
1533864647002596,-1,9,-17,-18,-11,-4,-2,-2
1533864647002596,1,-12,7,-1,-2,0,0,-1
1533864647015600,-1,-2,-1,16,12,0,-1,0
1533864647015600,-3,1,0,-10,-5,2,0,0
1533864647022664,-1,0,-1,12,-4,0,-2,-1
1533864647022664,2,2,-4,25,26,-2,-1,-1
1533864647038513,-12,-5,-12,-38,-42,-6,-2,-3
1533864647038513,-2,-4,6,-5,3,1,-1,-1
1533864647040510,-1,-4,1,-39,-3,1,1,-2
1533864647040510,1,2,-2,30,2,2,-1,1
1533864647060441,5,-1,4,5,6,2,0,-2
1533864647060441,1,5,-3,29,20,-3,-2,-2
1533864647062435,-6,-5,-2,-16,-16,-3,0,-2
1533864647062435,-6,-8,-4,-9,1,-2,-3,0
1533864647074407,0,3,-4,-3,-8,-4,-1,0
1533864647074407,2,1,3,2,2,0,2,0
1533864647083379,2,-2,-2,-3,4,-2,-2,-1
1533864647083379,-3,0,-6,-1,-3,-2,-1,-1
1533864647098343,1,-2,1,-1,8,1,0,0
1533864647098343,0,-4,11,-4,-9,-1,0,-1
1533864647104327,-4,-4,3,7,4,-3,-1,-1
1533864647104327,-2,-1,-6,0,-4,-4,-3,-4
1533864647121281,1,-4,0,8,0,0,-2,-1
1533864647121281,-2,3,-6,-7,0,-1,-3,-3
1533864647122275,-1,0,-2,5,0,2,-1,0
1533864647122275,0,3,13,17,1,1,0,0
1533864647134243,2,1,-7,-30,-2,1,-2,-4
1533864647134243,-1,-2,-4,9,10,-2,-2,-1
1533864647143220,-2,-2,-2,1,-2,-3,0,-1
1533864647143220,-1,0,-4,1,-2,0,1,-2
1533864647158188,-2,-3,1,13,6,0,-1,-2
1533864647158188,-3,-2,-6,-8,-8,-1,-2,0
1533864647160185,1,-1,3,3,-1,0,-2,0
1533864647160185,-2,1,-4,-16,-3,1,-1,-1
1533864647181130,-2,0,0,7,-4,0,-1,-1
1533864647181130,-2,11,-3,-6,-1,-5,-4,-1
1533864647182124,-1,-2,1,0,-3,-2,0,1
1533864647182124,-1,-3,-1,-7,-3,-4,-1,-1
1533864647194092,-2,-3,3,-4,-4,-2,-1,-3
1533864647194092,-1,0,-3,0,2,1,0,0
1533864647203103,1,1,0,0,2,3,-1,-1
1533864647203103,0,-1,-3,-13,-3,-1,0,-1
1533864647218032,-3,0,-3,4,-1,-2,-3,1
1533864647218032,1,-1,-1,-6,1,3,-1,-1
1533864647220023,-3,-5,-2,5,-8,-2,-1,-2
1533864647220023,-1,-2,2,-22,-1,1,1,0
1533864647240971,-1,1,-1,25,0,-3,0,-2
1533864647240971,-6,-10,-4,18,17,-3,-3,-4
1533864647242977,-5,-1,-3,-10,-11,-3,-5,-1
1533864647242977,3,3,1,13,22,5,2,1
1533864647254933,-3,-5,-3,-12,-33,-4,-1,-1
1533864647254933,0,-4,-3,-13,8,-1,0,-2
1533864647263906,-7,-9,-11,-5,-23,-8,-6,-3
1533864647263906,1,-5,1,11,8,-4,0,0
1533864647278865,0,8,5,30,32,3,0,0
1533864647278865,-1,-1,2,-14,-27,-3,1,-1
1533864647279863,1,0,0,-31,4,2,1,-3
1533864647279863,1,3,0,-10,-11,-1,0,-1
1533864647300807,0,-2,-5,-10,1,0,-3,-1
1533864647300807,0,-19,11,2,4,0,1,3
1533864647302802,2,-1,4,7,7,-2,1,0
1533864647302802,-4,-2,-4,0,-10,-4,-2,-3
1533864647314775,1,-2,-3,-11,6,1,1,-1
1533864647314775,-3,4,-7,3,0,-2,-2,-3
1533864647323746,1,-1,5,12,-2,1,-3,-1
1533864647323746,0,-3,4,24,8,2,1,-1
1533864647338709,-4,-4,-10,-56,-21,-11,-5,-2
1533864647338709,-2,-1,-6,15,30,3,1,2
1533864647339703,-6,-3,-6,12,-56,-9,-4,0
1533864647339703,0,1,-1,-48,10,2,-2,-3
1533864647360650,3,2,3,17,29,1,2,0
1533864647360650,-8,0,-5,-11,-59,-7,-3,-1
1533864647362649,2,3,6,-8,25,5,3,1
1533864647362649,-6,7,-20,-6,4,-10,-9,-5
1533864647374647,2,-3,4,3,-16,3,2,-1
1533864647374647,5,0,9,-17,13,5,1,-1
1533864647383586,-6,-5,-10,16,-12,-8,0,4
1533864647383586,-3,-1,-1,11,-12,0,-4,-13
1533864647398546,-1,-1,-1,-2,9,1,-4,-2
1533864647398546,-1,1,-8,-11,0,-4,-1,-2
1533864647399544,6,5,3,0,8,2,2,1
1533864647399544,-5,-7,0,-11,-12,-5,-4,-1
1533864647419490,-2,-3,-8,12,-2,-3,-3,1
1533864647419490,3,2,3,13,-3,0,-2,-2
1533864647428476,-2,-1,-7,-28,18,1,-3,-1
1533864647428476,3,-2,0,14,4,0,8,12
1533864647434450,-4,-4,4,-20,-19,-3,-8,-24
1533864647434450,0,3,-4,22,0,-4,-3,1
1533864647443428,-1,10,-9,-18,8,-2,-3,-6
1533864647443428,-3,-13,-15,16,-8,-1,-2,-3
1533864647458387,-3,3,26,3,-6,-1,3,7
1533864647458387,-1,0,1,5,6,0,-1,1
1533864647460383,1,2,0,10,4,1,-1,-5
1533864647460383,-1,-3,-2,-14,-7,1,0,0
1533864647481324,-2,-2,-6,13,5,-1,-1,3
1533864647481324,-1,-1,-7,-11,-4,-2,-4,-3
1533864647482323,2,0,11,6,5,-1,1,1
1533864647482323,0,1,2,-5,-3,-2,0,2
1533864647494307,0,-4,-5,-3,1,-2,0,3
1533864647494307,-1,0,3,3,4,2,-1,-3
1533864647511244,1,0,-4,-3,-1,-2,-1,1
1533864647511244,1,-3,4,9,2,-1,0,-2
1533864647518226,-4,-3,-8,-1,-10,-2,0,-2
1533864647518226,-1,-1,-4,-7,-1,0,1,1
1533864647520220,-2,-3,-2,5,0,1,-1,-2
1533864647520220,0,1,1,-6,1,-1,-3,-1
1533864647541184,-1,12,-16,2,0,-6,-3,1
1533864647541184,-2,-7,6,4,-4,-1,-1,-2
1533864647542162,-2,-7,0,9,4,1,1,-2
1533864647542162,0,-8,0,-26,-7,-1,-3,-2
1533864647563105,-8,-4,-11,-26,-21,-6,-4,-1
1533864647563105,4,0,3,0,18,3,1,2
1533864647565101,-7,-2,-8,-12,-23,-8,-6,-2
1533864647565101,-1,6,1,31,19,1,-1,2
1533864647578065,6,-3,4,12,14,5,2,2
1533864647578065,-5,2,-1,3,-12,-7,-2,-3
1533864647580060,2,-6,7,-9,9,4,2,1
1533864647580060,0,1,-1,-7,-17,-5,-1,-2
1533864647601033,0,-3,2,-2,2,-2,-3,-2
1533864647601033,2,0,1,9,0,0,1,0
1533864647602002,1,-2,-4,4,6,3,0,-3
1533864647602002,-2,0,-1,-6,-5,-4,-2,-2
1533864647622945,3,0,0,3,1,3,3,2
1533864647622945,-3,-3,-8,2,7,-1,0,-2
1533864647624940,-4,-2,-2,-5,-6,-3,-3,-2
1533864647624940,-1,-1,1,15,8,0,0,-1
1533864647637932,0,-2,6,-32,-15,-2,-3,-1
1533864647637932,-1,11,-16,20,13,1,-2,-1
1533864647639901,1,-9,3,-43,-24,-1,0,1
1533864647639901,-4,-4,-5,-23,3,-3,-4,-4
1533864647661843,-3,0,-1,7,6,1,0,1
1533864647661843,-1,1,-3,-19,-19,-3,-2,-1
1533864647662839,0,4,2,37,11,-2,-2,-2
1533864647662839,2,4,5,22,14,4,1,3
1533864647683793,0,-3,-6,17,34,-4,-3,-1
1533864647683793,-3,-3,6,-46,6,3,-1,0
1533864647684781,6,0,4,4,-2,3,2,0
1533864647684781,-7,-10,-11,8,-41,-13,-6,-5
1533864647697746,-8,-6,-7,18,5,-5,0,4
1533864647697746,3,0,7,14,4,7,-4,-11
1533864647704763,-2,1,-3,-9,16,-2,-2,0
1533864647704763,4,4,2,-16,-2,5,1,-6
1533864647720684,-2,1,2,-17,-6,-3,1,-2
1533864647720684,-4,-8,-6,5,-9,-7,-4,4
1533864647722697,-2,12,-13,-3,0,0,1,0
1533864647722697,-4,-8,4,5,11,1,0,-2
1533864647743623,0,-1,2,3,-5,1,0,-1
1533864647743623,-1,-5,-3,-17,-12,-4,-4,-11
1533864647744635,0,0,4,21,6,-3,2,2
1533864647744635,-2,1,-2,-7,-4,-2,-8,-9
1533864647757585,-1,-1,-2,1,-10,-1,-1,-4
1533864647757585,1,-2,0,7,-3,-1,-1,4
1533864647764566,-1,-9,-31,-14,-1,-3,-2,-3
1533864647764566,-2,1,-2,-2,-1,-1,0,1
1533864647780525,1,-3,1,-6,-5,1,0,2
1533864647780525,-3,0,4,-1,0,-2,-1,-1
1533864647782519,-2,-2,2,5,-1,-2,-3,0
1533864647782519,0,1,1,-8,-4,0,1,5
1533864647803462,2,4,-3,7,1,1,-5,-5
1533864647803462,-1,-6,-5,-3,-1,-1,1,3
1533864647805457,-3,-4,6,4,-2,0,-3,-4
1533864647805457,-1,-3,-1,1,1,0,-1,-1
1533864647817425,-1,0,3,0,2,-1,-1,-1
1533864647817425,1,4,-6,-2,-3,-3,1,-2
1533864647824406,-4,-22,17,-4,-12,-5,1,1
1533864647824406,-2,-2,0,0,2,0,0,0
1533864647840363,1,3,0,10,-1,1,-2,-1
1533864647840363,1,7,5,-6,4,2,1,1
1533864647842359,-2,-1,-1,1,-5,-4,-3,-1
1533864647842359,-1,-3,-6,26,6,0,1,-1
1533864647863302,-8,-18,-12,-37,-18,-9,-7,-5
1533864647863302,-1,2,0,9,2,-2,-2,-1
1533864647865297,0,4,5,-34,-17,2,3,0
1533864647865297,-1,-6,0,24,19,2,-1,0
1533864647877265,1,2,0,-1,-30,-1,-1,1
1533864647877265,-2,-2,-3,-19,-7,-5,-4,-2
1533864647884246,-4,-1,-6,-16,7,0,-4,-3
1533864647884246,1,4,2,-12,-3,0,0,-1
1533864647901201,1,3,2,10,13,1,1,1
1533864647901201,-2,-6,-1,18,1,-1,1,1
1533864647902198,1,6,4,12,4,1,-2,-2
1533864647902198,-4,-3,-7,-17,-11,-5,-3,-2
1533864647923142,1,-1,0,1,3,-1,1,-1
1533864647923142,0,-4,0,-9,-6,-2,1,0
1533864647925137,0,5,-1,19,12,1,-1,0
1533864647925137,4,4,3,-12,-13,0,0,1
1533864647937105,-2,-4,0,20,21,-3,0,-2
1533864647937105,-9,-1,-22,-12,-20,-7,-5,-4
1533864647946082,-1,-13,6,14,4,1,0,0
1533864647946082,1,2,2,-3,-11,0,0,0
1533864647961042,2,2,4,-24,2,3,3,1
1533864647961042,1,1,5,9,5,0,0,-2
1533864647962039,-7,-2,-8,16,0,-7,-3,-4
1533864647962039,4,2,-1,1,0,1,-2,-2
1533864647983981,-6,-3,2,3,-14,-1,1,-1
1533864647983981,-8,-7,-6,-7,-32,-7,-4,-1
1533864647984987,1,3,-2,0,0,2,1,0
1533864647984987,-4,-5,-1,9,11,-6,-2,-3
1533864647997942,3,2,0,17,24,5,0,1
1533864647997942,7,1,9,2,19,6,0,2
1533864648004923,-6,-2,-6,7,-14,-9,-4,-3
1533864648004923,-1,3,1,-22,-14,-2,3,0
1533864648020880,-4,-1,-5,4,0,-4,-4,-3
1533864648020880,1,-2,4,10,18,1,2,-3
1533864648022875,2,-3,-3,-6,8,3,0,1
1533864648022875,-1,-1,-3,-10,-6,-1,-1,1
1533864648043822,-2,-1,1,22,12,-2,-1,-2
1533864648043822,-3,-4,0,-29,-11,-3,-2,-1
1533864648044818,1,2,-2,-15,-2,0,-1,-3
1533864648044818,-1,-1,1,6,-7,-2,1,-1
1533864648056784,-1,-1,-3,-1,-7,-2,-3,-1
1533864648056784,-2,-4,-4,-10,1,0,0,-2
1533864648065761,-2,-2,-3,23,-4,-4,-3,-2
1533864648065761,2,1,4,0,27,6,1,2
1533864648080724,-4,2,-6,-15,-34,-6,-3,-4
1533864648080724,-3,-4,-3,-8,-7,-1,1,1
1533864648082719,-2,2,0,-22,-10,-2,-1,0
1533864648082719,-1,-5,-1,15,6,-3,0,-1
1533864648103662,1,2,7,2,7,2,1,-2
1533864648103662,0,-2,-4,6,8,0,-1,1
1533864648104660,4,4,3,-11,-2,1,0,-2
1533864648104660,-2,0,-6,0,-6,-5,-2,-2
1533864648116673,-1,-5,-3,-13,-1,-1,-1,-1
1533864648116673,-1,0,2,31,0,-1,-2,-1
1533864648126601,-1,-3,-4,-32,4,0,0,-1
1533864648126601,-5,-2,-6,-8,-6,0,0,-1
1533864648140607,0,-3,1,20,0,2,0,0
1533864648140607,-2,-6,-4,-39,-10,-4,-3,-1
1533864648142559,-2,2,-1,16,2,-3,0,-2
1533864648142559,-1,-1,0,-8,-4,-3,-2,-2
1533864648163545,0,0,-1,-3,-4,-3,1,-1
1533864648163545,2,10,-10,10,4,1,6,6
1533864648165498,-3,-15,5,2,1,2,-8,-12
1533864648165498,-3,-1,-2,-8,-4,-1,0,-1
1533864648177462,-1,-1,-2,0,4,2,7,8
1533864648177462,-4,-2,-2,4,-1,-3,-8,-22
1533864648186439,-1,1,-3,-3,0,-2,0,3
1533864648186439,0,-4,0,6,-3,-1,-3,2
1533864648201401,3,-6,-29,-11,-5,0,-4,-4
1533864648201401,1,-2,6,-1,2,3,-1,8
1533864648202396,-4,2,-1,3,-2,0,2,0
1533864648202396,-1,0,6,-3,-1,-3,-3,-4
1533864648223343,-1,-1,2,-8,2,-3,0,2
1533864648223343,-2,-2,2,2,-2,-3,-2,0
1533864648225350,0,1,-1,4,1,-1,-2,-3
1533864648225350,0,-1,-10,-1,-4,-2,1,1
1533864648237305,-2,-1,1,-8,-1,1,-1,-2
1533864648237305,1,9,-12,6,-1,-2,1,8
1533864648252280,-3,-8,8,-1,0,0,-1,-7
1533864648252280,-2,-3,-2,-3,-4,-3,-1,-4
1533864648261241,-2,-2,6,-5,-3,-1,-5,-3
1533864648261241,0,0,10,3,4,0,-2,-2
1533864648262237,3,4,-4,-12,-6,0,2,5
1533864648262237,-1,-1,-1,5,10,1,-1,-1
1533864648283214,-6,-4,-4,33,3,-3,-2,-4
1533864648283214,-2,-4,-4,4,-7,0,-1,-1
1533864648285175,2,5,-4,-72,-12,-1,2,2
1533864648285175,-9,-10,-4,-13,-7,-8,-7,-7
1533864648297143,-1,-1,4,-19,-5,-1,-1,-1
1533864648297143,-2,-3,2,21,6,1,1,-1
1533864648306118,-1,0,-1,28,10,1,2,-1
1533864648306118,2,3,1,-32,-15,-1,2,1
1533864648321078,6,4,5,-10,13,3,1,1
1533864648321078,-6,-10,-7,6,4,-8,-6,-5
1533864648322076,-3,10,-11,4,-21,-5,-4,-1
1533864648322076,1,0,3,22,24,5,2,2
1533864648343021,2,1,1,24,2,-1,0,-2
1533864648343021,0,-4,6,-11,0,1,1,1
1533864648345024,4,3,4,31,22,0,0,1
1533864648345024,-4,-2,-5,-10,-10,-4,-4,-2
1533864648356986,-4,-3,-3,-6,-27,-7,-4,-4
1533864648356986,-1,0,-5,-27,13,1,-1,-3
1533864648365959,1,-5,4,-4,-9,-2,2,2
1533864648365959,1,-3,-4,54,37,1,-3,1
1533864648380919,-12,-11,-10,-1,-33,-8,-7,-2
1533864648380919,-1,1,0,-7,-11,-3,-1,0
1533864648382913,-2,-5,3,-3,4,2,-1,0
1533864648382913,5,6,5,2,10,3,2,1
1533864648403857,1,-7,1,-2,8,2,0,-1
1533864648403857,-1,-1,3,-5,-10,-5,0,-1
1533864648404854,2,-2,1,17,14,-1,0,-1
1533864648404854,-4,-7,-6,-10,-14,-1,-2,-2
1533864648416822,-1,1,-4,-16,-3,-4,-1,1
1533864648416822,-2,2,3,6,-1,1,0,-3
1533864648425797,0,12,-13,-2,-2,-3,-1,5
1533864648425797,-3,-10,3,-7,-16,-2,0,-6
1533864648440822,-2,0,0,-9,6,-1,-1,-3
1533864648440822,9,3,18,3,5,2,4,11
1533864648446742,-4,0,-2,3,-9,0,2,4
1533864648446742,-7,0,1,-12,-12,-4,-5,-21
1533864648463903,3,3,7,4,11,2,-3,11
1533864648463903,-2,-5,-5,6,-1,1,4,-7
1533864648464695,-3,-7,-3,-2,-4,-2,-11,-1
1533864648464695,3,3,2,-3,-5,1,1,10
1533864648485641,-1,-4,-8,-8,3,-1,1,-10
1533864648485641,-4,-1,-9,-3,-5,-2,-2,-6
1533864648487633,0,-5,2,-2,-2,-2,-1,3
1533864648487633,1,3,-1,-5,1,-1,3,1
1533864648500601,-2,3,-2,1,-2,-3,-1,-1
1533864648500601,-3,-2,2,-1,-4,-2,0,6
1533864648502593,-3,-3,7,1,1,0,-1,-7
1533864648502593,1,0,1,4,2,-2,0,6
1533864648523540,-1,-5,0,-14,-1,1,4,3
1533864648523540,-1,0,-4,3,-4,-1,-5,-10
1533864648525531,-1,-5,-5,-4,1,-2,0,-2
1533864648525531,0,0,3,3,-7,1,-1,1
1533864648546476,5,7,1,2,1,0,-1,4
1533864648546476,-7,-6,-9,-33,2,-3,-3,0
1533864648548472,2,0,0,-5,9,2,-1,-3
1533864648548472,-4,-1,-4,-23,-28,0,1,3
1533864648561440,-5,-5,-4,-4,-3,-7,-6,-7
1533864648561440,5,3,7,18,15,6,2,2
1533864648562434,4,0,4,-13,17,4,2,-1
1533864648562434,-6,-4,-11,-30,-20,-10,-5,-4
1533864648583380,-6,-1,-1,37,4,2,-1,-3
1533864648583380,-3,-7,-8,-15,-15,-4,-2,-5
1533864648585372,-2,3,2,28,26,1,0,1
1533864648585372,8,5,7,20,27,7,5,3
1533864648606315,4,2,3,-43,-7,0,1,-2
1533864648606315,2,-16,16,23,-11,1,1,4
1533864648607313,-14,-10,-16,-65,-49,-15,-9,-7
1533864648607313,0,1,1,17,14,1,-2,0
1533864648621292,-5,-5,-8,9,6,-5,-2,-3
1533864648621292,10,14,12,25,69,14,5,2
1533864648622273,0,-7,-7,3,-70,-6,-1,-3
1533864648622273,-11,-2,-4,23,10,-7,-7,-4
1533864648643218,2,5,4,-19,21,7,2,3
1533864648643218,-2,-10,-11,-8,-27,-6,-2,-5
1533864648645213,-1,1,2,11,10,2,0,-2
1533864648645213,4,2,-6,-5,9,0,0,-2
1533864648666156,1,4,3,13,-4,0,0,0
1533864648666156,-1,4,-6,-2,1,-2,-2,0
1533864648667160,-2,-3,0,13,1,-2,-1,-1
1533864648667160,0,0,-2,-6,-7,0,2,3
1533864648680135,-2,-2,0,-7,3,-2,-6,0
1533864648680135,-6,-7,-7,-7,-29,-7,-3,-1
1533864648687099,1,2,0,5,20,2,-1,-1
1533864648687099,5,0,0,-8,-7,0,5,22
1533864648703101,-5,-8,-5,-2,-15,-3,4,-7
1533864648703101,-4,1,-4,-1,1,-3,1,8
1533864648705052,-4,-2,0,11,6,0,-20,-42
1533864648705052,-1,-1,2,-1,-2,0,-2,-1
1533864648725996,1,0,-1,3,-8,-3,-1,-1
1533864648725996,-3,2,-5,-5,-5,-2,0,-1
1533864648727989,-1,-15,11,2,9,1,8,11
1533864648727989,-3,-5,-3,-6,-14,-2,-2,-6
1533864648739961,1,0,0,2,3,0,-1,-2
1533864648739961,0,-2,-1,-4,-4,-3,-1,-3
1533864648746992,1,5,-5,3,-2,-1,2,8
1533864648746992,-2,-2,-3,-4,-1,0,-5,-10
1533864648762897,0,-1,0,1,-5,0,0,1
1533864648762897,-1,2,-4,5,5,-1,-4,-3
1533864648769881,-1,-1,1,-5,-5,-4,-1,2
1533864648769881,-1,0,0,-1,-4,0,0,-5
1533864648785836,0,3,0,-10,2,2,-1,-1
1533864648785836,-1,-1,1,34,-10,-1,-2,-3
1533864648787830,-4,-3,-10,-34,4,-4,0,2
1533864648787830,-5,-4,-7,-8,-3,-2,-3,-5
1533864648799836,0,-2,0,-8,6,-3,-3,0
1533864648799836,7,15,-8,2,23,7,2,-2
1533864648806987,3,-4,6,41,-8,-2,2,7
1533864648806987,-15,-10,-13,-15,-2,-12,-9,-5
1533864648823753,-4,-3,-2,-1,-3,1,-1,-3
1533864648823753,0,0,0,-6,-2,-2,0,-1
1533864648824731,4,6,-3,-6,22,2,1,-1
1533864648824731,4,2,3,-14,4,5,1,-2
1533864648845675,-3,-3,-4,28,-28,-8,-4,-1
1533864648845675,-3,-2,2,-18,-1,-1,-2,3
1533864648847672,4,6,4,7,-20,1,4,3
1533864648847672,-2,-5,0,-31,-4,-3,-2,-4
1533864648860638,0,-4,-5,4,17,3,-1,0
1533864648860638,-4,-4,-4,-49,-52,-8,-5,-4
1533864648867621,-6,1,-5,14,12,-5,-5,-2
1533864648867621,6,3,6,-4,-12,4,3,1
1533864648883578,-4,-5,1,42,31,-5,-4,-2
1533864648883578,-4,-11,-7,-30,-23,-4,-4,-4
1533864648884575,-3,2,-1,18,-4,0,-2,0
1533864648884575,2,3,1,4,14,4,1,-1
1533864648906514,-2,-4,-2,-11,-1,-2,-3,-1
1533864648906514,-1,-8,-1,12,8,-1,-2,-5
1533864648907510,-2,-3,-2,-10,-3,1,0,1
1533864648907510,3,16,-1,14,-1,0,0,0
1533864648920478,2,4,2,-15,-10,2,1,1
1533864648920478,-1,1,1,9,3,-1,-1,-1
1533864648927472,0,0,2,-4,-1,0,0,1
1533864648927472,-1,-4,-4,6,0,-3,-3,-3
1533864648943416,-2,-2,-4,-11,-10,-2,1,-3
1533864648943416,0,0,2,5,8,2,6,7
1533864648945410,0,3,-4,-10,-1,-3,-13,-15
1533864648945410,-6,-9,-3,7,-4,-3,0,1
1533864648966353,3,0,2,-6,-5,1,7,27
1533864648966353,-8,-3,2,7,5,-3,-10,-10
1533864648967384,-3,-3,-4,-6,-1,-1,-4,-18
1533864648967384,-1,-2,-1,5,-5,-2,-2,-5
1533864648979361,2,1,1,-5,-2,1,-1,-5
1533864648979361,2,1,-3,0,5,2,5,11
1533864648988300,0,2,-9,-6,-3,-4,1,5
1533864648988300,0,3,36,5,0,0,-1,3
1533864649003253,-2,0,3,-6,-3,-1,1,0
1533864649003253,1,-4,2,0,-3,-1,-1,-3
1533864649005248,-2,-2,1,1,1,-1,1,1
1533864649005248,1,-3,-11,4,-1,0,0,-3
1533864649026205,-2,0,-1,-8,-2,-3,-1,-3
1533864649026205,0,4,3,6,4,0,-2,-7
1533864649027192,1,-3,-1,-18,-13,1,3,2
1533864649027192,-3,-4,-10,-3,-2,-4,0,4
1533864649039379,-4,-3,-4,17,2,-5,-8,-8
1533864649039379,-3,-5,-5,5,1,-1,-2,-4
1533864649048137,1,1,0,13,8,2,4,5
1533864649048137,6,3,3,-24,8,5,3,1
1533864649063094,-4,-3,-11,-27,-13,-4,-5,-8
1533864649063094,-8,-7,-7,14,-9,-6,-5,-4
1533864649065090,0,-2,5,40,21,1,3,5
1533864649065090,-5,-2,-7,-33,-13,-7,-3,-6
1533864649086076,-1,-1,0,-5,-20,-2,1,-3
1533864649086076,6,4,1,-31,0,1,3,1
1533864649087030,-7,-4,-1,19,-3,-3,-1,1
1533864649087030,1,1,-1,39,43,4,-1,0
1533864649099994,1,3,1,-27,-3,2,0,1
1533864649099994,-6,-6,-7,23,-11,-12,-6,-1
1533864649108971,7,-2,13,-9,-8,7,1,-1
1533864649108971,-6,-5,-8,1,-6,-7,-3,-2
1533864649123935,-3,-2,2,-7,12,4,1,-2
1533864649123935,6,4,10,21,34,11,5,2
1533864649124934,-2,1,-4,-34,-31,-4,0,-1
1533864649124934,-5,-9,-11,-2,-4,-4,-4,-3
1533864649145907,-3,-2,2,27,2,-1,-2,-2
1533864649145907,0,4,-3,-16,2,2,-2,-2
1533864649147869,-4,-2,-4,5,13,0,1,4
1533864649147869,2,1,3,4,-15,0,0,1
1533864649159840,-1,-3,-5,0,1,-5,-2,-2
1533864649159840,1,-1,0,-12,0,-1,-1,0
1533864649168812,-1,-1,-1,-6,0,-2,0,-1
1533864649168812,2,1,4,7,-13,-1,1,-2
1533864649183771,-5,-10,-12,-5,4,-3,-4,-5
1533864649183771,1,1,2,5,-1,-1,0,1
1533864649184769,-3,-3,-2,7,7,-1,-4,-2
1533864649184769,-4,-2,-8,-9,-8,-4,-2,-3
1533864649205716,3,5,5,-8,8,1,2,0
1533864649205716,-5,-6,-3,5,-3,-4,-2,-2
1533864649207707,-1,1,-5,-10,-9,-2,-3,-1
1533864649207707,3,0,3,6,7,4,0,2
1533864649219675,1,2,1,10,-2,0,0,1
1533864649219675,-2,-3,-8,-13,-18,-3,-3,-2
1533864649228652,0,-19,12,-2,13,0,2,2
1533864649228652,-7,-3,-4,17,2,-5,-2,-3
1533864649243611,2,0,-1,8,10,4,0,0
1533864649243611,8,8,8,23,16,7,3,3
1533864649244608,-15,-5,-21,-40,-35,-14,-7,-4
1533864649244608,0,-1,2,6,1,1,0,1
1533864649265554,-2,-3,0,-1,-8,-3,0,0
1533864649265554,-1,0,2,15,21,-1,0,-2
1533864649267554,4,4,-1,2,6,4,0,0
1533864649267554,-3,-2,-1,-15,-13,-6,0,-1
1533864649279518,-1,2,-1,11,-1,-1,-1,-3
1533864649279518,0,-3,0,-11,-9,1,0,-2
1533864649288491,-2,1,-4,-3,0,-2,1,-2
1533864649288491,-1,-2,-4,4,-1,2,-4,-1
1533864649303454,1,0,0,-11,0,2,-1,1
1533864649303454,-5,-4,-4,-2,-15,-7,-4,-1
1533864649305449,-1,0,1,2,-2,-2,-3,0
1533864649305449,2,1,1,-14,-5,0,0,-2
1533864649326389,-3,-4,-3,9,2,-4,-1,-2
1533864649326389,-2,-3,-3,6,-7,-1,-1,0
1533864649327394,-2,2,-2,0,0,-1,-2,-1
1533864649327394,0,-3,-1,11,4,-1,-1,0
1533864649339358,-1,0,0,-52,-14,-2,-4,0
1533864649339358,-4,-1,-1,-5,-3,-3,-2,-3
1533864649348331,5,5,7,16,19,5,3,-1
1533864649348331,3,2,1,10,16,3,4,0
1533864649363294,-11,-8,-11,-18,-45,-13,-6,-6
1533864649363294,-1,-1,0,-3,15,2,-1,3
1533864649365286,-1,-4,-2,-7,-17,0,0,-1
1533864649365286,-2,-1,-4,3,6,-4,-3,-1
1533864649386233,2,4,5,13,8,4,1,1
1533864649386233,3,2,4,5,5,-4,1,-1
1533864649387226,-6,-6,-14,6,16,-7,-7,-4
1533864649387226,-5,-1,-3,1,-14,-3,-1,-1
1533864649400194,0,13,-6,3,-6,-1,-2,-3
1533864649400194,-4,-7,-3,-15,-14,1,1,-1
1533864649408174,1,3,2,4,11,4,2,-1
1533864649408174,2,0,4,-3,-3,-1,-2,-1
1533864649423134,0,0,-1,2,1,0,-1,-1
1533864649423134,1,3,2,-3,5,1,-1,-1
1533864649425125,2,-1,0,-4,-4,0,-1,-1
1533864649425125,-3,-1,-5,-13,-12,-2,-3,-1
1533864649446072,0,-1,2,10,10,1,-1,-1
1533864649446072,-2,-4,-3,-8,-9,-4,-2,-2
1533864649447067,-2,-4,0,-5,-5,-1,1,0
1533864649447067,-2,-3,-2,-5,-7,1,-1,-2
1533864649469014,2,-2,3,2,10,3,1,0
1533864649469014,-3,-3,-4,-1,-4,-4,-4,-4
1533864649470006,-2,4,2,10,-5,-1,-1,-1
1533864649470006,2,1,4,7,20,1,0,0
1533864649484020,-4,-8,-5,-10,-9,-1,-3,-2
1533864649484020,-4,-1,-6,-29,-18,-5,-3,-2
1533864649484966,2,2,3,-12,3,4,1,-1
1533864649484966,0,0,2,12,-7,1,0,0
1533864649505912,-2,-6,-3,14,21,-2,-2,-2
1533864649505912,-4,-4,-7,20,-5,-4,-4,-2
1533864649507910,1,-1,3,10,5,0,2,-1
1533864649507910,1,-1,3,-9,2,0,0,-2
1533864649528861,2,-1,1,1,-5,-2,-1,0
1533864649528861,0,-4,-3,-3,1,0,0,1
1533864649529865,-2,0,-3,-3,0,-3,1,0
1533864649529865,1,-1,-1,-11,-10,-3,-3,0
1533864649543807,0,-3,0,1,-6,0,0,-1
1533864649543807,0,-2,1,1,3,1,-3,-3
1533864649544806,-1,-2,-6,-9,-5,-3,-2,0
1533864649544806,-4,-3,-2,-11,-7,-2,1,-1
1533864649565752,0,-2,1,7,5,-2,2,0
1533864649565752,0,13,-15,-3,1,1,-1,-2
1533864649567745,-2,-10,1,-2,-8,-1,-2,-2
1533864649567745,-2,-3,-2,0,-4,0,-1,-1
1533864649588688,-2,-3,1,3,0,1,-1,1
1533864649588688,-1,0,-1,-4,-5,0,-1,-1
1533864649589685,0,0,-3,1,-3,-2,-2,1
1533864649589685,-1,-1,-2,21,6,0,-1,-1
1533864649602650,3,1,4,-17,-1,0,2,0
1533864649602650,-5,-9,-4,-12,-10,-7,-4,-3
1533864649609633,-10,-4,-10,7,-21,-10,-7,-5
1533864649609633,-1,-5,1,-2,-3,-2,0,-1
1533864649625590,1,-1,-4,1,-5,-2,1,-1
1533864649625590,5,4,10,1,-3,6,2,2
1533864649627592,3,2,2,-22,7,4,1,-1
1533864649627592,-2,1,-2,20,5,-1,-4,-1
1533864649648527,4,4,3,-7,-5,2,0,-2
1533864649648527,1,0,5,4,11,1,2,0
1533864649649525,-4,-7,-7,-15,-5,-2,-2,-1
1533864649649525,-1,1,0,-1,0,0,-1,-1
1533864649662529,-2,-3,-2,-2,-1,-3,-3,-1
1533864649662529,2,-1,6,3,7,0,-1,0
1533864649669512,0,0,2,12,7,3,1,0
1533864649669512,-2,-3,-6,-17,-10,-5,-1,-3
1533864649685429,-3,-1,-3,9,7,-1,-1,-1
1533864649685429,-2,-2,-5,-2,5,-3,-2,-2
1533864649687424,4,2,3,-7,-10,0,-1,-1
1533864649687424,-1,13,-15,-20,-11,-3,-4,-2
1533864649708367,-5,-9,-6,11,-7,-5,-1,-2
1533864649708367,-4,-2,0,7,-11,-1,-3,-1
1533864649710365,1,2,2,-10,27,2,0,0
1533864649710365,-2,-2,-2,-1,-9,-3,-1,0
1533864649723360,-2,0,-3,5,-1,-3,0,-2
1533864649723360,-1,-3,-4,2,8,-1,-1,-3
1533864649729324,0,1,-2,-12,-15,-3,0,-1
1533864649729324,1,-4,2,-3,-1,1,0,-1
1533864649746270,-1,0,-2,-7,-3,-2,-2,1
1533864649746270,-1,-3,2,6,2,0,0,-1
1533864649747270,0,-1,1,19,13,1,1,0
1533864649747270,0,-3,1,-29,-18,-2,1,-2
1533864649768211,0,-4,2,-2,5,2,0,-1
1533864649768211,-1,0,-3,10,11,-3,-1,-4
1533864649770202,-5,-5,-6,-3,-6,-3,-3,-2
1533864649770202,-3,-5,-1,-3,-4,0,-2,-1
1533864649783168,1,3,1,13,7,2,0,0
1533864649783168,3,2,3,-8,10,3,2,0
1533864649789154,-1,0,-2,15,-18,-3,-1,-2
1533864649789154,-2,-3,-2,5,22,-1,-2,-2
1533864649806109,-2,-2,0,-10,-9,-1,-2,0
1533864649806109,0,1,2,-1,-5,2,-1,-1
1533864649807103,-2,-3,-1,15,8,-1,0,-1
1533864649807103,6,3,6,-15,23,8,4,0
1533864649828051,-7,-4,-11,18,-14,-11,-5,-2
1533864649828051,-9,-3,-4,-7,-20,-5,-3,-1
1533864649830043,-2,-4,-3,-37,-19,-3,-1,0
1533864649830043,-6,-7,-4,7,-3,-1,-3,0
1533864649843012,4,8,4,-11,16,6,1,-2
1533864649843012,2,-3,3,9,1,0,2,0
1533864649850036,-1,-3,-1,2,3,1,-2,-2
1533864649850036,-1,-4,-3,6,0,-7,-1,1
1533864649866143,1,2,4,2,-1,-1,-2,-1
1533864649866143,-3,-1,-10,-32,-7,-3,-4,-3
1533864649867942,3,-1,2,-30,-26,1,1,-1
1533864649867942,-6,-7,-6,15,4,-3,-1,-2
1533864649888891,-6,-1,-3,2,1,-1,-1,-2
1533864649888891,-1,-5,-1,6,-2,0,-3,-2
1533864649889882,2,3,5,7,16,0,2,0
1533864649889882,-3,-1,-5,-17,-12,-3,-2,-3
1533864649902850,-1,-1,-1,-4,-9,-2,-1,-1
1533864649902850,-1,1,-1,2,2,-3,0,0
1533864649909841,1,2,-2,-2,8,-4,-2,-2
1533864649909841,-3,-1,1,9,-8,0,0,0
1533864649925786,-1,-2,-3,-12,1,1,-1,-2
1533864649925786,-2,-5,-3,-3,-4,1,0,-1
1533864649927781,0,1,3,19,2,1,-1,-3
1533864649927781,4,3,5,12,14,2,0,0
1533864649948728,-7,-8,-12,-53,-35,-9,-5,-2
1533864649948728,-2,-8,8,6,-2,-3,-2,-1
1533864649949722,-5,0,-5,15,-2,-3,-3,-1
1533864649949722,2,1,2,-2,-1,1,0,-2
1533864649961703,3,-3,6,7,7,3,2,0
1533864649961703,1,4,-3,-3,0,-1,-3,-1
1533864649970667,-2,1,0,-7,-1,1,-1,-1
1533864649970667,-2,-4,-4,-1,-4,-3,-4,-3
1533864649985626,0,2,-4,6,3,-3,-2,-1
1533864649985626,-2,0,-3,-6,-5,-2,1,0
1533864649987622,2,-2,0,-2,4,4,-1,0
1533864649987622,1,1,0,5,-4,0,0,0
1533864650008566,1,-2,-3,14,23,-2,-1,-1
1533864650008566,-7,-4,-6,6,-9,-5,-2,-2
1533864650009564,-5,-7,-6,-39,-11,-4,-4,0
1533864650009564,-1,0,1,-2,0,-2,-3,-2
1533864650021736,1,1,3,16,5,3,2,0
1533864650021736,3,-1,1,-8,-6,-1,0,1
1533864650031531,2,4,0,-2,16,3,1,0
1533864650031531,-7,-5,-6,26,5,-4,-6,-4
1533864650046464,-6,-5,-3,-12,-25,-7,-1,-1
1533864650046464,-1,1,-1,3,2,0,0,0
1533864650047467,-1,0,0,-5,-11,-3,1,-1
1533864650047467,4,1,4,1,14,3,1,1
1533864650068434,-3,-2,-2,0,-22,-6,-3,-3
1533864650068434,-5,-2,-5,2,-1,-3,-3,-2
1533864650070405,1,1,-1,4,-9,-2,0,-2
1533864650070405,1,-2,-4,-34,-3,-1,-1,-2
1533864650082370,1,-1,1,0,9,2,0,-3
1533864650082370,1,0,0,-1,-2,1,0,-2
1533864650091343,-3,-6,-2,13,10,2,-2,-1
1533864650091343,-1,0,0,-1,-9,-1,0,1
1533864650106307,1,-1,-1,-7,1,0,-1,-1
1533864650106307,-2,-2,-2,-8,3,1,0,0
1533864650107301,1,2,3,14,11,-1,-1,-2
1533864650107301,-3,-4,-4,5,-12,-3,-2,-2
1533864650128248,-2,-5,-3,-16,13,1,-2,-1
1533864650128248,0,0,0,6,-8,0,-2,-1
1533864650130239,0,-1,-1,22,16,-4,-1,-1
1533864650130239,-1,-2,-4,-32,-47,-4,-1,-1
1533864650142208,0,4,-6,13,13,0,-1,-2
1533864650142208,-1,-18,8,7,4,2,1,0
1533864650151198,-1,-3,-3,5,0,-2,-2,-2
1533864650151198,1,1,-2,-8,0,0,-2,-1
1533864650166163,-1,-1,0,8,3,0,0,0
1533864650166163,-2,3,-6,-4,-6,-3,-2,-1
1533864650167140,-1,0,-1,-5,-6,-1,-1,-1
1533864650167140,0,-2,2,7,14,1,0,-1
1533864650188260,2,2,2,-6,2,3,1,0
1533864650188260,-3,2,-5,5,-4,-4,-5,-3
1533864650190081,-4,-5,-7,-29,1,-5,-2,-3
1533864650190081,-4,0,-2,-14,-23,-6,-5,0
1533864650202067,-1,-1,2,10,2,0,0,1
1533864650202067,1,-4,-1,0,0,0,2,0
1533864650211039,2,0,-2,-25,16,2,0,1
1533864650211039,-2,-3,-2,6,-2,-1,2,-2
1533864650225989,-3,0,-2,4,-10,-3,-3,-2
1533864650225989,4,2,2,-5,12,2,0,1
1533864650227979,-7,-1,-4,15,-23,-2,-2,-3
1533864650227979,-1,-2,2,11,22,2,1,-1
1533864650248925,-1,-1,0,-1,-4,-1,-1,0
1533864650248925,2,5,-1,-12,-1,1,-1,-1
1533864650249920,1,2,0,-8,-2,-1,0,1
1533864650249920,0,1,-1,5,2,0,2,-1
1533864650261887,0,10,-13,-1,-2,-3,-2,-4
1533864650261887,-5,-10,0,-7,-2,-3,-2,-1
1533864650270866,-3,-1,0,9,-3,0,-1,-2
1533864650270866,-2,0,-1,2,1,0,-2,-4
1533864650285905,0,-1,-2,-8,-3,0,0,1
1533864650285905,-3,4,-4,-2,1,2,0,-3
1533864650287820,2,1,0,5,-4,-2,4,13
1533864650287820,-4,-2,-2,-2,2,0,-7,-17
1533864650308761,-1,-1,4,-3,1,1,0,-3
1533864650308761,-2,3,-2,2,-2,-3,-1,3
1533864650309760,0,-1,1,5,-3,-1,1,12
1533864650309760,-3,-1,-1,-5,4,0,-8,-19
1533864650321739,-1,-5,7,2,-3,0,-5,-4
1533864650321739,0,-4,-2,-2,-5,-3,-4,-4
1533864650330704,-2,-2,-3,-1,-3,0,2,-2
1533864650330704,3,0,0,-1,3,-1,3,10
1533864650345663,0,6,-13,1,2,-2,-2,-2
1533864650345663,-2,-12,2,0,-2,-2,8,8
1533864650347660,-4,-4,-1,-1,-2,-2,-11,-18
1533864650347660,0,0,1,0,-2,1,2,4
1533864650368606,-2,-3,0,0,-3,0,-1,-2
1533864650368606,1,4,0,0,2,-1,-1,-2
1533864650369603,0,1,-1,6,0,-2,-1,-3
1533864650369603,-2,-3,-1,-10,-7,0,1,4
1533864650391540,1,-2,4,32,11,-1,1,5
1533864650391540,-6,-2,-13,-22,-10,-2,-7,-6
1533864650392538,-1,-1,3,4,-3,2,-1,-4
1533864650392538,3,3,5,14,16,1,2,2
1533864650405503,-1,-8,0,-16,17,1,0,1
1533864650405503,-1,-3,-7,9,-21,-7,-6,-5
1533864650407498,-5,-1,-2,3,-10,-3,-3,-2
1533864650407498,1,-3,-3,2,13,1,0,4
1533864650428442,2,-1,10,-11,-13,2,1,-1
1533864650428442,1,8,-15,-3,23,-4,-3,-5
1533864650430437,-6,-15,1,-4,-15,-6,-1,0
1533864650430437,-3,-2,-4,8,6,-1,-3,0
1533864650451380,0,-2,2,2,4,2,0,-1
1533864650451380,3,4,4,-8,9,2,0,-2
1533864650452392,5,5,0,5,-9,1,0,1
1533864650452392,0,-1,-1,-42,-18,-4,-2,-1
1533864650473325,-2,-5,-3,-2,14,-1,-2,-1
1533864650473325,-2,-1,3,12,-10,-2,1,0
1533864650475316,-5,-2,-6,5,10,-5,-2,-2
1533864650475316,2,-3,2,21,15,4,0,1
1533864650488282,-9,-6,-12,-49,-63,-5,0,-2
1533864650488282,5,4,11,24,27,8,4,1
1533864650490280,-5,-4,-11,-49,-30,-9,-4,-4
1533864650490280,-3,0,-4,17,-3,-3,-1,0
1533864650511224,1,1,4,26,17,0,1,-1
1533864650511224,-4,-2,-2,-20,-18,-6,-5,-3
1533864650512224,3,1,1,4,5,1,-2,-2
1533864650512224,2,10,2,-7,5,1,2,1
1533864650525182,-4,-9,-2,-10,-13,-4,-2,-1
1533864650525182,-1,1,6,6,5,1,1,0
1533864650532165,2,1,5,22,18,4,1,2
1533864650532165,-4,-1,-5,-20,-21,-3,-4,-1
1533864650548125,1,0,0,11,12,-3,-3,-2
1533864650548125,-3,-4,-2,-4,-10,1,-1,1
1533864650555106,0,4,-4,8,8,0,-2,-3
1533864650555106,-1,-2,-1,11,3,-1,0,-2
1533864650571064,-2,-1,0,-2,-6,-2,1,-2
1533864650571064,-3,-7,-2,0,-4,-3,-2,-1
1533864650572058,0,1,-1,-2,5,0,0,-3
1533864650572058,-1,-4,-2,-2,-8,-3,1,1
1533864650585237,-1,0,-2,-1,2,0,-1,0
1533864650585237,1,-2,-2,-3,0,-2,-1,-1
1533864650592004,-2,-4,0,4,4,-1,1,0
1533864650592004,0,0,0,-5,-6,-1,-1,-1
1533864650607961,-1,1,-2,4,1,1,-1,0
1533864650607961,-1,0,2,2,0,1,-1,0
1533864650609963,-3,-2,-2,-5,-6,0,-3,-2
1533864650609963,1,-2,0,-6,-5,0,-3,1
1533864650630900,-1,-3,-1,9,1,-1,-4,-2
1533864650630900,-3,-1,-1,-3,-2,-2,1,-2
1533864650632895,0,1,0,-8,2,-2,-1,-2
1533864650632895,-3,13,-14,-2,-4,-1,-1,-4
1533864650644865,1,-3,2,-4,2,-1,0,-1
1533864650644865,-3,-3,-2,4,1,-3,-1,-2
1533864650651912,0,0,2,-2,-3,1,1,0
1533864650651912,-2,0,-1,2,2,-3,-1,-1
1533864650668799,0,0,-1,-2,-1,-2,-1,0
1533864650668799,0,0,-4,-3,-4,0,-1,2
1533864650669795,0,0,-4,-2,2,-1,0,0
1533864650669795,-1,-6,2,0,-2,-1,0,1
1533864650690740,-1,-1,-1,1,-1,1,-1,3
1533864650690740,-1,-3,1,-4,-3,-2,-2,-9
1533864650692750,-1,-1,-1,1,0,0,-3,-2
1533864650692750,0,-4,0,2,-2,-3,-3,-3
1533864650713679,-1,-3,-1,-4,-1,-2,-3,-1
1533864650713679,-1,2,-4,-1,0,0,0,3
1533864650714676,-2,-1,-2,1,0,0,-1,0
1533864650714676,0,-1,-3,-8,-4,-3,-1,-1
1533864650728639,1,-15,12,8,4,0,0,0
1533864650728639,-4,-4,0,8,3,-3,-4,0
1533864650729636,1,0,5,-2,0,1,1,-1
1533864650729636,-3,-8,1,32,11,0,-2,0
1533864650750580,-2,4,-9,-42,-21,-8,-2,-4
1533864650750580,-7,-6,-9,-4,-7,-3,-2,-3
1533864650752575,5,2,8,44,45,7,2,-1
1533864650752575,0,0,0,-46,-33,-2,0,0
1533864650765758,0,5,1,21,7,0,-1,0
1533864650765758,-2,-3,-1,51,12,-4,-2,-1
1533864650772713,-7,5,-19,-23,-19,-8,-4,-2
1533864650772713,3,-16,15,20,38,8,4,1
1533864650788693,0,1,-1,11,-9,2,0,-1
1533864650788693,1,-2,-1,-39,-13,-3,-2,0
1533864650790482,-1,-3,-4,-4,5,1,-2,-3
1533864650790482,-2,2,-3,-5,-5,-3,-3,-2
1533864650811420,0,0,0,-1,6,-1,1,-2
1533864650811420,3,2,7,14,6,0,1,0
1533864650812415,-1,-5,-4,-22,-13,-4,-1,-1
1533864650812415,-3,-1,-4,-12,-12,-1,1,-2
1533864650825380,-6,0,-6,-1,-2,0,-1,0
1533864650825380,0,2,0,3,1,1,0,1
1533864650832361,1,-2,4,13,10,3,1,1
1533864650832361,-7,-3,-9,-5,-4,-6,-3,-2
1533864650848319,-1,2,-3,-19,-25,-3,0,-1
1533864650848319,1,0,0,-3,-12,-3,-1,-1
1533864650850314,-3,-6,-2,-16,1,-3,-3,-1
1533864650850314,2,-1,2,26,12,1,0,0
1533864650871264,0,-1,-1,-8,9,-3,-3,-1
1533864650871264,-2,1,-2,-14,-3,1,-1,-1
1533864650872290,1,9,-10,-3,-15,-3,-2,-1
1533864650872290,-2,-13,7,7,9,0,0,0
1533864650885220,-4,-4,-3,3,-1,-2,0,-1
1533864650885220,3,2,0,-1,-1,0,1,0
1533864650893199,-4,-1,-5,-5,-5,-3,-3,-3
1533864650893199,-2,3,-3,-1,-6,-3,-2,0
1533864650908162,1,0,0,-1,4,1,-1,-2
1533864650908162,-1,-5,0,4,9,1,1,0
1533864650910154,-1,-3,5,11,-5,0,0,3
1533864650910154,-4,1,-7,-17,-14,-5,-2,-3
1533864650931100,-1,-3,0,6,0,-1,0,1
1533864650931100,0,4,-4,-10,4,1,-1,-2
1533864650932095,-2,0,0,-2,-3,-3,0,0
1533864650932095,-1,2,0,16,1,1,0,-2
1533864650945132,-1,0,-3,5,2,-2,-3,-4
1533864650945132,-2,-1,-1,-3,8,-1,-3,-1
1533864650954036,1,-4,3,-9,-15,-1,0,-1
1533864650954036,-2,-2,-4,-1,0,-2,-2,0
1533864650968999,-1,0,-2,8,0,-3,-1,-2
1533864650968999,0,-1,2,2,17,0,-1,-1
1533864650969994,-1,-3,2,-11,-28,-3,-1,-2
1533864650969994,5,4,1,-2,9,5,1,1
1533864650990938,-3,-3,-2,13,0,-7,-4,-1
1533864650990938,-3,-4,-3,13,-3,-2,-2,-1
1533864650992933,-3,-1,-3,-8,-10,-1,-1,0
1533864650992933,0,1,-1,-9,-3,-1,-1,0
1533864651004903,1,1,-1,-15,10,6,1,-1
1533864651004903,0,-2,-3,-18,-4,-2,0,1
1533864651013888,1,13,-8,1,6,-4,-2,-1
1533864651013888,-2,-6,2,16,-7,1,0,-1
1533864651029006,-1,-1,0,-50,-6,0,2,2
1533864651029006,-8,-3,-1,-8,-14,-3,-5,1
1533864651029845,0,0,2,10,3,2,-1,-4
1533864651029845,1,1,-4,0,0,-4,-1,0
1533864651050777,2,2,1,22,6,3,0,-2
1533864651050777,-4,-2,-8,-6,-10,-3,-1,0
1533864651052771,0,-5,3,5,7,3,0,1
1533864651052771,-4,-1,-1,2,5,-2,-3,-3
1533864651064739,0,-3,1,9,5,2,-1,2
1533864651064739,0,-2,0,-7,-4,-4,-1,-4
1533864651073716,-2,-6,2,10,-7,-5,-3,0
1533864651073716,0,1,1,-3,2,2,1,0
1533864651088682,-1,0,-3,4,0,-4,-3,-2
1533864651088682,0,0,-2,-2,-3,1,0,-2
1533864651089673,-1,-4,-1,-3,1,0,-3,-1
1533864651089673,-2,1,1,11,1,-3,1,-1
1533864651110621,-5,-4,-4,-23,-13,-3,-4,-3
1533864651110621,4,4,-4,-5,-6,4,4,7
1533864651112630,-2,-20,14,3,15,0,-3,-12
1533864651112630,-2,-4,-2,7,-15,-4,0,4
1533864651124583,-4,-2,-4,2,1,-1,-3,-7
1533864651124583,-4,-3,-3,-25,-4,1,-4,-3
1533864651133578,3,4,-4,-10,0,0,5,12
1533864651133578,0,2,-2,-8,1,-3,-8,-13
1533864651148519,0,-4,2,15,-1,-1,0,1
1533864651148519,2,1,1,-8,-6,1,2,1
1533864651149513,-6,-2,-6,12,-3,-5,-3,-2
1533864651149513,0,-2,1,-8,5,3,1,1
1533864651170460,0,1,-4,7,4,-1,1,4
1533864651170460,5,1,6,-5,9,2,1,-3
1533864651172452,-6,-2,-7,5,-25,-11,-5,-1
1533864651172452,-4,-5,-4,-36,-18,-2,-2,0
1533864651184420,1,1,0,-33,-14,3,0,0
1533864651184420,-3,-3,-1,46,16,-2,-5,-5
1533864651193397,0,-2,2,3,8,0,2,7
1533864651193397,4,1,-1,3,3,0,-1,-4
1533864651208356,0,0,0,2,2,0,0,2
1533864651208356,0,1,4,2,-4,-1,-3,-3
1533864651210351,-1,-10,6,-21,-2,-3,-1,1
1533864651210351,-2,0,-1,-2,-4,0,-2,0
1533864651231300,1,-2,-2,3,6,-1,-3,-2
1533864651231300,-1,-4,-2,8,-8,-4,2,1
1533864651232302,-1,3,-8,-4,11,3,2,-3
1533864651232302,0,3,1,-2,-7,-3,2,2
1533864651245292,-1,-5,1,13,3,2,1,-1
1533864651245292,-7,-3,-5,-6,-11,-5,-7,-1
1533864651253236,-2,1,-3,14,10,2,1,-4
1533864651253236,-1,-6,-6,-12,-5,0,-2,-1
1533864651268369,-3,3,-2,2,3,-3,1,1
1533864651268369,0,-2,2,4,-10,-4,-2,-3
1533864651274373,1,3,-1,9,27,2,-2,-2
1533864651274373,-5,-3,-1,-6,-32,-4,-1,-1
1533864651291143,-1,2,2,-18,-11,-4,-1,-1
1533864651291143,1,-3,-5,-21,-8,-4,-1,0
1533864651292132,2,3,4,32,25,5,3,-2
1533864651292132,1,0,-2,3,18,1,1,1
1533864651304293,-11,-8,-9,-6,-26,-9,-6,-3
1533864651304293,-3,-5,-3,-6,-31,-2,-2,-3
1533864651313075,0,4,-7,-21,-12,3,1,0
1533864651313075,0,-16,15,6,21,3,5,5
1533864651328036,2,0,2,7,9,0,-6,-6
1533864651328036,3,1,4,21,8,-4,3,2
1533864651330044,-4,-3,-5,-31,-5,-6,-3,-4
1533864651330044,-2,4,-6,-3,-12,-1,-7,-8
1533864651351972,0,0,1,13,8,-1,0,1
1533864651351972,-1,-3,1,-12,4,1,-1,0
1533864651352969,1,2,2,3,-14,-4,-2,-1
1533864651352969,-1,1,-2,-2,5,1,1,3
1533864651372916,-1,-2,-4,1,-1,-2,-3,-1
1533864651372916,0,4,-1,19,13,2,1,-2
1533864651374910,-1,-3,-2,-49,-12,-6,-3,-3
1533864651374910,-4,2,-2,27,6,1,0,-3
1533864651389025,-1,-2,-3,-23,-12,-4,2,-1
1533864651389025,-3,-1,0,11,42,5,1,-2
1533864651389871,-1,-3,-1,-33,-64,-1,0,0
1533864651389871,-3,-3,-7,-18,-5,-3,-3,-1
1533864651410814,0,0,1,16,17,1,0,0
1533864651410814,-2,1,0,-8,-6,-1,-1,-1
1533864651412828,1,-1,0,16,18,1,-1,-1
1533864651412828,-1,-7,15,17,11,-5,-2,-2
1533864651433752,-2,0,-5,-29,-18,-1,-2,0
1533864651433752,0,-4,-3,-12,3,-2,-1,-3
1533864651434751,-1,-7,1,16,1,1,0,-3
1533864651434751,-1,4,-5,-2,-8,-1,-1,0
1533864651448719,1,2,2,16,20,2,0,-2
1533864651448719,-3,-2,-2,-12,-10,-1,-2,0
1533864651449716,-2,4,-3,1,7,0,-2,-1
1533864651449716,1,2,-5,-6,-3,-3,0,0
1533864651470658,-1,-2,-1,6,-2,0,1,0
1533864651470658,0,3,-3,7,-3,2,-1,-2
1533864651472649,-1,-2,-3,-20,-3,0,1,0
1533864651472649,-2,0,-5,-7,-1,-3,-3,-2
1533864651493592,-1,-5,-1,5,2,2,-1,2
1533864651493592,1,-2,0,-7,-3,-3,-2,1
1533864651494591,2,1,1,12,11,-2,-2,-2
1533864651494591,2,4,1,-13,-6,0,1,-1
1533864651507749,-6,-2,-6,9,-11,-10,-5,-4
1533864651507749,-6,-4,-4,0,-3,-1,-2,-1
1533864651514538,-6,7,-17,7,-12,-5,-2,0
1533864651514538,1,-8,3,-18,-6,1,-1,0
1533864651530533,2,0,4,11,6,2,1,-1
1533864651530533,2,-4,1,2,7,0,0,-1
1533864651532490,2,2,4,26,18,0,-1,0
1533864651532490,-7,-1,-12,-29,-25,-10,-6,-3
1533864651553471,0,-3,-3,-3,1,1,-2,-2
1533864651553471,-3,-2,-2,-5,-3,-1,-1,-1
1533864651555428,0,-1,7,4,0,2,0,-2
1533864651555428,-1,0,-1,12,5,-2,-1,-1
1533864651567463,0,-1,1,-5,-5,-2,-1,-2
1533864651567463,0,0,-4,-7,-7,-3,-1,2
1533864651574394,1,-4,-1,4,2,2,1,5
1533864651574394,-4,-1,-3,5,4,-2,-4,-9
1533864651591335,0,0,-2,-3,1,-1,0,-1
1533864651591335,0,1,2,2,0,1,2,-5
1533864651592329,-1,-4,1,-6,-6,-3,-2,-2
1533864651592329,1,2,-1,6,4,1,0,4
1533864651613276,-1,-2,-1,2,1,1,-1,0
1533864651613276,-2,-1,1,-4,-3,-1,-3,-1
1533864651619261,-4,-3,2,-6,-2,-2,0,0
1533864651619261,-1,1,-3,3,-3,-4,-2,-1
1533864651628232,0,3,1,-6,2,2,0,-1
1533864651628232,-2,-3,-3,0,-5,-4,-3,0
1533864651634220,0,0,-2,40,0,0,-2,-1
1533864651634220,2,6,-1,-56,-4,0,2,0
1533864651651172,-10,-6,-7,-2,7,-1,-6,-5
1533864651651172,-1,1,-2,-2,10,2,1,-2
1533864651652169,-1,-2,3,-45,-23,-3,0,-1
1533864651652169,2,-2,-2,6,-31,0,-1,2
1533864651673113,2,-1,4,10,7,1,1,3
1533864651673113,-7,-4,-7,14,-5,-5,-4,-4
1533864651675115,-1,1,-4,-23,17,0,-2,-1
1533864651675115,-1,1,5,35,19,2,0,0
1533864651688076,0,-1,-1,-55,-15,-4,-1,-2
1533864651688076,0,-1,1,16,6,1,-4,-2
1533864651695057,0,-2,-1,5,-1,0,2,1
1533864651695057,-2,-4,-3,-1,6,1,-1,-3
1533864651711014,-3,-2,1,27,3,-2,0,0
1533864651711014,1,-1,-2,-8,-7,-3,-1,-3
1533864651713006,-2,-4,-2,-13,-8,0,-3,-3
1533864651713006,-3,-2,-3,17,9,-3,-3,-1
1533864651732953,-2,0,-3,3,-9,1,-2,-3
1533864651732953,-2,-2,-4,-18,-5,-4,-1,1
1533864651734948,-3,-1,-2,2,-5,-2,-3,-1
1533864651734948,-1,-1,-1,9,10,-2,-1,-1
1533864651747916,2,0,1,-2,-5,0,1,3
1533864651747916,2,1,1,-9,-4,-1,2,-3
1533864651755097,-4,-6,0,13,4,-1,-3,-2
1533864651755097,1,-4,-3,5,10,0,1,1
1533864651770880,-2,-3,-5,10,8,0,-2,1
1533864651770880,-3,-2,0,-8,-14,-2,-2,0
1533864651772849,-2,0,-6,-6,-8,-3,-3,-4
1533864651772849,-1,2,2,-1,7,3,2,4
1533864651793794,1,3,-2,-7,-19,-6,-2,-2
1533864651793794,0,1,5,50,26,7,3,1
1533864651794788,-1,-3,-2,-62,-13,-6,-3,-4
1533864651794788,-2,-2,-3,11,-7,-2,-2,-3
1533864651807756,1,0,1,1,16,4,1,-2
1533864651807756,2,3,-1,-23,-23,-10,0,2
1533864651814737,-4,-2,-3,20,8,-3,1,-2
1533864651814737,-3,-2,0,-2,-3,0,-1,-3
1533864651830694,2,1,1,-4,14,2,0,-2
1533864651830694,-4,-5,-8,12,-1,-5,-6,-3
1533864651832687,-4,-3,-3,4,-4,1,0,4
1533864651832687,-2,-2,-4,-8,-7,-2,-1,-1
1533864651853633,-1,0,1,5,-4,0,2,-2
1533864651853633,2,-2,5,-18,7,4,1,-1
1533864651854627,1,1,1,11,1,-2,-2,0
1533864651854627,-1,-1,-1,-4,-5,-1,-1,-1
1533864651866598,-1,-2,-4,8,6,0,0,3
1533864651866598,-2,-2,-3,-4,-11,-1,0,-4
1533864651876580,-2,-2,-1,-28,-2,-3,-2,-3
1533864651876580,-1,0,1,-15,-2,2,-1,0
1533864651891529,-4,-3,-3,8,-2,-6,-2,-2
1533864651891529,-2,-1,-2,6,-9,-2,-2,0
1533864651892544,3,2,5,21,0,3,1,0
1533864651892544,-2,-4,-5,-10,-14,-5,-4,-7
1533864651913470,-4,-3,-3,-6,-10,-2,0,2
1533864651913470,-1,-1,1,-5,-2,1,1,2
1533864651915465,-1,1,-1,16,15,1,-2,-2
1533864651915465,0,1,2,3,3,-1,0,0
1533864651927432,-1,-2,-1,6,-3,-3,-1,-2
1533864651927432,-3,-2,-3,-25,-21,-2,-1,-2
1533864651936408,-1,-2,-2,1,2,-2,0,-4
1533864651936408,0,-1,3,37,13,1,-1,-1
1533864651951369,-1,0,0,-38,-33,-5,-1,-1
1533864651951369,-7,-8,-11,-4,3,-4,-5,-4
1533864651952366,1,-2,-1,-20,4,-2,-1,-1
1533864651952366,-3,-1,-3,14,-3,-3,3,5
1533864651973313,-1,1,4,12,-1,-1,-6,-6
1533864651973313,1,-1,3,-3,7,3,0,-5
1533864651975305,0,0,-2,13,1,0,2,4
1533864651975305,0,0,-1,-4,3,1,-4,-10
1533864651987276,2,0,0,-9,-1,0,1,3
1533864651987276,1,-1,0,-2,5,-2,-1,0
1533864651996249,-3,-2,-1,17,3,-1,-1,-1
1533864651996249,0,-3,-2,-16,-5,1,0,2
1533864652011209,-2,-1,0,5,-2,0,-2,-1
1533864652011209,1,-1,2,5,4,0,-2,0
1533864652012207,-1,-3,-4,-5,-6,-1,-1,-3
1533864652012207,-1,0,-3,-14,-5,-2,-1,1
1533864652033154,-1,-3,-5,4,5,0,0,-2
1533864652033154,2,3,1,5,12,0,1,2
1533864652035150,-2,-2,-3,13,-14,-1,-1,-1
1533864652035150,-2,-2,0,-7,-5,-1,-2,-1
1533864652047116,-3,-2,0,16,2,-1,-1,-2
1533864652047116,-1,1,-3,-29,-2,1,1,4
1533864652056099,0,-1,-1,5,3,0,1,1
1533864652056099,-1,0,-1,-5,-5,-1,-3,1
1533864652071077,-3,-1,-2,0,2,-3,-1,-3
1533864652071077,-1,-2,-1,2,-2,2,3,1
1533864652072047,-2,-3,1,0,3,-2,-4,-5
1533864652072047,-3,-3,-1,6,6,-1,2,2
1533864652093000,1,2,-1,-13,-1,2,1,0
1533864652093000,-1,2,-1,17,2,-1,-6,-2
1533864652099975,-4,-2,-3,18,2,-1,-2,0
1533864652099975,-2,-3,0,-3,-4,-2,-2,-1
1533864652106965,1,-1,-1,-9,0,-2,1,3
1533864652106965,-2,-1,-3,0,0,-3,-3,-5
1533864652115928,2,1,3,-3,-5,2,1,-2
1533864652115928,-1,-1,-5,-23,-4,-2,-2,-3
1533864652130888,-2,-1,1,11,6,0,-2,-2
1533864652130888,0,-1,-3,-8,-9,-1,0,-1
1533864652132884,-2,-3,-2,-5,-5,-6,-3,0
1533864652132884,0,0,0,4,-4,-3,-2,-3
1533864652153827,-2,-4,-3,3,3,0,0,0
1533864652153827,-3,-3,0,4,-6,-1,-2,-1
1533864652154835,0,1,0,-10,0,2,0,-3
1533864652154835,-2,1,0,-10,4,0,1,2
1533864652166792,1,2,2,26,2,-2,1,-2
1533864652166792,-5,-4,-5,-6,-20,-6,-5,-3
1533864652175781,-4,-1,-5,6,0,-1,-1,-3
1533864652175781,3,0,3,13,3,2,2,0
1533864652190945,-1,-1,-2,-14,7,2,1,-1
1533864652190945,2,1,0,-3,7,0,0,0
1533864652192724,-2,-1,-1,-7,-4,0,0,3
1533864652192724,-2,2,-3,13,5,-2,-2,-7
1533864652212674,-3,0,-1,-9,-11,-4,-2,-2
1533864652212674,0,0,2,-3,0,3,-1,-2
1533864652213667,3,2,4,9,9,1,1,3
1533864652213667,-5,-6,-7,-5,-3,-4,-3,-3
1533864652235611,-3,-1,1,9,-5,0,-3,-2
1533864652235611,5,3,3,-32,15,-1,4,4
1533864652235611,-6,0,-7,0,-38,-5,0,-4
1533864652235611,-5,-6,-6,-13,-1,-1,-6,-3
1533864652250572,-2,-2,-3,-4,-7,0,0,-1
1533864652250572,0,-1,-2,18,4,1,-2,-1
1533864652250572,4,1,6,-5,11,3,1,1
1533864652250572,1,2,0,-7,-4,-2,0,1
1533864652272513,-1,-5,-3,-4,-4,-4,-4,-2
1533864652272513,-1,2,0,-1,0,1,1,-1
1533864652273507,-2,-3,-5,-8,5,-1,-4,-3
1533864652273507,0,-2,0,1,-6,-1,-1,0
1533864652295448,0,-1,-1,-4,4,-1,-2,-2
1533864652295448,0,0,-3,5,1,-2,0,-1
1533864652296446,-2,-2,-4,-1,0,0,-5,-1
1533864652296446,1,2,3,1,8,6,1,0
1533864652310419,-1,0,-5,-8,-12,-3,-1,0
1533864652310419,-3,-10,11,24,-10,-4,-2,-1
1533864652311406,-1,0,1,-22,3,-1,0,-1
1533864652311406,1,-2,1,-15,-13,0,-1,-1
1533864652332351,-8,-10,-14,-20,0,-6,-6,-5
1533864652332351,-2,1,-4,-3,-11,1,-1,-1
1533864652333348,1,0,-1,-17,4,0,1,0
1533864652333348,3,2,4,12,12,1,1,0
1533864652355303,0,2,-3,19,5,-2,-2,2
1533864652355303,-1,0,-5,-16,-23,-6,-1,-1
1533864652356289,0,0,1,5,2,-3,-2,-2
1533864652356289,-2,-1,-4,-3,-12,-3,-1,0
1533864652370251,0,1,3,-2,6,2,-1,-1
1533864652370251,-2,-1,-2,15,15,4,-2,-2
1533864652378227,-1,-1,-3,-5,-1,-2,-1,-1
1533864652378227,-3,-1,-2,10,1,-8,-2,0
1533864652393187,-1,0,1,-2,-4,-1,0,0
1533864652393187,-1,-2,1,5,10,1,-1,-1
1533864652393187,0,9,0,-22,-14,-4,-1,-3
1533864652393187,-2,-4,-6,20,4,-1,-2,-4
1533864652415128,-1,-1,2,-13,-4,0,1,-3
1533864652415128,-3,-3,-2,-4,-2,-2,0,1
1533864652416126,-3,0,-2,28,7,0,-2,-3
1533864652416126,-1,-1,-1,-39,-8,-1,0,0
1533864652430091,0,1,4,-1,8,3,0,-1
1533864652430091,0,2,-5,-4,-3,-5,-2,-4
1533864652431086,-2,-3,-1,6,0,-2,-2,2
1533864652431086,0,0,-1,4,-1,-1,-1,-1
1533864652452435,0,-2,-3,3,-1,2,0,0
1533864652452435,0,-2,-2,-10,-6,-1,-2,-1
1533864652453283,-1,-5,-4,-1,-2,0,-1,-1
1533864652453283,-1,-1,2,6,4,0,-2,-1
1533864652475234,-3,-1,-3,9,1,-4,0,-2
1533864652475234,-1,-2,-3,22,10,-1,-1,-2
1533864652476229,-1,-2,2,-28,-9,-2,1,0
1533864652476229,-1,2,-3,4,1,-1,0,0
1533864652490342,-1,-2,-3,-13,-2,-3,-4,-1
1533864652490342,-4,-5,-4,-10,-3,-4,-4,-1
1533864652491181,-2,-5,-4,15,-21,-2,-2,-2
1533864652491181,0,-2,-4,-24,-6,0,-1,-2
1533864652513122,2,1,1,11,3,0,-1,1
1533864652513122,0,1,0,-9,2,-1,-1,0
1533864652513122,1,-1,-1,8,12,2,-2,-2
1533864652513122,-2,-3,-4,3,-5,-3,-2,-2
1533864652535067,-1,-2,-1,-3,-10,-3,-1,-1
1533864652535067,0,-1,-1,-10,3,3,3,-2
1533864652536061,-3,-2,0,3,6,-3,-1,-4
1533864652536061,0,0,1,3,4,1,-1,-1
1533864652558004,1,0,1,-5,8,0,0,0
1533864652558004,-2,-1,0,8,-5,-5,-1,2
1533864652558999,0,-1,-1,-2,5,-3,-1,-2
1533864652558999,-1,-1,-2,4,8,1,-1,0
1533864652572975,1,1,-1,-1,-10,-2,-2,-4
1533864652572975,1,2,1,4,2,0,1,1
1533864652573960,-4,-8,-7,3,-3,-2,-3,-2
1533864652573960,0,-2,-2,-9,1,0,-1,-1
1533864652594917,1,1,2,22,-4,-1,1,0
1533864652594917,-5,-3,-8,-39,-1,-2,-2,-1
1533864652595901,1,3,1,-7,-4,-1,2,1
1533864652595901,-1,-3,0,9,-1,-3,0,-2
1533864652609865,-1,4,-10,4,4,1,1,-2
1533864652609865,-1,-18,13,11,0,0,0,-2
1533864652610861,-2,-1,3,26,11,2,2,2
1533864652610861,-1,-2,-2,-41,-26,-2,-2,-1
1533864652632820,0,-3,-2,10,8,-3,-5,-1
1533864652632820,-4,5,-6,-10,-12,0,-2,0
1533864652633830,-1,-1,-3,-8,7,-2,-5,0
1533864652633830,3,2,8,16,6,0,2,2
1533864652655740,-3,-2,-3,-15,-4,-2,-1,0
1533864652655740,-1,2,-4,2,-1,-1,-1,-4
1533864652655740,0,-1,5,18,3,-1,0,2
1533864652655740,0,2,-2,-1,5,0,0,-3
1533864652670702,-3,-4,0,6,-15,-4,-2,-1
1533864652670702,-2,-2,-5,-31,2,0,-3,-2
1533864652670702,-3,0,-3,-10,-6,-1,-2,0
1533864652670702,-3,-2,-2,18,11,1,-1,1
1533864652692642,-3,-3,-2,-15,-9,-4,-2,-3
1533864652692642,-2,-1,1,7,-7,-2,-1,1
1533864652693639,0,2,3,24,1,-4,-2,0
1533864652693639,-3,-2,-4,-10,8,-1,-2,-3
1533864652715581,1,-1,3,9,5,1,-1,0
1533864652715581,-2,0,-4,-11,-11,0,-3,-3
1533864652715581,-2,-2,-2,-8,0,0,-1,-2
1533864652715581,-1,-1,1,19,-4,-1,-1,-1
1533864652730541,-1,-1,1,-8,6,0,-1,-1
1533864652730541,0,1,0,8,9,0,0,-3
1533864652730541,0,-1,-3,-13,-7,-3,-1,-3
1533864652730541,-1,-1,1,4,-2,0,0,-1
1533864652752486,-2,0,-1,5,6,-1,-1,0
1533864652752486,1,3,1,6,2,0,1,1
1533864652753484,-1,12,-17,6,-5,-1,-1,-1
1533864652753484,-5,-9,-1,-41,-16,-2,-3,0
1533864652775426,1,-1,-1,-9,-7,-2,-3,0
1533864652775426,2,-1,4,21,5,0,0,1
1533864652776419,1,0,-1,-9,14,1,0,-2
1533864652776419,-1,-1,-6,0,-11,-4,-1,-3
1533864652790384,-1,-3,-3,0,-8,0,1,-2
1533864652790384,-2,-1,-3,7,9,-1,0,-3
1533864652791379,-1,-1,4,9,6,1,1,-3
1533864652791379,0,0,-1,-1,-4,-3,-2,0
1533864652812325,0,-3,3,-6,3,0,-1,-1
1533864652812325,0,0,-2,5,0,-3,-1,-1
1533864652813325,-2,-6,1,-7,1,0,-2,-2
1533864652813325,-1,1,-1,9,4,-1,-1,0
1533864652835261,0,1,-4,-8,-4,0,0,-2
1533864652835261,1,-2,-1,-3,0,-1,-2,1
1533864652836257,-3,-5,2,-7,-5,0,1,-1
1533864652836257,-3,-2,-3,-1,0,-2,-1,-3
1533864652850220,-1,1,-1,-3,-1,-1,-1,0
1533864652850220,-1,-3,-3,24,3,1,-4,-2
1533864652858199,-1,-5,-1,-56,-13,-4,-2,-1
1533864652858199,1,0,-1,10,-1,-1,-2,0
1533864652873160,-1,-1,2,-5,-5,0,0,-1
1533864652873160,-3,-1,-3,-7,-1,-1,-3,-1
1533864652873160,-1,1,1,18,6,1,-1,1
1533864652873160,-3,0,1,2,2,-2,-1,0
1533864652895318,0,-1,0,-5,8,3,-1,1
1533864652895318,-4,-6,-6,-6,-5,-5,-4,-3
1533864652896107,-1,-3,0,4,-2,0,-1,-1
1533864652896107,1,3,2,10,5,-1,1,0
1533864652909064,1,0,2,-10,-3,-3,-1,-2
1533864652909064,0,0,2,11,-1,-2,0,3
1533864652918042,-1,-3,-2,8,0,-1,-1,0
1533864652918042,-1,-2,0,-6,6,-2,1,-1
1533864652933011,-3,-1,-3,15,-8,-2,0,-2
1533864652933011,1,1,-2,-28,-9,-2,-3,-5
1533864652934015,2,0,4,10,-2,4,2,3
1533864652934015,3,1,-1,13,13,1,0,1
1533864652954940,-8,-8,-7,-14,-21,-4,-2,-4
1533864652954940,-3,-1,-3,-3,2,0,-3,-3
1533864652955952,-3,-1,-3,-4,-7,-2,-2,0
1533864652955952,4,3,2,5,10,3,0,0
1533864652969900,5,3,5,1,2,2,2,1
1533864652969900,-4,1,3,26,13,-1,1,2
1533864652977879,-5,-6,-8,-46,-22,-7,-3,-7
1533864652977879,-4,-3,-4,-6,-11,0,-1,2
1533864652992922,-2,-2,-3,5,15,0,-1,-4
1533864652992922,2,1,1,0,-28,-2,0,0
1533864652993842,1,0,2,3,13,3,0,-2
1533864652993842,-2,-2,-4,-24,-11,-2,-4,-1
1533864653014784,-1,1,-2,-13,2,1,0,1
1533864653014784,0,-1,-2,1,-5,-3,-1,0
1533864653015778,-4,-4,-2,17,-2,-1,-4,-1
1533864653015778,-2,0,-2,2,-7,-4,-2,-5
1533864653029818,1,-1,0,-10,11,2,1,2
1533864653029818,0,-1,0,-11,2,1,-1,-1
1533864653037719,0,0,-4,-6,-7,-4,0,2
1533864653037719,-4,-3,-3,-1,-2,-1,-1,-2
1533864653052679,0,2,-1,7,4,-1,-2,0
1533864653052679,-1,-1,-3,-5,2,-3,-4,-2
1533864653053685,-3,-2,-3,-5,-7,-3,1,4
1533864653053685,-1,0,0,11,5,-1,-2,-2
1533864653075617,-2,-1,-1,6,-1,-2,-2,-1
1533864653075617,0,2,-1,-14,-6,-1,0,-3
1533864653075617,0,-1,0,12,9,1,-2,-1
1533864653075617,-3,-2,-2,-7,-2,-1,1,-1
1533864653089580,-4,-4,-4,0,-12,-4,-1,-2
1533864653089580,-2,-2,-1,-6,5,0,2,3
1533864653097562,1,1,2,4,5,-1,-1,0
1533864653097562,-2,0,-1,0,-3,-3,1,4
1533864653112539,-1,-3,-1,-4,-3,0,-10,-18
1533864653112539,1,-1,1,3,4,1,-2,-3
1533864653113516,-2,-3,-2,2,0,-1,-1,1
1533864653113516,0,-3,-1,-4,-6,0,1,0
1533864653135461,-1,1,-1,6,2,0,2,6
1533864653135461,-3,0,0,0,1,-1,-1,0
1533864653136455,0,1,-1,-5,-4,-1,2,-2
1533864653136455,4,1,2,19,25,2,1,-1
1533864653149421,-9,-7,-17,-29,-34,-12,-4,-1
1533864653149421,-5,-4,-3,-37,-2,0,-3,-3
1533864653157400,3,2,5,29,11,4,0,0
1533864653157400,-5,-5,-10,-48,-22,-3,-5,-5
1533864653172360,6,4,10,23,13,3,3,5
1533864653172360,4,-1,0,20,8,1,2,0
1533864653173356,-6,-2,-3,-15,23,-4,-3,-7
1533864653173356,-1,0,3,13,-25,-6,1,-1
1533864653195301,-1,-1,0,-28,3,1,-2,-3
1533864653195301,3,2,0,-12,-7,-1,1,0
1533864653196295,7,5,8,14,23,5,2,1
1533864653196295,1,-4,-3,28,28,1,-3,-2
1533864653218239,-17,-11,-15,-19,-41,-18,-7,-4
1533864653218239,-1,-3,1,19,5,3,0,0
1533864653219233,0,-3,-3,-17,-22,-1,-4,-4
1533864653219233,2,3,3,1,5,0,0,2
1533864653233379,8,5,8,14,26,11,4,1
1533864653233379,5,2,2,-15,8,3,1,-1
1533864653233379,-10,-6,-10,24,-25,-13,-6,-3
1533864653233379,-4,-1,-2,-28,-15,-4,-4,-3
1533864653255137,0,-1,1,4,7,2,0,2
1533864653255137,-3,0,-4,11,-4,-3,-2,-1
1533864653256135,5,1,5,-14,6,7,2,1
1533864653256135,-6,-4,-5,3,-13,-7,-4,-4
1533864653278077,-1,-1,0,3,4,0,0,1
1533864653278077,-2,-1,-1,9,1,0,0,0
1533864653279074,-2,-1,-3,-13,-12,-1,-1,-2
1533864653279074,-1,0,0,16,2,1,-1,0
1533864653293036,3,0,2,-6,3,-2,-1,-1
1533864653293036,-2,-1,-3,1,-4,-2,-3,-1
1533864653293036,-3,0,-4,-1,-1,-2,-3,-1
1533864653293036,-1,-2,2,3,2,1,-2,-3
1533864653315086,2,0,3,6,1,1,-2,-1
1533864653315086,-3,-1,-2,-7,-14,-3,0,1
1533864653316087,-6,-3,-3,9,-1,-3,-1,-3
1533864653316087,-1,1,-2,-7,6,1,0,1
1533864653339022,2,0,4,18,18,2,0,-1
1533864653339022,-1,-2,-4,-12,-14,-1,2,-2
1533864653339022,-6,-4,-10,-17,-28,-9,-2,1
1533864653339022,-3,-3,0,3,9,3,-1,-1
1533864653352984,-2,0,0,-2,-1,-1,0,1
1533864653352984,2,0,1,16,14,1,-1,-2
1533864653353982,-1,0,-3,-24,4,0,-1,0
1533864653353982,-1,-3,-2,0,-6,-1,0,-1
1533864653374926,2,0,3,13,6,2,-1,-2
1533864653374926,-3,-2,-5,-33,-15,-5,-4,-2
1533864653375942,2,0,3,3,1,3,2,-1
1533864653375942,-1,-2,-6,-2,3,-3,-2,-1
1533864653399030,-2,0,-3,-8,-31,-3,-2,-1
1533864653399030,0,0,1,-4,4,-5,-3,-2
1533864653399030,-1,-2,-1,18,5,-4,-2,-2
1533864653399030,-1,-1,0,2,7,1,-1,-4
1533864653412996,-3,-2,-4,-15,-18,0,0,3
1533864653412996,0,-1,0,9,2,-4,-2,0
1533864653413823,-2,0,1,3,-5,-2,0,0
1533864653413823,-2,-1,-1,-3,-5,-2,-1,-3
1533864653435783,0,1,-2,18,11,-1,-1,-3
1533864653435783,-1,-3,-2,-35,-10,-2,0,1
1533864653435783,2,0,2,3,8,1,-1,-1
1533864653435783,-2,0,0,5,7,2,0,-2
1533864653458705,1,1,3,-4,-3,3,4,2
1533864653458705,-5,-7,-9,-13,1,-1,-1,-4
1533864653459709,1,-2,-1,-2,-1,-4,-3,-3
1533864653459709,-6,-1,-2,2,-13,-5,-4,-1
1533864653472693,1,0,0,14,12,-1,-1,0
1533864653472693,0,0,1,-6,-2,1,-1,-1
1533864653473681,1,2,2,-3,-6,1,3,-1
1533864653473681,1,0,1,-9,-2,-2,2,2
1533864653495822,-6,-2,-4,-2,8,-1,0,-1
1533864653495822,-3,-1,1,17,0,-3,-3,0
1533864653495822,0,0,0,-2,-1,-1,-2,0
1533864653495822,7,5,7,9,10,4,3,1
1533864653518550,-6,-5,-10,-11,4,-6,-4,0
1533864653518550,-9,-7,-12,-6,-37,-8,-5,-4
1533864653519538,-1,-2,0,-11,-6,3,-4,0
1533864653519538,-3,-5,0,17,11,-1,-3,-1
1533864653532507,6,3,6,6,12,5,1,0
1533864653532507,0,2,3,9,18,0,1,-2
1533864653533501,-1,0,-2,-1,0,-4,0,0
1533864653533501,-1,0,-5,-19,-16,-3,-2,-2
1533864653555443,-1,-1,-3,-1,3,-2,-3,-3
1533864653555443,-4,-1,3,10,2,-4,-2,-1
1533864653556442,0,-1,-1,-5,-3,0,1,0
1533864653556442,-1,-2,0,-8,-3,-3,-2,-1
1533864653578381,-2,-1,1,3,-2,-3,-3,-2
1533864653578381,1,0,-1,2,-3,0,0,1
1533864653579387,2,1,4,3,2,3,2,0
1533864653579387,-2,-4,-4,15,6,-2,-1,-1
1533864653592344,-6,-3,-4,-1,-16,-7,-4,-3
1533864653592344,1,1,4,7,17,5,-1,-1
1533864653593341,-3,-2,-2,14,5,-1,-3,-1
1533864653593341,1,2,2,-2,3,4,-1,0
1533864653615457,-3,-2,-6,-37,-24,-4,0,-3
1533864653615457,2,-1,0,26,7,2,1,2
1533864653616280,0,0,-2,-25,-15,-2,0,-2
1533864653616280,-1,1,1,23,12,3,-1,-1
1533864653638240,1,-2,1,18,8,0,-1,0
1533864653638240,2,0,-2,-36,-13,-6,-1,-2
1533864653639236,-7,-9,-8,2,2,-4,-4,-3
1533864653639236,2,2,2,-18,-11,-1,0,-1
1533864653653186,-3,-2,-3,16,6,-1,-3,-1
1533864653653186,-3,1,-1,-2,1,2,-2,-1
1533864653653186,3,0,-1,7,6,1,-1,-1
1533864653653186,-1,0,-2,-16,-10,-3,-2,0
1533864653675123,0,-1,-1,-10,-5,-1,1,-1
1533864653675123,-1,-2,0,17,3,-2,-2,0
1533864653676120,-3,0,0,-4,4,-1,-2,-2
1533864653676120,-4,-3,-3,-9,-11,-2,-1,-2
1533864653699058,0,1,2,-2,-2,2,2,1
1533864653699058,-2,-2,-2,7,-1,0,0,-2
1533864653699058,-2,-1,-3,-3,1,-1,-1,-1
1533864653699058,-1,-3,0,-6,2,-2,-1,0
1533864653713021,1,-1,0,6,-7,-1,0,-1
1533864653713021,-2,-1,-5,-18,-8,0,-2,-1
1533864653714035,-4,-3,-4,-5,-7,-5,-2,-4
1533864653714035,-1,-2,-1,-7,-2,-2,0,0
1533864653734966,-1,-1,-1,-8,0,-1,-1,0
1533864653734966,2,-1,2,-3,-1,2,0,2
1533864653735960,1,0,-1,28,10,2,0,1
1533864653735960,-5,-2,-3,-11,-13,-4,-2,-2
1533864653757942,0,1,4,17,8,2,1,0
1533864653757942,-3,-4,-10,-39,-21,-8,-4,-2
1533864653765896,3,1,2,-11,2,3,1,-1
1533864653765896,0,0,-3,2,3,2,-1,-2
1533864653773077,0,-1,1,2,-7,-1,-1,-2
1533864653773077,-2,-3,1,13,6,1,-1,0
1533864653773860,-1,-1,0,-1,-1,-3,-2,-1
1533864653773860,-1,-2,-3,-2,2,-4,-1,0
1533864653794806,1,-1,-2,-16,-1,-1,-1,-1
1533864653794806,-3,0,-1,20,12,3,-1,-2
1533864653795801,-2,-1,-2,0,-7,-3,-1,0
1533864653795801,-2,-2,0,-25,-3,-1,-1,1
1533864653818738,-2,-3,-4,-5,-1,-1,-1,-2
1533864653818738,-1,-1,0,4,-2,0,1,1
1533864653818738,-2,0,-1,3,1,-2,-3,-2
1533864653818738,1,0,-2,2,-4,-1,-1,-1
1533864653831707,0,-3,-1,-6,3,0,-1,-4
1533864653831707,2,0,2,3,11,1,1,1
1533864653840684,-2,-1,-2,15,-6,-2,0,-1
1533864653840684,-5,-5,-6,4,-23,-7,-4,-1
1533864653855640,-3,-3,-6,-15,-1,-3,-2,-3
1533864653855640,-1,-1,1,-2,-10,1,0,-1
1533864653855640,1,-1,1,-5,7,-2,0,-1
1533864653855640,0,2,4,17,5,2,1,-2
1533864653878578,-1,-1,-3,7,2,-4,-2,-1
1533864653878578,-1,-2,-1,-3,0,-1,-1,-1
1533864653879576,-1,-3,-1,-5,-2,1,0,-2
1533864653879576,-2,-3,-2,-3,-4,-2,-1,-1
1533864653892557,0,0,-1,-7,2,1,0,2
1533864653892557,3,3,3,-3,-1,3,1,-1
1533864653900687,-2,-4,-4,6,1,-7,-4,-2
1533864653900687,-10,-5,-7,3,-5,-4,-5,-3
1533864653915480,0,1,3,0,0,-1,-1,0
1533864653915480,-1,-2,-1,8,0,-1,-1,-2
1533864653916493,3,0,2,-7,0,4,0,-3
1533864653916493,4,3,-2,-8,6,2,-1,-1
1533864653938419,-1,0,2,5,3,1,1,0
1533864653938419,-2,-1,-1,12,-5,-4,-3,0
1533864653939416,-3,-1,-3,-32,-5,-2,-2,-1
1533864653939416,3,0,1,11,3,-1,-1,2
1533864653952382,-4,-4,-6,-7,-4,-1,-4,-3
1533864653952382,0,-1,-2,7,5,-2,-3,-1
1533864653960361,-1,-2,0,-3,-2,-1,-1,0
1533864653960361,-3,-5,1,7,2,0,0,-2
1533864653975345,2,1,2,8,3,0,1,-1
1533864653975345,1,1,3,-7,4,-3,0,-4
1533864653976317,-8,-6,-13,-7,-22,-11,-5,-1
1533864653976317,-2,-3,-2,-6,-6,0,-2,-1
1533864653998258,-1,-2,0,-3,0,0,-2,-1
1533864653998258,-2,-4,0,1,2,2,0,-3
1533864653999256,2,4,3,-2,6,3,2,2
1533864653999256,2,-1,-2,-7,-2,-3,1,-1
1533864654012222,-2,-2,0,-5,-7,-3,-3,0
1533864654012222,-2,-1,-2,3,1,-2,-3,-1
1533864654020200,1,1,1,-1,-5,-3,-1,-1
1533864654020200,1,1,1,3,-3,3,1,-1
1533864654043149,2,1,0,4,14,3,2,0
1533864654043149,-13,-9,-15,11,-10,-16,-7,-4
1533864654044136,-6,-5,-4,-30,-33,-2,-3,0
1533864654044136,-2,-1,-3,-19,-5,-4,-2,-2
1533864654058099,1,0,0,2,-5,2,-1,0
1533864654058099,3,1,1,2,8,2,1,3
1533864654059096,0,0,0,6,9,2,1,0
1533864654059096,0,1,0,12,0,-1,-3,-1
1533864654072062,-2,-2,-1,-8,-2,0,1,0
1533864654072062,0,-1,-1,-13,-2,-3,-2,-2
1533864654080236,-1,0,-1,19,7,-1,-1,-3
1533864654080236,0,0,-1,-2,2,-1,-2,1
1533864654095175,-3,-2,-4,-10,-9,-5,-1,-1
1533864654095175,-1,-2,-2,-7,-3,1,0,1
1533864654095997,1,-1,0,2,4,1,1,-2
1533864654095997,2,0,1,12,3,0,1,-2
1533864654118937,-4,-3,-7,-19,-5,-2,-2,-2
1533864654118937,-2,-3,-4,7,-10,-5,-2,-2
1533864654118937,3,1,4,-1,-4,2,0,1
1533864654118937,-2,0,-1,-5,7,-1,0,0
1533864654132048,-9,-6,-7,5,-19,-9,-4,-3
1533864654132048,0,0,1,-17,0,3,0,-1
1533864654139970,-1,0,3,21,7,1,-1,0
1533864654139970,-1,0,-1,-38,-10,0,0,-1
1533864654154839,2,0,-1,-1,6,2,-2,-2
1533864654154839,-1,-1,1,10,0,-1,1,-1
1533864654155837,-3,-2,-5,2,-1,-2,-3,-1
1533864654155837,0,-1,-2,-4,-3,0,-1,1
1533864654178981,1,2,-1,2,1,-2,-1,0
1533864654178981,-1,-1,-2,-3,-2,-1,0,-1
1533864654178981,0,0,2,-1,3,-3,-1,-1
1533864654178981,-2,-3,-2,2,3,-3,-1,-3
1533864654200887,-1,-1,0,2,0,-2,0,-3
1533864654200887,0,-2,-1,2,-1,1,-3,-3
1533864654201717,-1,0,-2,-7,-1,1,-1,-1
1533864654201717,-2,-3,-1,3,-1,-3,-1,-2
1533864654214679,1,-2,1,2,0,-1,-2,-1
1533864654214679,-1,2,1,-2,0,0,-1,-1
1533864654215676,-1,-3,-4,-3,0,-2,-1,-2
1533864654215676,0,-2,-2,1,-2,-2,-1,-1
1533864654238822,-1,0,-1,2,0,-3,-1,1
1533864654238822,-1,0,-2,-4,-1,-1,-1,0
1533864654239613,-1,0,-2,-4,1,0,-1,-2
1533864654239613,0,-2,0,5,0,1,0,0
1533864654260558,-2,-2,-1,1,0,1,1,-2
1533864654260558,1,0,1,0,-2,1,0,-1
1533864654261561,-1,-1,-1,-12,-5,-3,-1,-3
1533864654261561,-2,-4,-2,-2,-1,-1,-2,-1
1533864654275528,-1,0,0,6,5,0,-1,-1
1533864654275528,-1,-2,-1,-2,-3,-1,-1,0
1533864654275528,2,0,1,-3,0,0,-1,-1
1533864654275528,-1,0,-2,-1,-2,0,-1,-2
1533864654298459,1,2,3,6,-4,1,2,0
1533864654298459,0,-2,-6,-15,7,-2,-1,-2
1533864654299453,-4,-2,-1,11,9,1,-4,-2
1533864654299453,-1,1,-1,-3,-6,-2,-2,0
1533864654321397,-5,-3,-3,-18,-17,-1,-2,-1
1533864654321397,0,-1,0,14,2,0,1,0
1533864654322391,0,-2,1,-7,1,0,3,-1
1533864654322391,-1,-3,-2,8,6,-2,-1,-1
1533864654335386,2,2,0,-4,4,-1,-2,0
1533864654335386,-2,0,-2,-9,-5,-5,-2,0
1533864654336355,-2,-1,-3,3,2,-3,-3,-1
1533864654336355,-1,-1,0,-2,-3,0,0,-2
1533864654358298,-1,-2,-2,-5,-2,-2,-2,-1
1533864654358298,-2,-2,-1,2,1,-1,-2,-1
1533864654359316,-1,0,-2,19,2,2,-1,0
1533864654359316,-1,-1,1,-11,-11,0,-1,0
1533864654381454,-1,-4,-6,-13,-13,-3,-2,1
1533864654381454,-3,-4,-1,8,5,-1,-3,-1
1533864654382234,-3,0,0,0,-3,-3,0,0
1533864654382234,0,1,0,4,-4,1,-1,0
1533864654395309,-1,-1,-1,2,6,-1,-2,-2
1533864654395309,2,1,4,14,6,3,2,1
1533864654396220,-3,-3,-7,-25,-13,-3,-3,-4
1533864654396220,-2,-1,-1,1,4,-2,0,-1
1533864654418138,0,2,1,4,-2,-4,0,-1
1533864654418138,2,1,11,-4,2,-2,-2,-1
1533864654419132,0,0,0,-4,2,-1,1,-1
1533864654419132,-3,0,-1,-3,1,0,-1,-2
1533864654441116,-2,1,8,7,4,-2,0,-1
1533864654441116,-1,-3,-5,-2,-6,0,-2,-1
1533864654442098,-1,-2,-5,-3,-1,-1,-1,-1
1533864654442098,-2,-2,0,-2,-2,-4,-1,1
1533864654455037,-1,0,-6,8,4,-1,0,-1
1533864654455037,-1,-1,-5,-4,-3,-2,-1,-1
1533864654456042,0,-1,0,-5,-3,2,-1,0
1533864654456042,-1,-1,4,16,6,-3,-1,0
1533864654478987,-2,-3,-13,-14,-6,2,-2,-2
1533864654478987,0,0,0,3,-3,-2,-1,-1
1533864654478987,-1,0,6,8,8,1,0,-3
1533864654478987,-3,-4,-8,-5,-6,-2,-3,-2
1533864654500913,-1,0,3,6,4,2,0,1
1533864654500913,-4,-2,-5,-25,-14,-2,-1,0
1533864654501910,1,-1,-6,3,2,-1,0,-1
1533864654501910,1,-1,1,-5,2,-1,0,-1
1533864654514877,0,-2,1,-6,2,-1,-2,-2
1533864654514877,-3,-2,-5,12,0,-2,-1,-1
1533864654515873,-1,-1,1,-4,-4,-2,0,0
1533864654515873,-1,0,-4,-4,-2,-1,-1,-2
1533864654538813,-3,-3,1,0,1,-1,0,0
1533864654538813,-1,1,-1,-4,1,0,0,-1
1533864654538813,-2,-1,-1,0,-5,0,-1,0
1533864654538813,0,-2,0,1,3,0,-2,-1
1533864654560855,2,0,-2,0,1,-1,0,1
1533864654560855,0,0,4,-3,-3,1,-1,-1
1533864654561798,-1,0,-1,1,-3,-1,-1,0
1533864654561798,-2,0,1,1,2,0,-2,-1
1533864654575723,0,-4,0,-2,-1,-2,-2,-3
1533864654575723,-1,0,-4,2,-2,-4,-1,-1
1533864654575723,-2,1,-4,-10,-4,-5,-1,0
1533864654575723,0,1,-1,1,0,1,0,1
1533864654598657,0,-2,-19,-1,1,0,-1,0
1533864654598657,-3,-1,2,15,0,1,-2,-1
1533864654599650,-3,0,0,-6,-5,0,-2,-1
1533864654599650,-1,2,5,-14,-5,-2,-1,-2
1533864654620797,-1,0,-1,-8,-2,-3,-1,-2
1533864654620797,-1,-1,-2,6,1,-1,0,0
1533864654621592,0,-3,1,0,-1,-1,-1,0
1533864654621592,-1,-5,-8,2,4,0,0,0
1533864654635618,-2,1,-8,8,0,0,-2,-1
1533864654635618,-1,-11,48,-4,2,1,2,0
1533864654636554,-2,-2,2,3,0,-3,0,-2
1533864654636554,-3,-2,1,-1,-3,0,-2,-2
1533864654658493,-2,-3,7,-1,0,-1,-2,-1
1533864654658493,-1,2,-12,-8,-5,0,-1,0
1533864654659489,0,-1,-4,0,1,-2,-2,-1
1533864654659489,-1,-2,9,6,-1,0,-1,0
1533864654681562,-2,0,1,-1,-3,-2,-2,-1
1533864654681562,-2,-1,-16,-6,-2,-3,-3,-1
1533864654681562,0,6,-5,-2,-3,0,-1,0
1533864654681562,-1,-19,-25,-3,-2,1,1,1
1533864654695413,-3,2,35,7,4,-1,0,-1
1533864654695413,-2,0,-8,-4,-3,-1,1,0
1533864654696400,-1,-2,-4,1,0,-2,-1,-2
1533864654696400,-1,5,-3,0,0,0,-3,-2
1533864654718420,0,-7,-48,1,-5,-1,-2,-5
1533864654718420,3,5,53,4,10,2,0,0
1533864654719336,-1,-1,-13,-11,5,2,0,-2
1533864654719336,-3,2,105,12,-2,-5,-1,0
1533864654741272,-8,-5,10,22,3,-5,0,0
1533864654741272,-4,14,-36,-37,-32,-7,-4,-5
1533864654741272,4,-9,7,3,-8,1,2,0
1533864654741272,-1,0,-21,-10,21,0,-3,-3
1533864654754265,-1,-2,-6,-5,-5,-2,-4,-1
1533864654754265,5,1,0,15,22,4,1,2
1533864654763214,-5,-2,-14,-2,-17,-5,-5,-4
1533864654763214,-2,-2,-32,-18,-42,-4,-3,-1
1533864654779169,5,5,12,-15,1,1,2,-2
1533864654779169,-5,-10,-31,30,7,-3,-3,-3
1533864654779169,-1,1,4,-27,1,5,1,0
1533864654779169,3,5,-8,35,33,-1,1,0
1533864654801111,1,3,4,-17,-12,4,0,1
1533864654801111,-4,-6,-7,-31,-24,-6,-1,-2
1533864654802110,-2,-4,-1,27,13,-3,-1,-3
1533864654802110,-4,2,-5,-11,-6,-4,0,-3
1533864654815079,6,3,1,22,27,4,3,1
1533864654815079,-3,-6,-9,-17,-24,-4,-5,-2
1533864654823055,-2,-2,6,-1,-6,-2,-1,2
1533864654823055,0,-1,-14,-4,0,1,-2,0
1533864654839010,0,-2,-2,-6,1,-2,0,-1
1533864654839010,2,-2,0,8,14,0,1,1
1533864654840007,-2,0,9,7,0,-3,-4,0
1533864654840007,4,12,-8,-8,-7,2,1,-3
1533864654860954,-7,-3,28,2,-3,-4,-3,-2
1533864654860954,0,-1,17,-3,3,5,0,-1
1533864654862946,1,3,16,9,3,1,1,0
1533864654862946,1,0,-28,-18,-2,-1,1,1
1533864654874948,-8,-4,-16,19,0,-9,-2,-3
1533864654874948,0,-3,-13,-9,1,-1,0,-3
1533864654882929,-5,-5,-27,-1,-5,-3,-2,-3
1533864654882929,-2,-4,1,7,-7,-4,0,0
1533864654896890,1,-1,-6,-7,-4,2,0,-2
1533864654896890,-1,-2,-2,2,7,1,-2,-1
1533864654905865,0,1,-1,7,2,-4,1,-1
1533864654905865,4,1,10,20,4,6,4,1
1533864654920826,-3,-1,5,-42,-34,-5,-1,0
1533864654920826,-6,-3,-12,8,6,-3,-1,-2
1533864654922821,2,-1,2,-13,2,0,-1,0
1533864654922821,-7,-6,-3,12,13,-5,-4,-4
1533864654934792,1,-1,-13,9,1,1,1,-1
1533864654934792,1,1,2,2,3,0,-2,-1
1533864654943778,0,-3,0,-10,-10,0,0,-2
1533864654943778,1,-3,1,-13,0,-3,-2,-2
1533864654958744,-1,-4,-6,13,8,-4,-3,-1
1533864654958744,-1,0,2,-13,-6,1,-1,-1
1533864654959753,0,-1,5,24,32,2,-1,0
1533864654959753,-3,-1,-2,-2,-24,0,-1,0
1533864654980670,-1,-3,-6,-29,-12,-3,-1,-2
1533864654980670,0,-12,4,2,-2,2,0,0
1533864654982661,0,-1,-5,-8,-1,0,-1,-1
1533864654982661,4,-1,3,19,17,5,2,-1
1533864654994822,-10,-8,-7,-15,-21,-9,-5,-3
1533864654994822,-1,4,-1,1,-5,-1,-1,-2
1533864655003608,-1,-4,-4,-2,0,-4,-1,-2
1533864655003608,-2,-3,-10,-10,2,0,-1,-3
1533864655017567,3,8,53,18,-3,-1,1,-1
1533864655017567,-1,-1,-5,-2,-1,-1,-1,-1
1533864655026656,0,0,0,-12,-16,-1,0,-2
1533864655026656,-1,-1,-1,0,-2,-2,-1,0
1533864655040511,0,-3,-16,-6,6,0,-2,0
1533864655040511,-3,1,-1,10,9,-2,0,0
1533864655042511,1,9,11,-3,-12,-3,-3,-2
1533864655042511,0,-4,3,-2,2,-2,1,0
1533864655054664,-2,-1,-43,-5,-2,3,5,2
1533864655054664,-3,-5,82,32,17,-5,-2,0
1533864655063452,-5,0,-19,-19,-30,-4,-2,-2
1533864655063452,-3,-3,10,-1,15,-1,0,-1
1533864655078417,1,3,86,3,-11,3,1,-1
1533864655078417,-2,4,-25,-4,-12,-2,-1,-1
1533864655084390,-6,-4,-6,12,16,-3,-5,-2
1533864655084390,-3,-2,9,-5,-16,-6,-5,-2
1533864655101562,3,-4,-22,8,18,7,-1,0
1533864655101562,1,0,-14,-2,-9,-3,0,-3
1533864655102343,0,-3,19,-1,0,0,0,-2
1533864655102343,-1,-4,-22,-7,-1,-1,0,-2
1533864655123284,0,3,-17,7,-9,-10,-4,-1
1533864655123284,2,0,-13,-14,0,-1,-3,-1
1533864655125296,2,-2,-16,-19,4,4,2,-1
1533864655125296,-5,-1,-6,4,-3,0,-3,-1
1533864655138244,0,0,-17,-1,-1,-1,-3,-1
1533864655138244,-3,-18,3,7,7,0,-4,1
1533864655140240,1,-7,-51,-4,-8,1,1,-1
1533864655140240,3,12,98,12,1,2,2,3
1533864655161183,-6,-4,6,7,13,-3,-3,-2
1533864655161183,-2,1,-117,-18,-5,-1,0,0
1533864655162181,1,-12,52,35,38,2,0,1
1533864655162181,-6,-8,-28,-28,-49,-6,-4,-5
1533864655183130,-1,1,-13,-6,5,-1,1,-1
1533864655183130,-3,6,3,4,1,-1,1,0
1533864655185119,-2,1,-7,-6,-3,1,-1,0
1533864655185119,2,2,-16,2,12,-2,0,0
1533864655198088,3,-3,-2,3,6,1,-1,-2
1533864655198088,0,1,3,-8,-9,-1,-1,-1
1533864655200080,1,4,6,2,1,-2,-1,0
1533864655200080,-1,-3,-4,-5,6,-3,-3,-1
1533864655221026,-3,0,-18,-10,-6,-2,-2,-2
1533864655221026,0,-2,16,-3,-1,-3,-1,-3
1533864655222020,1,1,1,-3,-7,-4,-2,0
1533864655222020,-3,-2,-14,-9,-2,4,2,0
1533864655243963,1,3,-13,5,6,-2,-3,1
1533864655243963,2,7,72,8,-2,0,0,2
1533864655244963,-2,-4,9,5,-9,4,4,1
1533864655244963,0,-5,-21,-10,0,-5,-3,-2
1533864655257926,-2,-6,9,16,37,5,0,1
1533864655257926,0,1,-46,-20,-44,-2,-1,-3
1533864655264906,-5,2,21,-24,-18,-11,-9,-5
1533864655264906,7,9,88,-13,16,10,8,3
1533864655280863,-13,-10,-13,2,-24,-15,-6,-4
1533864655280863,-2,-3,0,12,17,3,2,0
1533864655282858,0,1,-17,-4,-5,1,1,1
1533864655282858,1,-2,-35,-5,-6,-1,-4,-2
1533864655303805,6,3,17,-2,23,3,0,-1
1533864655303805,-3,0,1,-5,-20,-3,-1,0
1533864655304805,1,-1,-2,2,7,0,0,-2
1533864655304805,-3,-2,-14,2,5,-2,-2,-3
1533864655317768,0,-2,-11,-2,-12,1,2,0
1533864655317768,-1,0,-3,4,9,-2,-2,-3
1533864655324749,0,-14,-9,-10,-1,1,0,1
1533864655324749,-5,-2,-19,22,0,-10,-6,-3
1533864655340705,0,-7,18,-8,-12,-1,0,1
1533864655340705,0,2,15,3,8,2,1,-1
1533864655342698,-9,-4,-43,-15,-8,-5,-3,-5
1533864655342698,-2,-8,-61,-1,-4,-1,0,-2
1533864655363645,1,-12,24,1,-8,3,-1,-1
1533864655363645,0,-5,21,-11,13,-1,1,1
1533864655364639,-1,3,3,11,1,1,2,0
1533864655364639,-2,-18,4,1,-5,-3,-4,0
1533864655377606,-1,6,-25,-8,-3,1,0,-2
1533864655377606,-2,-6,-14,2,2,0,0,1
1533864655384587,-1,-1,15,1,-4,-3,0,0
1533864655384587,2,4,-19,-5,5,-2,0,-2
1533864655400558,-2,0,-9,19,0,-5,-5,-3
1533864655400558,0,-2,12,-3,9,1,-3,-4
1533864655402538,-4,5,-8,0,-2,-4,-2,1
1533864655402538,0,4,6,-9,-13,1,0,-1
1533864655431466,4,3,-3,0,12,3,2,-1
1533864655431466,2,6,-49,-13,-35,-2,-2,-2
1533864655432458,2,3,90,12,21,2,0,3
1533864655432458,-3,7,6,4,-7,-1,-3,-3
1533864655437445,-1,-24,-32,-3,4,0,2,1
1533864655437445,-4,2,68,5,6,0,2,1
1533864655444429,3,3,4,1,-4,1,-1,-1
1533864655444429,-3,-4,25,5,-4,-3,-3,-1
1533864655461384,-5,-3,-8,-8,-7,1,1,-1
1533864655461384,3,5,-24,-5,4,-1,-1,-1
1533864655462379,2,-1,2,-3,-4,0,1,0
1533864655462379,-2,-1,7,-2,12,1,0,1
1533864655483325,-1,10,-17,3,-7,0,-3,-2
1533864655483325,-4,-11,-95,-6,0,-5,-6,-4
1533864655485316,-3,5,10,4,1,1,1,1
1533864655485316,-1,2,-21,-3,-6,0,0,-2
1533864655498283,2,5,11,-8,-3,0,1,0
1533864655498283,-2,-7,-37,3,4,-1,-1,-2
1533864655504269,5,8,37,-3,-3,-5,-4,-4
1533864655504269,1,-7,-35,22,10,-1,0,-1
1533864655521221,-8,-7,24,-36,-20,0,-1,-1
1533864655521221,1,-10,-69,-8,2,-4,-4,-6
1533864655522218,-8,6,55,29,5,3,5,0
1533864655522218,-1,2,2,-16,8,0,-3,0
1533864655551144,-3,-13,69,-5,-16,-8,-7,-4
1533864655551144,-7,-1,13,-9,-10,0,0,0
1533864655552137,2,-2,-47,-8,-1,-1,-2,-3
1533864655552137,-3,-7,17,17,1,-2,-1,-1
1533864655558121,3,12,-44,4,3,-2,-2,0
1533864655558121,2,8,32,-2,4,1,0,-3
1533864655565116,1,-6,-30,-8,-5,-2,-2,-1
1533864655565116,-4,1,-7,4,7,-2,-1,-3
1533864655581291,1,5,-21,-8,-13,-4,0,0
1533864655581291,-3,-2,31,7,-1,-2,-3,-1
1533864655583147,-2,-7,-24,-4,-2,-2,1,-4
1533864655583147,-1,1,-13,-12,-7,0,-1,-3
1533864655604057,1,3,-5,4,8,0,-1,0
1533864655604057,2,5,60,7,4,-6,-2,2
1533864655604998,-3,-9,-57,-8,1,2,-1,-2
1533864655604998,-2,-3,29,-20,-18,-1,3,0
1533864655616964,0,3,17,30,31,0,-1,-4
1533864655616964,1,-2,-36,-23,-13,-2,-2,-1
1533864655625966,-6,-20,43,26,-7,0,-1,1
1533864655625966,-3,2,34,-17,-4,-4,-4,-1
1533864655640901,-1,1,11,-14,-13,-3,1,0
1533864655640901,-2,-4,-15,20,17,2,0,-1
1533864655642895,1,5,-22,-2,2,-1,1,1
1533864655642895,1,-7,-14,-2,-6,2,1,0
1533864655662843,1,1,-4,2,2,1,-2,-2
1533864655662843,-1,5,19,4,5,-1,-2,1
1533864655670822,0,1,-15,-11,-15,-6,-5,-3
1533864655670822,-1,3,8,7,2,0,1,-1
1533864655676808,0,-2,-28,-8,1,0,-2,-3
1533864655676808,-1,1,12,5,-4,0,1,-1
1533864655685889,2,2,-24,-9,1,0,-3,-1
1533864655685889,0,-7,-70,-4,1,-3,0,-1
1533864655708742,-8,-5,7,8,-1,0,1,-1
1533864655708742,-2,-4,11,-10,-5,2,1,0
1533864655709736,-3,5,5,6,3,-4,-3,-2
1533864655709736,2,0,-42,-5,-7,-5,-5,-2
1533864655723850,5,4,-8,-3,-2,-2,-3,0
1533864655723850,-5,-8,84,7,5,4,3,5
1533864655724677,-1,-1,-31,-13,-4,1,0,-2
1533864655724677,-1,1,18,3,-1,1,1,-1
1533864655737648,-2,-4,-14,8,3,1,-1,-2
1533864655737648,9,12,-16,3,15,-1,-2,0
1533864655745626,-6,-6,4,-28,-29,-7,-3,-4
1533864655745626,-9,-6,6,-11,1,-7,-6,-4
1533864655760580,-2,2,3,-2,-17,-5,-1,1
1533864655760580,-2,-3,-12,-4,0,2,-2,-1
1533864655762583,2,1,1,16,17,0,1,2
1533864655762583,5,1,9,-2,-2,1,-1,-2
1533864655783519,1,2,-10,-12,-1,1,2,-2
1533864655783519,0,-2,-10,21,20,0,2,0
1533864655785708,0,-2,2,-38,-38,-3,-2,-1
1533864655785708,-5,-2,3,16,8,-5,-3,-3
1533864655797485,-1,0,11,4,5,2,-2,-1
1533864655797485,0,2,-19,-8,-14,-2,-3,-2
1533864655806457,4,-5,32,24,23,2,1,1
1533864655806457,-2,9,3,-11,-24,1,1,1
1533864655821421,-3,-15,8,7,-3,-8,-4,-1
1533864655821421,-6,-11,11,-3,-1,2,3,-1
1533864655822415,0,4,-12,-3,10,1,-4,-2
1533864655822415,0,2,-10,1,-18,-1,-2,-1
1533864655843362,-1,2,-3,-5,-1,2,-1,-1
1533864655843362,-3,-5,-23,-16,-12,-3,-1,-2
1533864655845354,-1,-2,-13,6,9,-2,0,1
1533864655845354,1,-3,12,7,16,2,2,-1
1533864655857325,-1,1,-8,-4,-6,-3,-2,-3
1533864655857325,1,2,4,-5,-5,-5,-5,-3
1533864655866310,-4,-3,-8,-2,0,3,4,0
1533864655866310,-2,0,9,3,2,1,0,-1
1533864655881367,-2,4,-2,-6,-4,0,1,0
1533864655881367,0,0,-2,2,-2,-3,-2,-3
1533864655882256,1,1,-1,2,0,-4,-3,-2
1533864655882256,-2,-6,-20,-8,0,0,-1,-2
1533864655903199,-1,-2,-12,-2,6,-2,0,1
1533864655903199,-2,7,-13,-5,-6,-1,-4,-2
1533864655905193,-4,-8,1,6,1,0,-1,0
1533864655905193,-1,-4,2,-1,3,-1,0,0
1533864655917165,0,2,-2,-4,-1,-2,-1,-1
1533864655917165,0,2,4,6,-1,-2,-1,-2
1533864655926138,1,3,-6,-2,-3,-1,-2,-3
1533864655926138,-1,0,1,3,5,-2,0,-1
1533864655941098,-1,-3,3,-3,-2,-3,-1,-1
1533864655941098,-1,-1,3,-4,-7,-5,-2,-2
1533864655942094,-1,1,-2,6,10,-1,-3,0
1533864655942094,4,1,9,-14,3,5,2,1
1533864655963040,-5,-2,-5,30,-7,-9,-2,-4
1533864655963040,-4,-7,-1,-3,3,0,-2,-2
1533864655965033,-3,-2,-3,3,-10,-1,2,-2
1533864655965033,-1,2,3,-1,0,1,2,0
1533864655977219,1,0,1,-15,2,3,-1,-2
1533864655977219,3,4,-6,3,-1,2,0,1
1533864655985978,-2,-9,9,-6,-2,-3,5,8
1533864655985978,0,-2,3,3,1,0,-6,-7
1533864656001140,-9,-9,-10,-11,0,2,-1,-7
1533864656001140,-3,2,-3,-1,-5,-3,-2,-2
1533864656002934,-1,2,-6,-5,0,0,-1,-6
1533864656002934,1,-3,-48,-1,-4,-4,0,2
1533864656023877,4,0,80,4,1,1,1,2
1533864656023877,-3,-2,-3,0,-4,-2,-1,-2
1533864656024874,4,14,66,-6,-2,-1,-1,3
1533864656024874,-5,-1,4,22,22,-3,-2,2
1533864656037033,9,8,-15,9,20,9,3,1
1533864656037033,-24,-21,-11,-35,-63,-20,-9,-7
1533864656045819,-4,0,-11,-12,3,2,0,-3
1533864656045819,12,5,17,1,-6,12,7,3
1533864656060794,-8,-9,-20,-16,13,-8,-10,-5
1533864656060794,-9,-1,-17,-21,-27,-9,-3,0
1533864656062782,-3,-22,-54,6,-10,-3,-1,-3
1533864656062782,-2,-1,20,8,18,-2,-3,-4
1533864656083918,8,-5,-12,-23,-32,-1,1,3
1533864656083918,8,1,8,19,23,9,6,3
1533864656085710,-6,4,-17,-2,8,0,-2,-4
1533864656085710,1,-3,13,-4,-2,-1,1,2
1533864656105674,1,0,-2,5,5,-1,0,-1
1533864656105674,1,5,18,15,18,-2,-2,-1
1533864656107654,2,2,9,6,-2,1,0,-1
1533864656107654,-4,2,2,2,-5,-4,-3,-1
1533864656120617,-4,-1,-12,2,-9,-2,-1,1
1533864656120617,5,1,-1,-17,7,3,1,-1
1533864656122628,-2,0,-11,10,6,-2,-5,-3
1533864656122628,-2,-1,-4,2,13,0,-1,-1
1533864656143559,-6,-1,-15,-19,-45,-7,-2,0
1533864656143559,5,2,12,11,13,4,5,1
1533864656144553,0,-2,-2,10,5,-2,-1,-2
1533864656144553,-3,-5,-7,-6,-15,-5,-4,-3
1533864656165500,0,-1,2,5,9,6,0,1
1533864656165500,3,-1,-1,6,11,3,0,1
1533864656167491,-2,2,-2,-18,-6,-2,-2,-1
1533864656167491,-2,1,0,12,-10,-3,-1,-1
1533864656180483,-1,2,-5,8,19,-1,1,-1
1533864656180483,-2,4,-4,-2,-14,-2,-4,-2
1533864656188435,-2,-4,-5,-12,0,0,-1,-1
1533864656188435,-3,-3,1,0,-1,-3,-1,-2
1533864656204395,-2,-4,-28,-3,-2,0,0,0
1533864656204395,-1,0,2,15,26,1,-2,-1
1533864656205394,-5,-6,17,-5,-26,-11,-4,-2
1533864656205394,0,-1,0,1,1,2,0,-1
1533864656226335,-5,2,3,-18,-9,-7,-3,-4
1533864656226335,-3,-6,-10,-7,-15,-1,1,-2
1533864656227349,5,3,-7,-3,4,-2,-2,0
1533864656227349,-5,-2,0,1,-4,-3,-2,-2
1533864656240310,-1,-1,1,15,5,0,-2,-2
1533864656240310,3,1,1,-16,2,1,0,1
1533864656247282,-4,-1,2,7,-4,0,-2,-1
1533864656247282,-5,7,-31,-6,-14,-10,-6,-5
1533864656264235,-1,-5,45,-7,7,-1,-1,0
1533864656264235,0,-1,4,32,23,5,5,2
1533864656265231,-5,-2,-14,-42,-31,-6,-3,-3
1533864656265231,-4,-4,-8,1,4,2,-2,-2
1533864656286178,1,1,-10,-3,-5,0,-1,-1
1533864656286178,1,2,2,3,3,-1,-2,-1
1533864656287172,6,6,9,21,22,4,1,0
1533864656287172,-3,-4,0,-25,-20,-2,-2,-1
1533864656300141,-6,-4,-4,-8,-3,1,1,0
1533864656300141,1,-4,1,6,2,-2,0,-1
1533864656307333,4,3,-5,12,0,3,2,-1
1533864656307333,3,2,8,-2,0,-3,-1,0
1533864656323079,-5,-2,-10,9,-3,-4,-5,-4
1533864656323079,-4,-6,-13,-12,-4,-2,0,0
1533864656325069,0,2,-2,10,-6,1,1,0
1533864656325069,4,3,11,-22,-1,2,1,0
1533864656346068,-1,-3,-1,3,8,1,1,-1
1533864656346068,1,1,0,-3,-10,-2,-7,-3
1533864656353993,1,-6,-6,1,6,0,0,1
1533864656353993,-1,1,-5,2,0,5,4,0
1533864656359977,1,-8,7,10,7,-4,-4,-3
1533864656359977,-2,-4,-44,-12,-9,-1,-3,-2
1533864656366958,-4,3,1,1,-1,-3,-1,-3
1533864656366958,-5,0,1,-11,-13,-3,-2,-1
1533864656383914,2,2,5,24,20,4,4,1
1533864656383914,-5,-3,1,-21,-33,-6,-6,-2
1533864656384913,-5,-6,-11,-11,-5,-5,-3,-3
1533864656384913,-2,-3,-3,2,-1,-2,-2,-2
1533864656405989,1,3,-8,-10,-1,-1,1,0
1533864656405989,1,0,10,2,11,0,0,0
1533864656407849,0,2,0,-1,3,2,0,0
1533864656407849,-1,-3,9,-2,0,-3,-2,0
1533864656419820,-1,-2,-8,5,-1,-2,-4,-1
1533864656419820,0,0,6,9,6,1,0,0
1533864656428794,-2,-2,1,-9,-8,0,-1,-2
1533864656428794,2,0,1,21,5,0,4,0
1533864656443876,-5,-3,-13,-37,-4,-4,-6,-1
1533864656443876,-6,10,-1,-10,-24,1,2,-2
1533864656444750,-1,-7,2,4,17,4,0,-1
1533864656444750,-2,-3,-3,-11,0,-5,-3,0
1533864656465694,1,2,0,24,-11,-2,0,-2
1533864656465694,6,3,7,-5,9,-1,-1,-2
1533864656467688,-6,-6,-11,0,-9,-2,2,1
1533864656467688,-2,-1,2,-2,9,6,0,-1
1533864656479661,-2,-2,-2,-11,0,0,-1,-2
1533864656479661,-2,-5,3,13,10,-4,-2,-1
1533864656488633,5,3,4,7,9,3,-2,-2
1533864656488633,-1,-4,-3,-2,-1,-5,-1,-1
1533864656503596,-1,1,0,-8,-13,-3,-2,-1
1533864656503596,-2,-5,1,8,6,-3,-1,-2
1533864656504608,-4,-2,1,-3,0,-1,-1,1
1533864656504608,-5,-2,-2,-10,-21,-4,-2,-2
1533864656526545,1,1,0,6,10,5,1,2
1533864656526545,-1,-2,3,-9,-17,-3,0,-2
1533864656527528,0,-1,-12,-6,4,-3,-4,-3
1533864656527528,0,-2,1,26,9,-2,-4,-2
1533864656540500,2,1,-6,-13,1,5,1,0
1533864656540500,-3,-1,-8,-26,-7,-3,0,-2
1533864656548473,-7,-20,5,-9,-10,-4,-3,1
1533864656548473,3,-2,-2,29,26,1,-1,-1
1533864656563632,1,2,2,28,24,-3,-2,-1
1533864656563632,-2,-1,-1,-25,-54,-4,-2,2
1533864656565428,2,6,0,20,7,1,0,-1
1533864656565428,-4,-2,-7,-32,-13,-5,-3,-1
1533864656586372,0,-3,4,1,4,2,3,1
1533864656586372,5,2,7,-4,16,5,3,1
1533864656587374,-3,2,-1,22,4,-6,-2,0
1533864656587374,-3,-4,0,0,-2,2,-2,-3
1533864656599535,1,3,-4,-8,-11,-1,-2,0
1533864656599535,-4,-6,0,13,9,1,-3,0
1533864656608312,-1,2,0,-14,-7,0,1,0
1533864656608312,1,-1,0,0,3,-2,1,-1
1533864656623272,-4,-1,2,-7,-10,-4,-2,-2
1533864656623272,-1,-3,-3,5,7,-1,1,-2
1533864656625287,-1,2,2,0,2,-1,-1,-1
1533864656625287,-1,-2,-3,-5,-7,-1,0,-3
1533864656646215,-1,0,2,-7,-12,-2,-2,-1
1533864656646215,-3,-3,0,10,11,-1,-2,-2
1533864656647208,0,1,-1,-2,-1,-2,2,0
1533864656647208,-2,-1,-1,-9,-8,-3,-2,-1
1533864656659176,0,-1,-5,-5,-4,-1,0,-1
1533864656659176,-1,-2,-1,2,9,0,-3,0
1533864656668153,6,5,2,13,4,6,0,-1
1533864656668153,-5,-1,0,5,4,-4,-3,-2
1533864656683152,-2,0,-1,-38,-45,-5,0,-3
1533864656683152,-1,8,-16,60,49,5,-2,-3
1533864656685108,-8,-9,-6,-75,-58,-5,-2,0
1533864656685108,2,0,9,0,12,3,0,0
1533864656706051,4,1,3,22,18,0,2,1
1533864656706051,-4,-2,0,-26,-4,-6,-1,1
1533864656708046,2,3,-5,23,23,0,-1,-2
1533864656708046,-1,-1,-1,32,-1,1,-1,-3
1533864656720044,1,1,1,-27,-6,2,-2,-2
1533864656720044,6,-3,4,-6,0,0,1,-1
1533864656728991,-2,-1,-1,19,9,-4,-2,-1
1533864656728991,0,-4,-2,-30,-12,-2,0,1
1533864656743951,-1,1,3,32,6,0,-2,-1
1533864656743951,2,-4,3,-25,-5,3,-1,-1
1533864656744947,-2,-2,0,12,11,-4,-4,-1
1533864656744947,-1,2,-8,-23,-12,-3,-2,-2
1533864656765891,-8,-5,-7,25,-13,-10,-4,-3
1533864656765891,-8,-6,-6,-2,-33,-6,-2,-2
1533864656767886,6,3,9,-6,-4,5,3,-1
1533864656767886,10,1,3,-3,43,6,2,0
1533864656779881,-1,-2,-7,-32,-34,-8,-2,-3
1533864656779881,-14,-11,-11,3,7,-9,-7,-5
1533864656788830,-1,0,0,-16,-2,-1,-2,0
1533864656788830,-4,-2,-3,31,8,-2,0,-3
1533864656803994,2,0,5,4,21,7,3,5
1533864656803994,3,2,4,0,-13,1,1,-1
1533864656804825,-1,-2,-1,-9,3,-4,1,0
1533864656804825,1,2,-1,-6,-12,-2,-1,-2
1533864656825732,0,-1,-1,-10,-1,2,0,-2
1533864656825732,-2,-1,-1,8,2,-2,-1,-2
1533864656827727,0,0,-2,10,2,0,-2,-3
1533864656827727,1,0,3,8,23,2,1,0
1533864656839697,1,-2,-5,-12,-34,-7,-3,-3
1533864656839697,-6,-3,-4,-19,-17,-1,0,1
1533864656848670,-2,-1,-3,-22,1,2,-1,-1
1533864656848670,-5,-4,-6,-2,-12,-2,-2,-1
1533864656862636,2,0,3,0,29,8,2,0
1533864656862636,4,0,1,6,4,-9,-1,0
1533864656869617,-5,-1,-4,21,1,-4,-5,-5
1533864656869617,1,0,4,-6,9,7,-1,1
1533864656885575,-4,-4,-1,3,-24,-4,0,0
1533864656885575,1,-1,1,-9,15,-1,-4,-7
1533864656887566,4,0,0,-1,7,8,4,5
1533864656887566,-8,-4,-6,13,-30,-12,-6,-2
1533864656899543,0,0,2,33,34,2,1,0
1533864656899543,-9,-6,-6,15,1,-4,-2,-1
1533864656908510,1,0,-1,-42,-12,2,0,-1
1533864656908510,1,2,1,5,0,0,1,-1
1533864656922507,1,1,0,-7,0,-1,-1,-2
1533864656922507,2,2,4,1,-1,1,1,0
1533864656929466,-1,2,0,18,14,0,-1,-1
1533864656929466,2,0,1,-13,-14,-1,-1,1
1533864656946560,-4,-5,-4,25,-1,-8,-3,-1
1533864656946560,2,2,3,-29,-5,2,0,2
1533864656947406,-6,-6,-6,39,-4,-9,-3,-6
1533864656947406,-4,-4,-2,-7,-9,-2,-1,-2
1533864656959374,1,-1,2,-8,2,5,1,1
1533864656959374,1,-1,2,16,22,5,2,1
1533864656968351,-1,2,0,2,-10,-4,-2,0
1533864656968351,-6,-1,-8,-19,-20,-9,-2,-2
1533864656983310,-3,-2,-3,-13,18,2,-3,-4
1533864656983310,8,7,8,27,5,7,6,2
1533864656989329,-6,-8,-9,-66,-35,-7,-4,-5
1533864656989329,1,-4,0,10,10,-3,2,-1
1533864657006420,-4,-2,-6,7,-13,-6,-4,-1
1533864657006420,-4,-2,-1,9,-3,1,-1,-1
1533864657007245,2,3,4,8,12,3,0,-3
1533864657007245,1,0,3,-6,-2,0,0,-1
1533864657028397,-1,-6,-1,-15,-3,3,0,-1
1533864657028397,1,-2,-4,-5,-7,-3,-2,-1
1533864657030221,-1,0,-2,12,7,0,-2,-3
1533864657030221,1,1,-1,-17,-9,1,-2,0
1533864657043154,-1,-1,-2,7,8,0,0,-3
1533864657043154,-4,-2,-2,0,-2,-2,-5,-4
1533864657050130,0,1,-1,-1,-5,-4,-2,1
1533864657050130,-1,0,-4,3,-2,-1,-2,-1
1533864657066092,-1,0,-1,-5,2,-2,-2,-1
1533864657066092,-2,-3,-3,-2,-6,-3,-2,2
1533864657068084,-3,-1,1,0,-3,-1,2,2
1533864657068084,-3,0,-2,4,1,0,0,-2
1533864657096009,-4,-3,-1,0,2,-5,-1,-1
1533864657096009,-1,-1,1,-14,-4,-3,1,-1
1533864657098004,2,0,3,15,11,3,0,1
1533864657098004,1,-1,2,11,6,3,1,1
1533864657102990,-3,-3,-2,-40,-21,-3,-2,1
1533864657102990,0,-2,3,5,-18,-5,0,2
1533864657109972,-1,-7,-42,12,13,-3,-3,-1
1533864657109972,4,-2,13,-22,-10,1,-2,-4
1533864657125930,4,10,-3,12,5,-1,-4,-3
1533864657125930,-10,-4,1,-11,-26,-4,2,0
1533864657127923,-12,-9,-6,-25,0,-6,-3,-1
1533864657127923,-4,-3,0,-12,18,0,1,-2
1533864657148868,-4,-2,-4,-36,-27,-8,-2,1
1533864657148868,2,0,-2,16,19,1,-2,-5
1533864657149875,-5,-2,6,25,3,-4,-4,-3
1533864657149875,0,1,-8,1,-2,1,0,0
1533864657161839,-1,-2,6,11,15,3,0,-3
1533864657161839,5,3,-5,-2,11,2,2,1
1533864657170809,1,0,6,-14,-49,-3,2,-1
1533864657170809,3,1,-3,16,4,-1,-3,-3
1533864657185784,1,-2,-5,32,10,0,-1,1
1533864657185784,3,-2,-3,-33,-7,-1,-2,0
1533864657187764,9,6,9,6,12,4,1,0
1533864657187764,3,-1,-4,8,-15,-3,-2,-2
1533864657208711,7,-1,1,-26,1,2,2,-1
1533864657208711,-6,-5,-7,9,8,-1,-4,-3
1533864657209713,0,-3,5,12,-10,-5,-2,0
1533864657209713,-6,-4,-3,11,1,-3,-3,-1
1533864657221676,-3,-3,0,16,17,3,0,0
1533864657221676,-1,0,1,-12,-17,-4,-2,-4
1533864657230652,3,0,4,-3,6,4,0,0
1533864657230652,-6,-2,-3,-27,-37,-6,-2,-1
1533864657246625,0,1,0,7,2,-2,1,-1
1533864657246625,2,0,1,-14,14,2,1,-1
1533864657247603,-7,-4,-2,4,25,0,-1,-3
1533864657247603,-5,-1,-1,-4,7,1,-3,0
1533864657268550,0,0,4,8,14,2,-2,-2
1533864657268550,-2,-3,-1,11,-28,1,2,0
1533864657270543,0,1,2,-4,-8,-1,-1,0
1533864657270543,-2,-1,-7,-20,20,-5,-1,-1
1533864657282511,-8,-5,-3,0,12,2,-4,-2
1533864657282511,3,0,5,25,-3,-1,1,2
1533864657291487,-3,-3,-4,-22,-2,1,-2,-3
1533864657291487,0,-1,-3,-16,-41,-2,1,0
1533864657306489,1,2,3,9,6,1,-2,-1
1533864657306489,-2,-6,-9,-12,18,-7,-5,-5
1533864657307445,-2,-1,3,-4,-16,-3,0,1
1533864657307445,0,-2,-2,11,14,6,3,-1
1533864657328390,-2,-3,-5,-12,-12,-3,0,-2
1533864657328390,0,1,2,14,11,2,-2,1
1533864657330383,0,2,2,-2,-9,-5,-2,-4
1533864657330383,1,1,0,2,8,-1,-2,-1
1533864657342349,-4,-3,-4,3,-5,-3,-1,0
1533864657342349,-2,0,-4,-9,-9,0,0,1
1533864657351326,1,-2,-1,2,10,-1,-1,-1
1533864657351326,-1,-3,1,5,4,-2,-2,0
1533864657373476,-1,-1,-2,-1,-2,1,-1,-3
1533864657373476,-3,-1,0,-6,-22,-7,-3,-2
1533864657375261,-2,-1,0,-6,3,4,0,1
1533864657375261,0,0,-1,9,5,-3,-2,-2
1533864657388423,-2,2,-1,-3,-14,-1,2,2
1533864657388423,-2,1,1,-3,7,-1,0,-1
1533864657390222,0,0,-1,7,2,0,-1,-2
1533864657390222,2,-1,3,1,11,2,1,0
1533864657403204,-5,-6,-6,-9,-31,-9,-8,-4
1533864657403204,-4,-2,-2,4,3,-2,-1,-2
1533864657409171,3,-1,0,-2,-5,1,1,1
1533864657409171,-1,-1,-1,-6,-1,0,-4,-1
1533864657426127,3,-1,3,3,3,0,0,-1
1533864657426127,-4,-3,-4,14,8,1,-4,-3
1533864657427122,-2,-2,-3,-4,-4,-1,-1,0
1533864657427122,-1,0,-2,4,-2,0,1,0
1533864657448076,-1,-1,0,-7,-1,-5,-1,1
1533864657448076,1,0,-2,-7,-6,-2,-1,-2
1533864657450065,1,-1,0,2,14,0,-2,-1
1533864657450065,-3,-1,-3,1,-8,-3,-2,0
1533864657463027,-1,-1,0,-1,-3,1,0,-2
1533864657463027,0,-2,-1,-2,5,2,1,1
1533864657470013,-3,-2,-3,-3,-5,-4,0,-2
1533864657470013,0,1,-2,0,1,-2,-1,-2
1533864657486171,0,-1,-1,-1,3,-4,-2,-4
1533864657486171,3,-1,2,8,-5,0,-2,2
1533864657487978,-8,-6,-9,-29,-10,-9,-2,-2
1533864657487978,-5,-3,-2,21,1,-2,0,1
1533864657508909,1,2,1,11,16,2,1,1
1533864657508909,5,2,4,-19,2,5,0,-1
1533864657509902,-5,-5,-10,-4,-24,-8,-5,-4
1533864657509902,0,-1,0,-25,9,1,-2,-3
1533864657521869,-1,-2,1,4,-23,0,0,0
1533864657521869,3,0,-2,-3,-10,-2,1,-1
1533864657530847,-11,-7,-6,29,24,-5,-7,-4
1533864657530847,0,0,-1,-9,-11,0,0,2
1533864657545809,0,0,-2,39,23,2,0,-1
1533864657545809,1,3,3,-38,-22,1,2,1
1533864657547800,5,3,3,-16,0,0,2,0
1533864657547800,-2,-3,-2,15,4,-1,-3,-3
1533864657568747,1,-4,-1,-11,5,1,-3,0
1533864657568747,-2,0,0,10,-6,-5,-1,-2
1533864657569741,3,2,4,2,17,1,2,-1
1533864657569741,-4,-6,-9,-21,-22,-7,-6,-7
1533864657581817,-3,-1,-5,-6,-3,-1,0,4
1533864657581817,-3,-4,-3,-5,7,2,1,2
1533864657590772,4,0,3,30,8,-2,1,0
1533864657590772,1,0,5,-15,-13,8,2,1
1533864657605646,-9,-6,-12,-18,-24,-11,-7,-5
1533864657605646,-5,-2,-2,-4,12,4,-3,-1
1533864657607655,-2,-4,-5,10,-25,-5,-3,-4
1533864657607655,1,1,0,13,22,1,0,0
1533864657628584,2,1,-1,-10,-14,0,2,-3
1533864657628584,-3,-1,0,32,20,-4,1,-2
1533864657630586,3,3,5,-36,-15,1,0,1
1533864657630586,0,-2,-2,9,7,-4,-3,-3
1533864657650927,-3,0,0,8,0,-2,0,-2
1533864657650927,2,-2,-2,-15,0,1,0,-3
1533864657652827,-2,0,0,9,1,3,-1,-1
1533864657652827,-3,-2,-3,16,-4,-5,-3,-2
1533864657665759,4,3,4,-46,2,6,4,2
1533864657665759,-7,-7,-9,35,6,-9,-8,-5
1533864657667752,3,1,7,34,1,7,2,3
1533864657667752,-4,-3,-5,-50,3,-3,1,1
1533864657688695,-3,-4,0,16,6,-3,-2,-2
1533864657688695,-2,-1,-2,-20,-11,-2,-4,-2
1533864657689694,1,1,2,5,6,2,-1,-2
1533864657689694,2,2,4,40,14,1,1,-1
1533864657710640,0,1,-2,-12,-2,0,1,0
1533864657710640,-6,-4,-6,-10,-29,-8,-3,-3
1533864657712632,-1,0,0,-11,10,2,2,-2
1533864657712632,4,2,2,-7,-11,3,0,2
1533864657726594,-1,0,-1,5,11,-2,0,0
1533864657726594,-3,-2,0,44,15,-2,-2,0
1533864657732582,-7,-7,-11,-26,-8,-5,-3,-1
1533864657732582,-5,-1,-5,-33,-8,-2,0,-4
1533864657742558,0,-2,-1,12,-3,1,-2,-2
1533864657742558,4,3,3,-17,-2,1,1,2
1533864657745544,3,3,1,-3,2,-1,0,-2
1533864657745544,-4,-3,-2,9,-4,-4,-3,0
1533864657754523,-2,0,-1,-7,2,-1,-1,-2
1533864657754523,-2,-2,-1,-4,1,-2,-1,-1
1533864657763496,0,-4,-1,-2,0,0,-2,2
1533864657763496,-1,-1,0,6,-3,-1,0,-2
1533864657778466,3,1,-1,0,-3,-2,1,6
1533864657778466,-1,-1,-1,-8,0,0,-3,-5
1533864657784440,-2,0,1,4,0,0,-3,-2
1533864657784440,1,0,1,-2,-4,-1,-1,0
1533864657801412,-1,-1,-1,-3,-1,-1,0,-4
1533864657801412,0,0,-1,-1,3,0,1,3
1533864657802403,-1,2,0,-1,-2,-1,0,1
1533864657802403,2,1,1,4,-3,-1,-2,3
1533864657814570,-1,-2,-1,-2,0,-2,1,-3
1533864657814570,-3,-2,-2,-5,-4,0,-4,-3
1533864657823336,0,0,1,-2,-1,0,-2,-6
1533864657823336,0,1,-1,-1,-5,0,2,4
1533864657837299,-2,0,-1,6,4,-2,-2,-2
1533864657837299,-1,0,-1,-16,-7,-2,-1,3
1533864657846276,1,2,4,-8,1,1,2,3
1533864657846276,-1,-3,0,38,0,-1,-4,-4
1533864657861234,-3,-3,-4,-6,5,-1,-3,0
1533864657861234,3,1,4,-17,-3,2,5,-1
1533864657862232,-6,-6,-5,5,7,-6,-4,-1
1533864657862232,3,3,5,3,3,1,1,0
1533864657875210,1,1,0,0,-6,-2,-4,-3
1533864657875210,4,2,1,10,10,1,1,3
1533864657883176,-2,1,-1,9,-9,0,-2,-2
1533864657883176,1,0,-1,-9,25,-3,-1,-1
1533864657897139,-1,-1,1,-16,-21,-4,-1,0
1533864657897139,-7,-5,-5,12,4,-5,-6,-3
1533864657906115,5,2,-1,-9,3,7,3,2
1533864657906115,-8,-5,-9,8,-3,-5,-5,-5
1533864657929056,0,1,1,14,-8,1,-1,1
1533864657929056,3,0,2,-15,3,-2,0,0
1533864657930051,1,0,4,24,10,-2,-2,-2
1533864657930051,3,0,3,0,2,2,4,1
1533864657935040,-10,-8,-14,-42,-28,-9,-5,-4
1533864657935040,-1,0,2,26,0,0,0,-1
1533864657944013,-3,-2,-5,-38,-6,0,-1,-2
1533864657944013,0,-2,-1,3,15,-2,-2,-1
1533864657957976,-4,-2,0,27,-10,-4,-3,0
1533864657957976,1,-1,-1,2,17,2,-1,0
1533864657964957,0,-2,-6,-29,-33,-4,-3,-1
1533864657964957,-3,-3,0,-1,-19,-1,0,0
1533864657980918,6,4,2,-5,24,8,3,-2
1533864657980918,-2,1,2,-9,-5,2,1,2
1533864657982909,0,2,2,22,13,-1,1,1
1533864657982909,1,0,-1,-4,-13,1,1,-1
1533864657994877,-3,-3,-4,-15,7,-5,-1,0
1533864657994877,-2,-2,-3,6,2,2,0,-2
1533864658003853,-2,-2,-1,-6,4,0,0,-3
1533864658003853,-3,-3,-4,-3,-15,-5,-3,-2
1533864658017850,1,1,2,16,15,3,-1,0
1533864658017850,-3,-1,-5,-12,-17,-2,-1,-3
1533864658024848,-2,-2,-3,-12,-8,-4,-2,0
1533864658024848,2,-1,4,-19,-5,1,0,-1
1533864658040754,-1,-3,-3,14,7,-3,-3,-1
1533864658040754,-5,-3,-1,20,2,-1,-2,-4
1533864658047735,0,0,-2,-33,-13,-1,-1,-1
1533864658047735,4,2,3,9,5,2,0,-2
1533864658054720,-9,-7,-10,18,0,-5,-3,-3
1533864658054720,-3,-3,-4,-56,-52,-4,-1,-1
1533864658063694,0,-1,-1,17,7,-1,0,-2
1533864658063694,1,2,2,4,5,2,1,2
1533864658077763,-3,-4,-2,-44,6,-1,-1,-2
1533864658077763,-3,-4,-7,27,6,-5,-3,-2
1533864658084939,0,-1,3,9,-8,2,0,1
1533864658084939,5,3,6,13,34,2,1,2
1533864658100703,-6,-6,-6,-2,-28,-4,-4,-1
1533864658100703,-12,-9,-13,-25,-24,-13,-8,-2
1533864658106687,-3,-4,-1,5,-4,-2,-1,-1
1533864658106687,-2,-2,-3,-23,-10,-2,-4,-4
1533864658124636,3,1,8,3,21,5,2,0
1533864658124636,9,6,6,33,22,6,2,2
1533864658126632,-4,-1,-5,-16,-13,-8,-4,-3
1533864658126632,-2,-1,0,-5,12,3,0,0
1533864658138599,2,-3,-4,1,-20,-6,-1,-1
1533864658138599,-10,-7,-9,-6,-18,-10,-6,-4
1533864658146579,2,1,4,25,12,2,1,1
1533864658146579,-4,-3,-5,-6,-6,-2,0,-3
1533864658160543,3,2,4,3,17,3,1,0
1533864658160543,3,2,2,-6,16,1,2,1
1533864658167521,1,2,3,-19,-3,-1,-2,-2
1533864658167521,-2,-2,-4,-28,-26,-6,0,-1
1533864658174503,-2,-1,1,41,16,-2,-3,-2
1533864658174503,7,6,9,-16,24,8,4,0
1533864658183479,-6,-4,-9,1,-26,-3,-4,-3
1533864658183479,-10,-4,-5,8,-31,-5,-3,-1
1533864658197442,1,-3,-1,-18,-8,3,4,1
1533864658197442,4,2,5,34,16,5,2,1
1533864658204423,2,1,-1,-45,7,-1,0,0
1533864658204423,0,1,0,13,1,0,-2,-2
1533864658220381,-2,-1,-1,2,-7,-3,-4,0
1533864658220381,-2,-3,-2,-3,6,0,-1,-1
1533864658227381,-2,-3,-1,7,3,-1,-2,-1
1533864658227381,-2,-4,-4,-6,-8,-5,-1,-1
1533864658243319,2,1,2,0,3,0,0,0
1533864658243319,-1,-1,-1,-14,-8,1,-1,1
1533864658245313,-2,-1,-3,17,1,0,-3,-2
1533864658245313,-1,-3,-2,9,2,2,-2,-2
1533864658258290,0,-1,1,-11,-6,0,0,-2
1533864658258290,2,1,1,-14,-2,0,0,-2
1533864658264467,-2,-3,-5,25,49,-2,-2,-1
1533864658264467,-12,-6,-7,-8,-37,-9,-7,-5
1533864658280220,8,8,11,35,10,5,3,2
1533864658280220,-15,-11,-20,-43,-37,-13,-7,-5
1533864658287206,-1,0,2,20,13,0,-1,-1
1533864658287206,3,0,2,-12,21,6,2,2
1533864658303164,-1,1,-1,19,3,-2,-1,-2
1533864658303164,5,3,6,-14,-15,2,3,3
1533864658305168,0,-5,-3,2,6,-1,1,-2
1533864658305168,-2,0,-2,8,12,-2,-3,-1
1533864658318118,-2,1,-1,-27,-21,-2,-1,-1
1533864658318118,0,2,2,18,18,1,-2,-2
1533864658325100,-3,-3,-4,-12,-16,-3,-2,-1
1533864658325100,1,0,0,-3,-4,-3,0,-1
1533864658340063,-2,-3,-6,-8,6,-2,-1,0
1533864658340063,-2,-3,-1,9,0,-1,-3,-1
1533864658347041,0,0,2,6,-12,0,0,-1
1533864658347041,0,-1,-1,9,6,-1,1,-3
1533864658363996,-2,-2,-4,0,0,0,-2,-2
1533864658363996,-2,-3,-3,-7,-2,-3,0,-2
1533864658364994,1,2,4,-6,-13,0,1,0
1533864658364994,4,-3,-5,-10,16,0,0,-1
1533864658377964,-10,-7,-7,4,-4,-6,-6,-4
1533864658377964,-1,1,1,14,-1,2,-1,-2
1533864658384940,0,1,0,9,5,0,0,3
1533864658384940,-2,-1,-5,-24,-9,-2,-2,-3
1533864658399903,0,0,1,-6,-12,-1,1,0
1533864658399903,1,-1,0,2,-2,-2,0,0
1533864658406884,-3,-3,-3,0,3,-1,-1,-1
1533864658406884,0,-3,1,2,-2,0,-1,0
1533864658423839,1,-1,-1,-7,-3,1,-2,0
1533864658423839,-2,-2,-1,10,3,-3,-2,-3
1533864658424834,1,-1,-2,-9,-6,1,1,0
1533864658424834,-1,0,0,15,2,-1,-3,-1
1533864658437802,-2,-2,-3,-18,-6,-1,1,-3
1533864658437802,0,0,1,5,8,0,2,0
1533864658444780,1,2,1,12,1,-2,-1,0
1533864658444780,-6,-4,-6,22,15,0,-3,-2
1533864658460736,-2,1,-1,-7,-17,-4,-2,-2
1533864658460736,2,-1,3,9,15,1,0,0
1533864658466725,-4,-2,-5,-5,-27,-7,-3,-2
1533864658466725,-2,-1,3,5,-4,2,0,-1
1533864658483676,0,1,-1,10,11,2,-1,3
1533864658483676,0,1,-1,-2,-4,0,-2,1
1533864658485670,4,0,4,15,14,1,1,-2
1533864658485670,4,12,4,-24,-11,-1,2,3
1533864658497641,1,-14,1,-22,12,4,2,-2
1533864658497641,-12,-19,-14,10,-30,-12,-9,-7
1533864658504623,-7,-17,-8,5,6,-4,-4,-5
1533864658504623,-2,-3,-2,-8,-8,0,0,-2
1533864658520580,2,6,1,0,4,1,1,2
1533864658520580,5,9,5,5,10,4,4,2
1533864658527567,3,5,4,3,13,2,1,0
1533864658527567,-4,0,-7,-30,-16,-7,-4,-1
1533864658543519,-1,5,3,19,16,1,-2,-1
1533864658543519,-6,-8,-10,-17,-34,-7,-4,-4
1533864658545511,-6,-1,-4,-1,-3,-4,-4,-2
1533864658545511,2,1,2,-10,2,-1,0,0
1533864658557478,-4,-3,-2,3,5,2,-4,-1
1533864658557478,1,2,3,-3,0,1,1,1
1533864658564461,6,4,2,-10,0,4,3,1
1533864658564461,-9,-9,-5,21,-2,-8,-6,-4
1533864658580417,-2,-1,0,2,-8,0,-1,2
1533864658580417,0,-1,-5,-68,-36,-5,0,1
1533864658587399,-1,-4,-4,-2,-3,2,0,-1
1533864658587399,3,-2,1,13,27,4,-1,-2
1533864658603390,0,-1,-1,-7,-21,-7,-5,-5
1533864658603390,-6,-3,-5,-27,2,-2,-2,-1
1533864658605351,-6,-4,-6,24,15,1,-3,-2
1533864658605351,7,5,10,12,8,5,9,6
1533864658624333,-10,-6,-13,20,-10,-10,-11,-6
1533864658624333,7,4,9,31,14,10,6,3
1533864658633292,5,-4,-3,-50,-11,-3,1,7
1533864658633292,-13,-6,-6,20,8,0,-4,-12
1533864658648239,1,2,0,-25,-19,-4,1,0
1533864658648239,2,0,3,30,28,-1,1,3
1533864658650231,-4,3,2,-3,-16,0,-3,-10
1533864658650231,7,-1,1,-6,2,2,-2,12
1533864658671178,0,2,3,-14,13,2,-3,-12
1533864658671178,-4,-4,-4,15,-7,-3,-5,-4
1533864658672172,2,-3,-3,-6,5,-3,-1,-2
1533864658672172,1,-3,-2,-19,-14,-2,3,4
1533864658684143,-4,-2,-4,0,-1,-4,0,-1
1533864658684143,2,2,6,2,8,5,1,-2
1533864658694113,1,0,1,23,-5,-1,1,6
1533864658694113,-5,-4,-6,-24,-6,-4,-2,-5
1533864658708076,1,-1,-1,-1,-4,0,0,2
1533864658708076,0,2,1,9,8,-2,-2,-2
1533864658710071,-1,1,0,-2,-5,-4,-1,-1
1533864658710071,-1,-2,-4,-2,-14,-2,-5,-5
1533864658731014,1,-2,2,11,10,1,3,-2
1533864658731014,-3,-1,-3,-12,4,0,-2,4
1533864658733029,-6,-1,-4,-6,-11,-3,-4,-3
1533864658733029,0,0,1,6,-4,-1,-3,-2
1533864658744983,3,0,-1,-5,0,0,2,5
1533864658744983,-2,-2,-3,5,-3,-8,-3,-4
1533864658753990,-2,1,2,-2,-6,1,1,-1
1533864658753990,1,-1,-1,-5,4,1,0,0
1533864658768917,-1,-2,-1,2,-2,1,0,3
1533864658768917,-3,0,-5,-2,-6,-2,-3,-2
1533864658769912,0,-2,0,2,13,1,-1,-1
1533864658769912,-1,-4,-1,-2,-10,-2,-2,-2
1533864658790854,0,3,1,3,-1,-6,-1,0
1533864658790854,-3,-5,-9,-5,6,0,-1,-2
1533864658792850,-2,0,4,9,-12,-3,1,-1
1533864658792850,-3,-4,-6,11,2,-2,-4,-3
1533864658805019,4,7,1,-21,0,2,0,2
1533864658805019,-3,-4,5,27,27,1,3,1
1533864658813800,-4,-21,-10,-3,-23,-3,-5,-4
1533864658813800,6,5,8,20,0,6,2,0
1533864658828782,-7,-6,-14,-25,-12,-7,-5,-2
1533864658828782,1,6,5,1,0,4,0,-2
1533864658829753,0,-3,-2,-29,-27,-4,-1,0
1533864658829753,-2,-1,-1,6,3,-5,-1,-1
1533864658850694,4,1,3,1,-1,4,1,1
1533864658850694,3,3,1,6,5,-4,-1,-3
1533864658852689,-2,3,-2,7,21,1,-1,-2
1533864658852689,0,1,-1,-28,-22,1,0,2
1533864658864657,0,-2,0,18,3,-2,0,-2
1533864658864657,-5,-5,-6,-32,-3,1,0,0
1533864658873633,4,6,4,15,0,3,1,0
1533864658873633,1,0,-2,-55,-1,-3,-3,0
1533864658888593,-7,-6,-8,31,13,-5,-4,-4
1533864658888593,-1,-4,1,26,9,1,-1,-1
1533864658890592,0,1,-2,-30,-28,-6,-3,-1
1533864658890592,-6,0,-2,-16,-15,-2,-1,-1
1533864658911538,-1,-6,2,44,13,2,0,-4
1533864658911538,-2,-3,0,9,-1,0,1,1
1533864658912529,0,2,-4,1,26,0,-2,-2
1533864658912529,3,0,6,10,23,2,3,-1
1533864658933473,0,-1,-4,-40,-34,-5,-3,-3
1533864658933473,0,3,4,56,27,2,1,-1
1533864658935469,4,4,-2,-32,-4,2,3,9
1533864658935469,-10,-7,-11,16,-11,-9,-7,-8
1533864658948647,2,3,8,32,21,5,0,-1
1533864658948647,-3,-4,-6,-60,-31,-4,-3,-1
1533864658950428,-3,-2,2,-14,3,1,3,-2
1533864658950428,2,-2,0,6,-6,0,2,1
1533864658971375,-2,2,0,-11,3,-1,-3,-4
1533864658971375,3,-2,-2,-2,-10,-3,3,2
1533864658972369,0,0,-3,6,11,-1,-8,-4
1533864658972369,-3,-2,-4,4,-17,-3,-2,-2
1533864658993313,-1,-1,1,18,1,1,1,0
1533864658993313,0,-1,-3,-42,-18,-2,-4,-1
1533864658995309,1,0,3,14,6,-2,2,1
1533864658995309,-4,-1,-5,-5,10,-4,-3,-3
1533864659008280,-2,-4,-2,-26,-12,-4,-1,1
1533864659008280,1,2,0,20,-8,0,-2,0
1533864659010267,-1,-1,-2,12,8,-3,-2,-4
1533864659010267,0,1,-1,-13,2,4,0,-2
1533864659031211,1,-2,-3,-15,0,0,0,3
1533864659031211,0,-1,-2,3,3,-3,-2,-1
1533864659032209,-4,-2,-2,7,6,-2,-1,-3
1533864659032209,-2,-1,-1,16,2,-3,-1,-1
1533864659054150,0,-2,-2,-15,3,4,1,1
1533864659054150,-1,0,1,6,-6,-4,-2,-2
1533864659055148,-2,-2,-2,-1,-11,-3,-2,-3
1533864659055148,1,1,0,-4,0,-1,0,0
1533864659068112,1,-3,-3,8,2,-1,0,3
1533864659068112,-3,-2,-2,-11,-5,-2,-2,-4
1533864659075095,-3,1,1,4,-2,-1,-1,0
1533864659075095,2,2,3,0,2,2,-1,0
1533864659091051,-3,-3,-2,-8,-2,-3,-3,-5
1533864659091051,-5,-6,-5,-1,-7,-1,-5,-3
1533864659093047,-1,-1,-2,5,-2,-4,1,0
1533864659093047,1,3,1,16,10,2,-1,0
1533864659112996,-1,7,3,12,1,1,1,0
1533864659112996,-3,-10,-4,10,5,-2,-1,-3
1533864659114988,-4,-14,-8,-32,-8,-7,-4,-5
1533864659114988,2,1,2,-6,6,1,3,2
1533864659127956,0,2,-2,-16,-7,-9,-1,-2
1533864659127956,-4,5,-4,33,22,1,-2,-2
1533864659134937,-3,-6,-3,-8,-43,1,1,-2
1533864659134937,0,-4,-1,16,4,0,-1,-2
1533864659151104,3,10,4,-47,-18,-1,1,1
1533864659151104,7,4,8,15,27,7,2,-2
1533864659152886,2,-3,-3,-13,2,0,1,0
1533864659152886,-11,-13,-11,-17,-17,-10,-6,-5
1533864659173833,1,-1,2,30,13,2,-2,0
1533864659173833,-1,3,-2,-33,-20,-7,-3,0
1533864659174827,2,7,4,16,19,8,0,2
1533864659174827,0,1,0,9,1,2,0,0
1533864659187793,-3,-7,-5,1,-2,-3,-2,-2
1533864659187793,-1,-1,-2,-10,-8,-2,-1,-2
1533864659194775,0,4,3,4,3,0,-3,-1
1533864659194775,0,0,3,6,-5,3,1,2
1533864659210732,-6,-6,-7,-13,-6,-6,-3,-3
1533864659210732,-1,-2,1,-9,-13,1,-1,-1
1533864659212729,2,2,3,-6,18,2,2,0
1533864659212729,-5,-4,-6,48,-7,-3,-7,-5
1533864659233670,2,-4,-5,-75,-5,0,0,0
1533864659233670,-7,-7,-9,29,-4,-6,-5,-2
1533864659234668,4,4,4,-31,-24,3,1,1
1533864659234668,0,-1,-4,11,-9,-3,-1,0
1533864659247662,-3,-2,4,44,28,5,2,0
1533864659247662,5,2,4,-5,24,4,1,-1
1533864659254615,-5,-2,0,11,-8,-6,-3,-1
1533864659254615,7,4,8,-40,26,6,2,0
1533864659271695,-4,-9,-14,11,-36,-12,-7,-3
1533864659271695,-7,-3,-5,1,4,-4,-5,-4
1533864659272567,3,2,3,17,4,3,1,-2
1533864659272567,-4,-1,-4,7,10,-1,6,1
1533864659293514,-1,1,2,-1,-1,3,-3,-4
1533864659293514,4,1,2,6,7,0,2,2
1533864659295505,-3,-2,-3,1,-20,-2,-4,-4
1533864659295505,1,-1,-5,-56,-12,-3,-1,0
1533864659316454,-6,-5,-3,12,-2,-5,-5,-3
1533864659316454,-1,1,-1,-19,-18,-2,5,2
1533864659317446,-2,-1,0,26,23,-2,-5,-2
1533864659317446,2,2,6,-6,0,1,0,1
1533864659331592,-4,-3,-5,4,-16,-3,-1,0
1533864659331592,-2,-3,0,-1,0,-2,-3,-3
1533864659332405,-5,-5,-8,-7,1,-6,-2,0
1533864659332405,-1,-2,-5,18,-10,-5,-2,-2
1533864659353350,2,1,4,0,17,4,2,0
1533864659353350,2,0,0,-26,-21,-2,-1,1
1533864659355345,-2,-1,-4,31,10,-1,-1,-2
1533864659355345,-1,-3,-2,-20,1,-3,-5,-3
1533864659368349,-1,0,0,10,-2,1,2,-1
1533864659368349,-2,-2,-3,-11,-4,2,0,-1
1533864659374294,-1,-1,1,-2,4,0,-1,-1
1533864659374294,-2,-1,-4,11,-6,-3,-3,-3
1533864659391249,0,0,0,-7,-3,-2,1,0
1533864659391249,1,-1,-2,-6,-5,0,-3,-3
1533864659392276,0,-3,-3,-8,3,1,2,1
1533864659392276,-3,-3,-1,6,1,-1,-1,0
1533864659413193,0,1,1,5,3,0,-2,-1
1533864659413193,0,-1,0,3,-6,-8,-3,-2
1533864659415202,-3,-3,-4,-4,-1,-4,-2,-2
1533864659415202,-1,3,-1,-6,-8,-2,0,-3
1533864659427164,0,2,1,3,0,-1,1,1
1533864659427164,-3,-2,-1,3,2,1,-2,-1
1533864659436131,-1,-1,0,0,5,0,0,0
1533864659436131,4,0,3,-26,6,4,0,-1
1533864659451091,-12,-12,-12,-5,-12,-13,-6,-3
1533864659451091,0,3,1,8,-2,4,1,-2
1533864659453083,-3,1,0,-1,-4,-2,-1,1
1533864659453083,0,-7,-2,53,20,3,-2,-3
1533864659473029,1,6,-1,-14,-8,0,0,-1
1533864659473029,1,-4,-2,-9,-7,0,-1,0
1533864659475025,-6,-4,-3,-5,4,-1,-2,-3
1533864659475025,0,7,4,10,9,1,2,1
1533864659486992,2,-3,0,-30,-13,0,2,1
1533864659486992,-6,-6,-4,3,-14,-9,-4,-4
1533864659495972,5,8,4,-9,15,10,0,-1
1533864659495972,-6,-7,-3,7,-35,-9,-4,-3
1533864659510928,3,2,1,1,14,4,0,-1
1533864659510928,2,-2,0,-10,-4,1,2,2
1533864659512924,-1,-3,-3,3,-5,-6,-2,-3
1533864659512924,-3,-2,-6,-16,2,1,-1,-1
1533864659533868,1,5,3,13,-1,2,0,0
1533864659533868,-4,-3,-3,8,14,3,1,-4
1533864659534864,0,-4,0,-6,-17,-6,-2,-3
1533864659534864,-3,-1,-2,-10,1,2,0,-3
1533864659546866,1,0,3,15,4,1,1,1
1533864659546866,2,2,-2,-15,18,0,-1,0
1533864659555996,-6,-5,-10,-28,-27,-11,-4,-4
1533864659555996,-7,-3,-5,-18,-16,-4,-1,-1
1533864659570768,0,-3,1,-7,-3,0,0,-1
1533864659570768,-2,-1,-1,18,16,-2,-2,1
1533864659572764,4,2,5,24,-3,4,2,1
1533864659572764,9,3,5,-22,3,1,1,2
1533864659593707,-13,-7,-11,19,9,-9,-7,-6
1533864659593707,-3,1,2,-20,-48,-4,-4,5
1533864659594721,-1,-5,-4,-6,27,1,-1,0
1533864659594721,2,0,3,-1,0,3,1,1
1533864659606676,3,0,2,61,15,0,0,-2
1533864659606676,-3,-5,-13,-49,-1,-9,-5,-1
1533864659616646,-10,-2,-1,40,-9,-5,-5,-4
1533864659616646,3,1,6,-5,15,5,0,-1
1533864659630645,5,2,1,7,2,3,2,3
1533864659630645,-1,0,-1,12,10,0,1,5
1533864659632603,4,2,3,0,-11,1,-2,-9
1533864659632603,-6,-7,-14,-28,-30,-9,-6,-2
1533864659653576,0,-3,-2,-28,23,-1,-1,-6
1533864659653576,1,-2,1,15,-23,0,2,-1
1533864659654545,-1,-1,-2,-3,11,4,3,1
1533864659654545,2,2,3,18,10,3,-1,2
1533864659667510,-3,-2,-1,-20,-19,-1,-1,0
1533864659667510,0,1,1,5,11,1,-1,-5
1533864659676485,0,-1,-2,-5,0,-1,1,4
1533864659676485,-3,-3,-4,26,-6,-6,-2,-7
1533864659691445,-1,-3,-1,-11,2,-2,0,2
1533864659691445,2,1,1,-4,-4,-1,-1,-4
1533864659692443,1,2,-1,-14,-4,0,-3,-1
1533864659692443,-4,-2,-4,3,4,-3,-1,-1
1533864659713387,-1,-2,0,-9,-4,1,-1,-2
1533864659713387,1,0,0,4,2,1,0,-2
1533864659715382,0,-3,-2,-7,-6,-4,-2,-1
1533864659715382,-1,-1,-2,1,4,-3,-2,-1
1533864659727366,2,0,0,-5,0,-1,0,0
1533864659727366,-1,-4,-1,5,2,-1,-4,-4
1533864659736326,-3,-1,-2,-2,-1,3,3,4
1533864659736326,-2,-1,-1,-1,-8,-3,-2,-1
1533864659751285,-3,-1,-4,-4,-9,2,0,0
1533864659751285,-1,5,-7,3,5,-5,-4,-1
1533864659752283,-2,-14,5,-1,4,-1,0,-1
1533864659752283,2,-2,1,-1,-2,0,0,0
1533864659773227,-1,1,-2,1,14,2,-1,-2
1533864659773227,-2,-3,-1,-4,-15,-3,-2,-3
1533864659775223,-1,1,-4,38,4,-4,-3,-2
1533864659775223,-2,0,-5,-36,0,-1,-1,-1
1533864659787343,1,-1,3,-8,-5,-1,-1,1
1533864659787343,4,5,7,-10,11,8,3,0
1533864659796166,-1,1,-7,42,17,-5,-1,-1
1533864659796166,-9,-18,-9,24,3,-5,-4,-3
1533864659811142,2,3,6,26,40,6,-2,-3
1533864659811142,-8,2,-8,-54,-68,-19,-3,0
1533864659812139,1,2,7,-23,-7,4,0,1
1533864659812139,2,4,-28,-2,8,3,0,0
1533864659833096,-1,-6,21,-4,-7,1,1,1
1533864659833096,1,-5,4,36,31,6,0,-1
1533864659835070,-1,7,-2,-10,-11,-4,-3,0
1533864659835070,-1,2,-2,-8,-11,-6,-4,-2
1533864659847029,2,3,-5,-3,-7,-1,-2,-2
1533864659847029,1,-6,-43,-2,6,-1,-3,-3
1533864659856006,-4,-3,1,-22,-11,-5,0,6
1533864659856006,-1,-1,10,11,8,2,-4,-14
1533864659871170,-3,-2,-3,-5,-15,-5,-2,-1
1533864659871170,-1,-5,-12,1,8,0,-2,-2
1533864659872960,0,2,-53,-1,10,1,-3,-4
1533864659872960,-5,4,97,8,-24,-6,-3,4
1533864659893905,-5,-2,-8,-16,-10,-4,-2,-1
1533864659893905,-2,-2,11,5,11,0,3,0
1533864659894903,-7,-3,-3,-11,6,-3,-4,-2
1533864659894903,5,5,-15,2,-12,1,4,2
1533864659915845,-3,-2,-4,-6,-15,-6,-2,-2
1533864659915845,3,-1,-18,18,4,3,0,1
1533864659917842,0,8,-1,11,7,-5,-2,-5
1533864659917842,-6,-8,-17,16,7,-2,-3,-2
1533864659930805,1,2,4,-35,4,6,2,3
1533864659930805,-5,-8,-15,-26,-10,-3,-5,-3
1533864659932800,-1,-3,5,-19,-29,0,0,-2
1533864659932800,-1,-2,-10,-11,11,0,-1,-3
1533864659953961,-4,-3,-11,37,15,-2,-3,-3
1533864659953961,-2,3,20,-8,-20,-2,0,6
1533864659954741,1,-5,11,-5,0,1,-1,-8
1533864659954741,0,1,-5,-19,-2,-1,-1,1
1533864659975685,2,3,-48,-3,-8,-3,0,-2
1533864659975685,-2,-13,38,12,16,1,0,-1
1533864659977680,-1,-4,10,-2,-5,-1,-1,1
1533864659977680,-1,-8,-80,5,-6,1,-2,-3
1533864659990645,2,7,45,9,-2,-1,1,1
1533864659990645,0,5,8,8,9,-1,-2,-4
1533864659997626,-5,-4,4,5,-6,-5,-1,1
1533864659997626,-4,-11,-54,5,6,-4,-3,-2
1533864660013583,-1,0,-57,-38,-10,1,-1,-1
1533864660013583,-4,2,13,10,12,-2,-4,-4
1533864660015578,0,0,19,-46,-25,-2,2,2
1533864660015578,1,7,21,-15,-21,-2,2,1
1533864660036531,-4,-9,-5,33,-6,-7,-3,-4
1533864660036531,2,-1,-5,-15,3,1,-2,-3
1533864660037525,1,0,-29,-9,3,2,-2,-2
1533864660037525,-2,2,13,-3,10,0,-1,1
1533864660049506,-1,1,14,-1,-2,0,1,0
1533864660049506,-3,-1,4,5,-2,-1,0,-3
1533864660058465,0,-1,10,12,11,0,-1,-1
1533864660058465,0,-1,-44,10,2,1,2,1
1533864660073427,-3,-5,42,6,1,-2,-2,-1
1533864660073427,-3,9,-19,-2,-3,-2,-1,-4
1533864660075419,-4,-14,-3,-3,-5,-3,-2,-2
1533864660075419,0,1,11,-3,1,1,1,1
1533864660096366,-3,-5,-18,-10,-7,-2,-2,-2
1533864660096366,-1,0,-7,-1,-5,-2,-2,-2
1533864660097373,3,6,9,8,-7,2,1,0
1533864660097373,-3,-3,21,11,21,-3,-5,-3
1533864660109329,2,2,4,-3,16,2,1,1
1533864660109329,-2,-8,22,-28,-38,-5,-1,0
1533864660118307,-1,-1,-16,-1,9,-3,-4,-2
1533864660118307,0,1,22,5,-1,2,1,-2
1533864660133264,-3,0,14,1,-6,0,-2,0
1533864660133264,3,1,-5,5,25,3,2,1
1533864660135258,2,8,48,-3,-6,0,-1,0
1533864660135258,-2,0,16,-12,-1,-1,-2,0
1533864660156202,0,0,-7,12,-1,0,0,-3
1533864660156202,-1,1,-9,-12,-3,-1,-2,-2
1533864660157200,-1,-20,-7,3,5,-2,-2,0
1533864660157200,-3,0,-23,5,2,0,-1,-2
1533864660170168,-2,-1,13,-1,-9,-4,-2,-3
1533864660170168,2,-1,0,26,6,0,3,2
1533864660179143,-6,-4,-27,-41,-19,-6,-5,-4
1533864660179143,-4,0,7,-8,-7,0,-2,-1
1533864660194116,-1,-8,-20,0,-6,-1,-2,-1
1533864660194116,0,3,1,-17,-1,0,-1,0
1533864660195099,4,7,-4,21,7,-2,0,0
1533864660195099,0,-5,1,-10,-10,-5,-3,-2
1533864660216046,-1,-1,0,1,5,-2,-3,-4
1533864660216046,-2,23,-18,6,0,-2,-1,-4
1533864660218041,0,-6,7,5,6,5,1,1
1533864660218041,0,0,8,2,-5,-6,0,-2
1533864660230008,-3,-2,4,-2,-4,-4,-1,-2
1533864660230008,0,-3,-7,6,4,3,0,-1
1533864660238981,-2,1,-16,-22,-1,0,-1,-3
1533864660238981,1,1,9,5,-4,-2,-1,-2
1533864660253944,0,-4,-42,-5,-4,3,0,-1
1533864660253944,0,-1,64,3,-5,-5,0,1
1533864660254939,-3,3,-12,7,8,2,0,-3
1533864660254939,3,2,-46,6,11,2,0,0
1533864660275882,-6,-6,20,-2,0,-3,-1,1
1533864660275882,-3,-8,-19,1,-2,1,-2,0
1533864660277878,2,2,10,29,-4,-2,0,0
1533864660277878,-2,4,6,-41,7,1,-2,-2
1533864660290842,-1,-3,-12,2,-5,-3,-2,-2
1533864660290842,-3,-8,-11,1,0,-2,-4,-1
1533864660296830,-1,0,-9,-2,3,1,0,1
1533864660296830,-1,-1,8,7,-5,-1,2,1
1533864660313781,-1,2,5,-2,4,1,0,1
1533864660313781,-1,-6,3,-8,-7,-2,1,-1
1533864660314796,0,3,5,10,-13,-2,-2,-2
1533864660314796,-6,-6,15,4,-5,-6,-3,0
1533864660335722,2,5,37,-6,-2,0,-2,0
1533864660335722,-3,-3,-41,3,1,-3,-3,-4
1533864660337717,2,4,44,1,9,-1,2,2
1533864660337717,-1,-1,11,8,-1,3,0,1
1533864660358661,-1,11,-14,-7,11,2,-1,-1
1533864660358661,-2,-2,8,15,-2,-4,0,-1
1533864660359659,-2,6,-12,-17,-13,-5,-1,-1
1533864660359659,0,-4,5,5,1,2,-1,0
1533864660373627,-1,1,-4,-4,-10,-3,-3,-2
1533864660373627,5,-7,-23,12,12,5,-1,-1
1533864660374620,-1,6,0,10,17,-2,-3,-3
1533864660374620,-9,-2,-1,1,5,-4,-3,-1
1533864660395563,-9,-32,-16,-4,-37,-6,-4,-4
1533864660395563,-2,-4,14,-5,-1,-1,1,0
1533864660397557,-2,8,-37,-14,10,-2,-3,-2
1533864660397557,8,11,52,-7,5,5,3,4
1533864660409527,-3,-10,67,13,4,-1,-1,-3
1533864660409527,-2,-3,0,22,-3,-5,-2,-2
1533864660424485,-5,-1,-9,-1,-5,-2,-4,-3
1533864660424485,1,0,-11,25,6,2,0,-1
1533864660433462,1,1,-39,-19,-3,-1,1,-1
1533864660433462,5,10,45,16,8,2,2,1
1533864660435458,0,-7,15,-28,7,-2,-1,-2
1533864660435458,-9,-5,-10,-24,-30,-5,-3,-4
1533864660456403,3,4,4,5,7,2,2,1
1533864660456403,-6,-4,-27,2,13,-3,-3,-2
1533864660457407,3,-1,35,18,-8,3,2,1
1533864660457407,-3,-19,9,11,11,-5,-2,-3
1533864660469366,5,16,41,-22,-12,3,3,2
1533864660469366,-6,-5,-2,2,2,-6,-5,-4
1533864660478340,-3,-11,-11,10,6,4,1,-1
1533864660478340,1,2,-7,-4,-3,-5,-2,-2
1533864660493301,2,1,-12,37,26,2,1,0
1533864660493301,-3,-6,-10,-30,-23,-5,-2,-1
1533864660495297,2,-1,7,4,-3,4,2,2
1533864660495297,4,12,-25,9,24,0,-2,-3
1533864660516239,-6,-4,-24,-26,-65,-9,-5,-4
1533864660516239,4,1,-25,-16,11,5,1,0
1533864660517237,-6,-5,3,1,-5,-4,-2,-2
1533864660517237,-4,-4,-2,13,8,-3,-2,-2
1533864660530206,2,6,34,15,11,3,2,3
1533864660530206,2,2,6,-15,-10,4,2,0
1533864660538181,-2,-3,-13,-13,10,-5,-4,-3
1533864660538181,1,-1,6,17,-24,-1,-1,1
1533864660553343,1,-1,-6,0,13,-4,-1,-1
1533864660553343,-4,0,-8,4,11,-4,-3,-1
1533864660554139,3,-14,3,-33,-20,5,3,4
1533864660554139,-1,-2,8,35,11,-1,0,0
1533864660575083,0,-1,-28,-43,0,-1,-2,-1
1533864660575083,-4,-2,6,45,5,-2,-2,-1
1533864660576096,3,6,15,15,17,4,3,0
1533864660576096,1,2,84,-33,-17,-3,1,0
1533864660598128,-4,-1,5,10,0,0,0,-2
1533864660598128,-1,6,-23,-20,7,0,-2,0
1533864660599019,-6,-5,37,12,-12,-5,-2,-2
1533864660599019,0,-8,-33,-21,-5,1,0,0
1533864660612985,0,6,-12,13,10,-2,-1,0
1533864660612985,-4,-15,15,-9,-7,-1,-1,0
1533864660613997,-2,-4,-36,7,-5,-2,-3,-3
1533864660613997,2,-5,-75,-10,-2,2,-2,-2
1533864660634925,-4,-3,-4,-1,5,1,-2,-3
1533864660634925,0,0,-8,-13,-10,-3,-2,0
1533864660635919,-1,0,-8,-1,-8,-3,-2,0
1533864660635919,1,-6,-42,-13,6,1,-2,-2
1533864660657871,-2,-3,-6,5,-5,-4,-1,-1
1533864660657871,-1,4,8,-3,-4,2,3,0
1533864660658858,0,-1,-12,1,0,-1,-2,-1
1533864660658858,1,0,-3,-10,-12,-2,0,0
1533864660672821,-2,5,-70,-5,3,-2,-4,-8
1533864660672821,-3,-9,27,6,-8,0,-1,0
1533864660673819,0,4,31,-3,5,0,0,0
1533864660673819,-1,1,13,-2,-2,-2,-2,-2
1533864660703738,3,3,-1,2,1,-2,1,1
1533864660703738,2,-2,5,-20,1,-2,-4,-1
1533864660703738,-7,-3,-44,6,3,-4,-1,-3
1533864660703738,-4,-4,16,12,7,1,-2,0
1533864660717714,2,-3,15,0,6,3,0,-1
1533864660717714,-2,-8,-17,23,-10,-5,-3,-4
1533864660718698,-2,0,-11,-46,-7,-5,-3,1
1533864660718698,0,3,4,0,1,1,0,-1
1533864660732664,-7,-8,3,-6,-22,-7,-4,-1
1533864660732664,3,-1,11,6,7,4,-1,0
1533864660733659,4,4,-7,8,3,4,0,-1
1533864660733659,0,3,8,-1,3,1,1,0
1533864660755797,1,3,15,0,-1,-2,2,4
1533864660755797,-4,0,-12,-2,-8,-4,-2,-1
1533864660755797,-2,5,-14,4,-1,-3,-4,-3
1533864660755797,1,15,12,-9,-3,-2,-2,0
1533864660777541,1,-5,-6,4,3,0,-2,0
1533864660777541,-2,5,54,-10,-3,0,0,-1
1533864660778538,2,0,7,12,18,1,1,1
1533864660778538,-8,-8,-23,13,-16,-6,-6,-4
1533864660792515,0,2,57,-8,-1,0,1,0
1533864660792515,-3,2,-4,-3,16,2,3,0
1533864660793510,-1,-1,-5,35,0,1,-2,-2
1533864660793510,1,-3,-7,-40,-10,4,1,-1
1533864660815440,-3,-8,-17,-8,-28,-5,-1,-1
1533864660815440,0,-1,-7,38,4,0,-1,-2
1533864660816439,-8,-8,1,-35,-15,-7,-3,-4
1533864660816439,5,-6,-34,16,33,6,2,0
1533864660837395,-5,-3,-8,-6,-27,-3,-2,-2
1533864660837395,1,1,-7,-18,8,1,1,-2
1533864660838378,4,0,0,35,14,3,0,1
1533864660838378,-6,-18,12,-9,-21,-8,-4,-4
1533864660852341,-1,0,-6,-14,2,1,-2,0
1533864660852341,1,1,-13,-10,-5,-2,0,0
1533864660853338,-5,-10,-17,7,-8,-3,-2,-1
1533864660853338,1,7,1,-4,7,0,1,0
1533864660875293,-1,-9,15,12,19,-1,-1,0
1533864660875293,-1,-1,37,1,-17,-4,-2,-1
1533864660876277,-3,0,0,-17,2,0,-1,-1
1533864660876277,2,3,8,-3,-8,3,1,1
1533864660898218,-5,-3,-11,0,10,-3,-4,-4
1533864660898218,-1,0,-23,10,19,-1,-3,-1
1533864660898218,-3,-2,-1,-11,-41,-7,-3,-4
1533864660898218,0,20,22,-4,3,-6,-3,-2
1533864660913276,3,-5,-40,1,-2,1,1,0
1533864660913276,-4,-3,-2,-2,10,1,-1,-1
1533864660913276,-2,-4,11,-15,-1,4,0,0
1533864660913276,-5,-3,3,1,-15,-3,-3,-2
1533864660935122,2,11,-63,1,11,2,-3,-3
1533864660935122,-1,-1,7,-9,-12,-1,-1,0
1533864660936116,1,0,0,-11,-1,3,1,1
1533864660936116,-3,-8,-17,8,-1,-2,-1,-2
1533864660958064,-1,-4,5,2,9,0,-2,1
1533864660958064,-1,-4,-16,-11,-8,-1,-1,-1
1533864660958064,-2,0,-4,4,0,-4,-1,-2
1533864660958064,1,-3,2,6,5,0,0,1
1533864660981000,-2,1,21,3,2,0,0,-1
1533864660981000,-1,3,-4,-15,-16,-4,-3,-1
1533864660981994,1,-2,-3,0,5,-1,-1,-4
1533864660981994,2,4,-60,-2,5,-3,-5,-4
1533864660994996,-2,8,102,3,3,-1,3,2
1533864660994996,-3,-1,-11,0,-8,1,1,-1
1533864660995970,1,-1,-4,1,0,-2,0,-2
1533864660995970,1,-5,8,-6,-1,3,-1,-1
1533864661017899,-3,-5,-18,0,-3,-2,0,-1
1533864661017899,-4,-2,-6,0,-2,-1,-1,-1
1533864661018896,-3,-4,4,-4,6,0,-1,0
1533864661018896,-3,3,6,-16,-15,-8,-3,-1
1533864661040837,2,-4,-9,-12,16,6,1,-1
1533864661040837,-4,-5,7,9,0,-7,-5,-4
1533864661041834,-4,-7,-58,7,-34,-8,-4,-3
1533864661041834,0,-5,12,0,-6,2,1,-1
1533864661055796,-2,-3,-3,-1,10,-3,-2,-1
1533864661055796,-1,4,-5,-8,-14,-4,-4,-1
1533864661055796,-1,-4,3,-21,13,-1,1,1
1533864661055796,-1,9,0,2,-4,2,1,-1
1533864661077738,3,7,-2,-3,-4,0,-1,1
1533864661077738,3,-5,-8,6,5,-1,0,-3
1533864661078736,0,7,10,2,0,0,-1,-1
1533864661078736,-3,0,-13,10,7,-1,0,0
1533864661092699,-2,3,62,1,-4,2,0,0
1533864661092699,1,1,-6,-8,0,0,0,1
1533864661093696,1,0,7,6,1,0,-1,-2
1533864661093696,-2,-5,14,-9,1,-3,0,-1
1533864661115637,-2,-4,-29,-4,-3,-1,-2,-4
1533864661115637,5,-4,-70,5,10,-1,0,-2
1533864661116637,-5,10,80,28,9,0,-1,1
1533864661116637,-3,-6,2,-18,-16,-2,-2,0
1533864661137579,-3,-2,-9,24,5,-1,-4,-1
1533864661137579,-7,-20,12,-18,-24,-4,-2,-2
1533864661138576,1,-7,-39,-20,-14,0,-1,-1
1533864661138576,6,5,48,48,39,9,2,2
1533864661152567,-8,-6,-14,-13,-23,-10,-3,-2
1533864661152567,-4,6,11,19,24,-1,-3,-1
1533864661153561,6,-1,-11,4,10,1,0,-2
1533864661153561,-6,-9,2,-14,-30,-5,-3,-2
1533864661175479,7,3,-7,-42,-20,3,2,0
1533864661175479,2,4,18,8,13,-4,-1,-2
1533864661176474,-2,-4,-7,23,1,-2,-3,-2
1533864661176474,-1,-6,-12,0,8,-1,-1,0
1533864661197418,-2,-4,-11,3,4,1,-1,-1
1533864661197418,-5,-1,-13,-14,-20,-5,-4,-3
1533864661198415,1,0,5,3,3,2,0,1
1533864661198415,1,-2,-12,-5,6,0,0,-2
1533864661213376,-2,-4,-8,10,-6,-3,-3,-3
1533864661213376,-1,-2,5,16,2,2,-2,-1
1533864661213376,-2,-16,-3,-41,-6,-3,-1,-1
1533864661213376,-2,-1,-40,-14,-19,-4,-4,-2
1533864661235334,-3,2,52,4,2,-4,-1,-1
1533864661235334,2,3,9,-9,7,4,3,-2
1533864661236329,1,1,-5,7,8,-1,-1,-1
1533864661236329,-2,-1,-3,-5,-7,-3,-1,0
1533864661258256,2,-4,3,34,24,0,-1,0
1533864661258256,1,1,43,-43,-23,-2,1,0
1533864661259253,-1,9,35,10,3,1,-2,-2
1533864661259253,-5,-7,4,-2,6,-1,-3,-3
1533864661273215,0,3,-9,16,6,-1,-1,-1
1533864661273215,1,2,13,4,7,4,2,2
1533864661273215,-1,-2,-16,-7,-6,-1,-1,1
1533864661273215,-1,2,1,0,1,-2,-2,-1
1533864661295157,-2,-2,-16,-2,3,-3,0,-1
1533864661295157,0,2,-25,-6,-6,-2,-3,-1
1533864661296154,-2,0,-9,-7,0,-2,-2,-1
1533864661296154,-2,2,-33,6,4,0,0,-2
1533864661318142,-4,1,9,-12,-10,-3,0,-2
1533864661318142,-1,-1,2,1,-1,0,0,0
1533864661319093,-1,-2,0,7,2,-1,-1,-1
1533864661319093,0,3,-21,2,0,0,-3,-2
1533864661333092,-3,-7,-15,-12,-7,0,-1,0
1533864661333092,-2,-5,-4,4,-1,0,0,-1
1533864661334056,0,5,-4,-1,-1,0,-1,-1
1533864661334056,0,-2,11,-10,-1,-3,1,-1
1533864661354996,2,5,-24,-4,2,-3,-3,-2
1533864661354996,-2,-13,-6,18,-6,1,-2,-1
1533864661355993,-2,-1,-11,-23,-6,2,0,-1
1533864661355993,-3,-10,14,12,1,-9,-2,-2
1533864661377938,-13,-12,-19,-16,-12,-9,-6,-4
1533864661377938,5,12,-25,8,3,-2,-1,1
1533864661378932,4,-1,54,41,42,8,4,2
1533864661378932,-8,-8,4,-65,-71,-7,-4,-1
1533864661392894,0,-11,3,1,6,1,0,0
1533864661392894,-1,0,-23,9,3,-1,-2,-2
1533864661393892,-3,1,-16,3,-4,-5,-2,-2
1533864661393892,7,13,13,14,19,5,1,0
1533864661414838,2,-7,-34,-2,-2,2,1,-1
1533864661414838,0,3,12,-11,-11,0,-4,-1
1533864661415955,-1,-3,-13,-10,1,0,-1,0
1533864661415955,0,-2,17,13,11,2,0,-1
1533864661437971,-2,-1,-14,-7,-5,0,-1,1
1533864661437971,-2,-2,3,-3,12,-1,-1,-2
1533864661438790,0,0,-15,-8,-12,-5,-1,-3
1533864661438790,-2,8,-21,2,5,-4,-2,-3
1533864661451738,2,1,7,-7,-8,3,3,1
1533864661451738,-3,-1,4,23,5,-1,-1,-1
1533864661460713,-3,-3,2,-11,-17,-3,-2,0
1533864661460713,1,-2,5,14,20,3,1,0
1533864661475718,-1,6,33,3,-18,-4,-4,0
1533864661475718,1,-1,6,-74,-15,1,0,-1
1533864661476671,-8,-3,-27,22,-26,-11,-6,-5
1533864661476671,3,-1,19,-5,10,4,3,2
1533864661497615,-5,-3,-5,6,6,-8,-3,-5
1533864661497615,-5,5,0,-19,3,1,-1,-2
1533864661498613,4,-2,19,5,-4,2,3,1
1533864661498613,1,-3,2,7,33,7,2,0
1533864661512575,6,3,10,12,-1,3,-2,0
1533864661512575,-8,-2,-15,-28,-41,-11,-4,-2
1533864661520596,-4,-5,-11,-10,12,1,-2,-1
1533864661520596,2,13,-4,20,-10,-2,0,-1
1533864661535559,-1,-7,-11,3,11,2,-2,-2
1533864661535559,4,0,6,9,7,1,1,1
1533864661536523,-1,-1,-10,-8,-7,-1,-3,-4
1533864661536523,0,-9,-51,-16,-6,-2,-1,-3
1533864661557455,-3,4,-1,4,7,-1,0,-1
1533864661557455,-1,-4,-2,17,3,-3,-2,-3
1533864661558451,-1,-2,-2,-11,2,-2,-1,0
1533864661558451,-3,7,25,6,-4,-1,-2,-1
1533864661572415,1,1,-46,-14,-5,-3,-3,-2
1533864661572415,-2,-17,-47,22,8,0,-1,-1
1533864661580612,-3,-9,55,-3,6,0,2,1
1533864661580612,-4,-10,2,-6,-9,-3,-4,0
1533864661595426,0,-3,-2,7,1,1,1,-2
1533864661595426,2,3,10,-2,4,0,-1,1
1533864661596351,-4,5,-21,-3,-4,1,0,-2
1533864661596351,4,-6,-5,-3,-4,0,0,0
1533864661618295,-8,-3,19,0,2,1,-1,-4
1533864661618295,-2,-1,0,5,2,0,-2,-1
1533864661618295,0,1,-10,-6,8,-2,-4,-2
1533864661618295,-2,4,15,6,-2,-2,0,1
1533864661632366,4,6,-8,-5,-9,0,2,3
1533864661632366,-1,-7,10,1,0,3,0,0
1533864661640233,-6,-4,-27,-1,0,-3,-4,-7
1533864661640233,0,-8,29,-5,-2,-3,-4,-3
1533864661655206,1,2,9,1,0,-2,-2,-1
1533864661655206,-2,-11,1,2,0,-3,-2,-3
1533864661656207,9,14,2,24,13,6,2,5
1533864661656207,-5,-16,-17,-20,-10,-8,-3,0
1533864661678339,-8,-27,103,24,10,0,-1,-2
1533864661678339,-4,4,15,7,4,-3,-3,-2
1533864661679138,-3,-5,-15,-30,-32,-6,0,-1
1533864661679138,-1,10,-9,31,25,0,-1,-2
1533864661692095,7,10,-21,-26,2,2,3,2
1533864661692095,-1,-3,-6,21,7,2,1,1
1533864661700073,-1,2,13,0,-6,0,0,-1
1533864661700073,-2,-2,-13,-6,-7,-1,-1,-1
1533864661715036,-2,-3,-18,-3,2,0,-2,-2
1533864661715036,6,3,-45,8,2,1,2,-1
1533864661716031,1,1,-14,-19,10,0,1,1
1533864661716031,-8,-7,-2,-11,-38,-8,-1,-5
1533864661737975,1,4,26,8,10,0,-2,1
1533864661737975,-2,2,10,-10,-6,1,0,-1
1533864661738969,-2,-4,-2,13,-1,-1,-2,0
1533864661738969,1,13,-10,-1,14,3,-1,-2
1533864661760939,-3,-5,-54,1,-6,-2,-2,-1
1533864661760939,0,8,25,2,6,0,-1,1
1533864661761909,0,-4,-4,-21,2,0,-2,-2
1533864661761909,-5,0,29,28,13,-3,-2,1
1533864661775888,-9,-3,-31,-30,-22,-11,-7,-4
1533864661775888,6,5,13,10,-3,8,5,2
1533864661775888,-5,-4,-78,-16,-7,-10,-8,-6
1533864661775888,3,-6,11,-1,14,4,0,0
1533864661797856,-2,2,1,4,-6,-4,0,-1
1533864661797856,-1,-2,19,7,9,-2,1,0
1533864661798810,6,4,9,-17,-4,1,3,1
1533864661798810,-1,-7,-19,-8,-20,-1,-2,-3
1533864661820750,2,2,-1,30,45,4,-2,0
1533864661820750,-6,-1,-24,-34,-66,-7,-4,-3
1533864661821748,0,1,10,-15,-12,0,2,-2
1533864661821748,-5,-14,-61,-14,-8,-6,-4,-3
1533864661835710,0,1,10,13,6,1,1,0
1533864661835710,-2,-2,2,-11,20,-1,0,-1
1533864661835710,0,-1,19,30,8,0,-2,0
1533864661835710,-1,-4,5,-20,-13,-3,-1,0
1533864661857652,0,-1,-29,8,-5,1,2,-1
1533864661857652,-2,-12,1,-10,6,-1,0,0
1533864661858649,-8,-8,15,25,6,-4,-2,-2
1533864661858649,1,3,1,-11,1,0,-1,0
1533864661881588,-1,-1,-5,-1,-6,-1,-1,-1
1533864661881588,0,3,-3,-5,1,-2,-1,0
1533864661881588,-1,-1,5,-2,-1,0,0,0
1533864661881588,0,-2,-41,10,1,0,-1,-2
1533864661895554,-1,-2,27,-17,-22,-2,-3,-2
1533864661895554,0,3,6,15,14,0,-1,-2
1533864661896548,-2,-1,1,-12,-7,-3,-3,-2
1533864661896548,-1,3,0,-2,0,0,2,1
1533864661917492,-1,1,0,-4,2,-1,-1,-1
1533864661917492,-1,2,-5,-8,-1,-3,-2,-1
1533864661918502,5,2,-1,4,9,7,4,1
1533864661918502,-6,1,53,24,16,-2,-5,-2
1533864661941436,-2,0,0,-5,-28,-4,-1,0
1533864661941436,-4,-2,13,-5,-9,-4,-4,-3
1533864661941436,0,-12,-70,4,1,0,-4,-4
1533864661941436,-3,-2,9,-6,0,2,1,0
1533864661955390,1,1,-15,4,8,1,-1,0
1533864661955390,0,10,10,3,1,-2,0,-2
1533864661956387,-3,-3,2,3,-2,-2,-2,1
1533864661956387,0,-1,-1,-3,-2,-1,0,0
1533864661977346,-1,-3,-1,-11,-5,-1,-1,-1
1533864661977346,1,1,-29,-5,15,0,0,1
1533864661978328,1,6,50,14,-4,-3,-1,-2
1533864661978328,-4,-2,9,5,-3,-2,-2,-1
1533864662001266,2,6,11,-6,11,2,2,0
1533864662001266,-6,5,-15,-28,-22,-6,-4,-2
1533864662002265,-5,-3,34,30,17,0,0,-1
1533864662002265,1,-2,10,-4,-7,0,-2,-1
1533864662015231,2,-1,-8,-21,0,-2,-2,-2
1533864662015231,-3,-6,-14,11,-12,-1,-1,-2
1533864662016228,0,-1,-9,-12,2,0,-2,-2
1533864662016228,0,-5,-76,-3,-7,-1,-1,-3
1533864662038198,-3,0,23,7,7,-3,-2,-2
1533864662038198,0,-3,22,5,12,2,1,-1
1533864662039168,-3,5,15,-3,-7,-1,1,0
1533864662039168,0,-1,-3,-6,-4,-2,0,-1
1533864662061113,1,-3,-7,6,12,3,-1,0
1533864662061113,-1,-3,2,0,-1,-1,0,1
1533864662062105,-1,-2,-16,-3,-17,-4,-2,-1
1533864662062105,4,4,10,-18,1,1,0,-3
1533864662075071,-8,-4,-12,26,-2,-7,-3,-4
1533864662075071,-3,-4,8,-24,-5,2,-2,-2
1533864662076080,1,12,-15,-11,1,-5,-1,-2
1533864662076080,12,1,16,45,59,10,4,2
1533864662098012,-10,-5,1,-52,-75,-11,-3,-2
1533864662098012,-3,-7,1,27,18,-2,-4,-2
1533864662099006,-3,0,7,-28,-16,-2,-1,-1
1533864662099006,0,0,1,-6,-6,0,-1,1
1533864662120951,7,1,-7,7,17,5,2,1
1533864662120951,2,3,7,6,4,0,4,0
1533864662121945,-1,-7,-48,-3,-6,-2,-1,-1
1533864662121945,-3,1,45,3,-2,0,0,1
1533864662134914,-2,8,0,-2,6,0,-1,-2
1533864662134914,-2,-1,1,-3,-12,-8,-3,0
1533864662135908,1,-2,1,11,11,1,-1,-2
1533864662135908,-3,-4,-6,-13,-18,-5,-2,-3
1533864662157849,1,1,-4,5,9,1,-1,-2
1533864662157849,1,1,-11,1,4,0,-2,-1
1533864662158847,-3,-15,80,4,1,0,3,3
1533864662158847,-8,-2,-14,-10,-21,-5,-2,-1
1533864662181002,-1,2,38,5,1,-1,0,1
1533864662181002,0,-3,6,8,7,0,-1,-3
1533864662181787,1,8,44,-8,-3,-2,-2,-1
1533864662181787,-3,0,4,-5,-13,-2,-1,-2
1533864662195747,-1,-10,2,0,4,0,-1,0
1533864662195747,0,-3,-10,3,-1,1,-2,-2
1533864662195747,-1,1,-15,4,1,-2,-1,-1
1533864662195747,-2,-2,1,-6,-4,-3,-2,-1
1533864662217692,0,2,-20,3,6,1,0,0
1533864662217692,-1,2,-2,-2,-3,0,0,1
1533864662218686,-1,0,-23,-4,-11,-2,-2,-1
1533864662218686,0,2,1,0,0,0,0,0
1533864662240628,1,-3,-12,-2,12,0,-3,-2
1533864662240628,-4,-8,-6,-9,-1,0,2,-1
1533864662241626,-1,6,-6,-6,-17,-9,-3,-1
1533864662241626,-1,2,2,-4,-10,-1,0,-2
1533864662255591,-2,3,1,7,3,0,-1,0
1533864662255591,0,-18,-92,-4,-2,1,-3,-5
1533864662256586,-12,-20,-13,4,10,1,0,-4
1533864662256586,3,1,3,-3,-5,0,-1,0
1533864662277532,2,1,0,-3,3,2,1,1
1533864662277532,5,11,1,-19,-5,2,0,0
1533864662278526,0,0,-3,57,37,5,-2,-3
1533864662278526,-3,7,-28,-19,-16,-8,-4,-4
1533864662301466,-5,-11,-15,-46,-28,-5,1,1
1533864662301466,-3,0,24,-2,-9,-4,1,1
1533864662301466,2,-1,-21,-14,-6,1,0,1
1533864662301466,3,5,18,17,13,1,1,0
1533864662315462,4,2,-3,15,7,-5,-2,-2
1533864662315462,-3,-3,11,-5,-10,-3,-2,-1
1533864662316426,0,0,-2,-13,-1,-1,-3,0
1533864662316426,-1,-3,-8,12,11,1,-2,-1
1533864662338366,-3,1,6,-7,-6,2,-1,-1
1533864662338366,0,4,1,6,2,-3,0,0
1533864662338366,3,-4,2,-2,-8,3,4,1
1533864662338366,1,-6,-35,-25,4,-1,-1,0
1533864662360307,-8,-7,-9,47,5,-7,-3,-2
1533864662360307,1,5,23,50,38,3,-3,-2
1533864662368286,-4,2,-3,-45,-52,-2,-4,-1
1533864662368286,-3,-3,-4,-17,-13,-2,0,0
1533864662374308,10,2,3,-19,-7,6,4,0
1533864662374308,-8,-8,-9,1,6,-10,-4,-2
1533864662383246,-2,3,1,47,34,-1,0,-1
1533864662383246,0,-6,10,-23,-3,2,-1,2
1533864662398206,1,2,-4,0,4,0,0,-1
1533864662398206,5,3,18,41,43,6,1,3
1533864662398206,0,-2,-11,-94,-58,-6,-1,-2
1533864662398206,-8,-13,14,14,0,-5,-3,-3
1533864662421144,-3,-4,6,3,7,1,-1,-3
1533864662421144,2,3,3,-28,-33,1,3,1
1533864662422142,2,-1,3,20,24,2,0,1
1533864662422142,-1,0,5,20,17,-1,-2,-1
1533864662435107,0,-1,-6,-32,-16,-2,-2,-1
1533864662435107,-4,-5,2,12,-9,-3,-2,-2
1533864662443120,-2,1,-5,27,2,-3,-3,-1
1533864662443120,2,1,3,-15,-15,1,1,0
1533864662458045,-3,-2,-6,11,25,0,0,-1
1533864662458045,-1,0,-79,-67,-33,-6,-5,-4
1533864662459043,-3,-5,20,25,22,1,-1,-1
1533864662459043,-2,1,7,19,14,4,0,-1
1533864662480986,-4,-7,-2,-23,-37,-7,-3,-3
1533864662480986,-4,-2,0,9,9,0,-3,0
1533864662481998,1,0,-21,-11,-17,1,1,-1
1533864662481998,-5,2,46,37,11,-5,0,-2
1533864662495153,2,-2,5,-43,14,5,0,0
1533864662495153,-4,-6,13,0,-19,-5,-2,-2
1533864662502930,-4,-1,-8,-11,-11,-1,-2,-1
1533864662502930,0,-2,-3,5,6,1,0,0
1533864662518044,-1,1,-6,17,-1,-3,-2,-3
1533864662518044,0,2,27,1,2,-1,-1,-1
1533864662518883,0,-1,3,0,12,0,-3,-2
1533864662518883,-1,2,-22,-3,-12,-5,-3,-2
1533864662540837,-1,0,-3,4,-3,-3,-1,-2
1533864662540837,0,-2,2,-8,-5,0,0,-1
1533864662541822,2,2,-2,9,10,-1,1,-2
1533864662541822,0,-2,-10,-17,-10,-1,1,0
1533864662554989,-1,9,11,9,-2,-3,-2,1
1533864662554989,-1,-3,11,2,3,1,2,-1
1533864662562769,-1,1,-2,-4,5,1,-1,-2
1533864662562769,0,-4,2,-5,-6,-3,-2,-3
1533864662585708,-4,-4,-1,6,1,0,-1,0
1533864662585708,-1,3,-3,-2,-3,2,-1,0
1533864662586712,-2,0,6,-5,0,-5,-2,0
1533864662586712,-2,-5,-14,-5,-3,0,-2,-1
1533864662600667,0,-2,-13,7,-3,-3,-1,1
1533864662600667,1,5,40,-11,-3,1,0,1
1533864662601662,0,-3,-3,3,8,2,0,-1
1533864662601662,-1,5,26,15,2,-5,-3,-1
1533864662614833,-2,-4,-1,7,-1,0,-2,-2
1533864662614833,0,3,3,-4,-4,2,1,0
1533864662622613,-2,4,9,-9,-8,-3,-1,0
1533864662622613,-1,-6,-39,-15,-9,-5,0,-1
1533864662637569,-2,-5,-3,15,11,2,-2,-1
1533864662637569,-3,-6,-5,-10,-1,-1,-1,0
1533864662638563,2,3,-2,1,6,-1,1,-2
1533864662638563,-4,-6,-19,-10,-28,-4,-2,-2
1533864662661502,1,3,-6,0,5,2,1,-2
1533864662661502,2,-2,-7,4,-12,-3,-2,-1
1533864662661502,0,2,-5,-2,6,1,-1,1
1533864662661502,-7,-6,-6,-29,1,-4,-4,-3
1533864662674469,-1,-4,7,-11,-24,-4,-1,0
1533864662674469,-4,4,-3,11,3,-5,-6,-4
1533864662682489,4,2,-1,8,0,1,0,-1
1533864662682489,2,4,5,10,6,4,2,2
1533864662698404,-4,-9,-9,-5,-1,-2,-3,-3
1533864662698404,-2,-3,-5,-3,4,2,-1,-1
1533864662698404,-2,-5,-3,-4,-16,-3,-2,-1
1533864662698404,0,0,5,2,10,-1,0,-2
1533864662721342,0,2,0,3,-1,2,2,1
1533864662721342,0,-5,-11,6,0,-2,0,-1
1533864662721342,0,12,-6,15,25,3,-2,-1
1533864662721342,-4,0,0,-20,-31,-6,-1,2
1533864662743285,-1,-2,8,8,1,0,0,0
1533864662743285,-1,-6,-3,-5,-4,-5,-3,-1
1533864662744282,2,-1,-4,-6,8,3,0,-2
1533864662744282,2,0,-1,11,12,1,-2,-2
1533864662758246,-1,2,-18,17,-2,1,-3,1
1533864662758246,-6,-18,-24,11,-15,-6,-3,-1
1533864662758246,-3,-3,21,-12,-4,-1,-1,0
1533864662758246,3,1,9,6,23,8,4,2
1533864662781220,-3,-3,-2,-6,-8,-5,-2,-4
1533864662781220,3,6,-1,19,10,2,0,-1
1533864662782195,-6,-10,-8,-31,-52,-7,-3,-2
1533864662782195,6,2,8,28,40,11,3,0
1533864662803152,0,1,4,-31,-43,-5,-1,-2
1533864662803152,-12,-7,-3,24,30,-10,-6,-7
1533864662804126,0,-3,-28,-2,-4,-1,-2,0
1533864662804126,0,-16,3,2,-2,1,0,2
1533864662818125,0,13,74,12,9,3,3,0
1533864662818125,4,4,17,-23,-6,2,3,2
1533864662819085,-2,-5,-3,-3,0,-2,-2,-2
1533864662819085,-6,2,-8,-9,-22,-6,-3,-4
1533864662841022,2,-5,-20,6,16,-1,2,-1
1533864662841022,-1,-2,-3,-18,-11,-1,1,0
1533864662842019,1,0,3,12,28,1,-1,0
1533864662842019,-3,-10,0,8,-14,-5,-3,-1
1533864662863963,-4,-9,-17,-3,4,-2,-4,-3
1533864662863963,0,5,9,8,1,1,-1,-2
1533864662863963,-3,-3,0,-10,-4,-1,0,-2
1533864662863963,-1,3,-3,-3,1,-3,-2,-2
1533864662877926,-2,-2,-15,-13,-2,-5,-1,-1
1533864662877926,1,-1,7,15,3,3,2,1
1533864662878920,0,-1,-6,9,0,-3,1,0
1533864662878920,0,7,-33,-17,-8,-5,-5,-4
1533864662900900,-2,-1,0,7,10,-1,-1,-1
1533864662900900,2,2,4,-8,-3,-1,1,0
1533864662901860,-2,-5,8,2,1,-1,-2,-3
1533864662901860,-3,4,0,-6,2,2,-2,-3
1533864662923821,0,-3,-9,0,-6,-1,0,1
1533864662923821,-1,-2,-2,-12,-8,1,0,1
1533864662924815,-4,0,-11,-1,-6,3,-1,1
1533864662924815,-2,0,8,5,5,1,-1,0
1533864662937763,-1,-1,-8,-1,5,-2,-2,-1
1533864662937763,-1,-5,0,-19,-6,-4,0,-3
1533864662938761,-2,-2,4,8,0,0,0,1
1533864662938761,1,1,2,1,-2,-1,-1,0
1533864662960702,1,-8,20,-1,2,1,-2,-1
1533864662960702,0,-1,-2,-17,5,1,-3,0
1533864662961712,-1,1,1,8,-8,-6,-1,0
1533864662961712,-7,-4,3,22,8,-3,-2,-1
1533864662983644,-3,0,-13,2,-9,-1,0,-2
1533864662983644,-1,10,-50,-39,10,1,-3,0
1533864662984638,-7,-18,-1,-2,-8,-5,-3,-2
1533864662984638,1,5,1,-8,-13,-1,1,0
1533864662997794,1,1,5,5,11,2,1,0
1533864662997794,-4,-4,-3,30,2,-1,-3,-4
1533864662998601,2,5,2,-11,10,1,-1,-1
1533864662998601,-5,-7,-7,-11,-22,-5,-1,-2
1533864663021717,1,-3,-13,29,31,5,0,0
1533864663021717,5,3,23,-36,-29,0,3,2
1533864663021717,-6,-2,-6,21,10,-4,-4,-3
1533864663021717,-1,4,7,4,2,-1,0,-1
1533864663043481,-2,3,4,-24,-13,-1,0,0
1533864663043481,-3,-4,4,6,5,0,-3,-3
1533864663044478,5,5,4,-7,4,0,0,-1
1533864663044478,0,-1,-8,-2,-2,1,1,0
1533864663057443,-3,-4,-5,0,3,-2,-3,-3
1533864663057443,-1,9,-25,9,-2,-3,-2,-2
1533864663058440,-2,-9,31,10,-2,-2,-1,1
1533864663058440,-2,2,-14,-1,4,-1,-2,0
1533864663081380,2,-2,-1,-11,0,1,1,0
1533864663081380,0,0,4,13,4,0,1,-1
1533864663081380,-6,1,-16,-21,-42,-6,-4,-2
1533864663081380,4,5,34,1,16,0,0,0
1533864663103543,-9,-1,3,-2,-9,-4,-4,-2
1533864663103543,2,1,16,19,5,2,0,-1
1533864663104318,5,4,9,-28,4,1,1,0
1533864663104318,1,-3,-5,6,-8,-4,1,0
1533864663118514,8,6,-5,25,50,3,1,0
1533864663118514,-1,-6,4,-37,-54,-6,-3,0
1533864663118514,-12,-10,-37,48,7,-7,-4,-5
1533864663118514,-2,-2,-9,-37,-29,2,-2,-3
1533864663141220,-2,-2,-5,-14,-14,-3,-1,0
1533864663141220,-2,-4,2,10,19,0,0,1
1533864663142216,4,2,6,-9,2,1,1,0
1533864663142216,1,-2,3,-7,5,0,1,-1
1533864663163164,1,-1,3,18,0,-3,-1,0
1533864663163164,-2,-4,1,-10,-1,0,-3,-1
1533864663164158,1,0,-4,9,19,0,1,0
1533864663164158,-4,6,-37,16,7,-4,-4,-5
1533864663178177,-5,-2,8,-55,-31,-3,0,-2
1533864663178177,-2,-3,5,4,6,-1,-1,0
1533864663179118,3,2,7,21,28,7,1,1
1533864663179118,-3,-3,-15,-45,-44,-4,-1,-3
1533864663201062,-1,-9,0,9,3,0,-2,-1
1533864663201062,0,0,-9,0,5,1,1,0
1533864663202056,-3,5,37,-3,-10,-3,-4,-3
1533864663202056,-1,-6,11,17,20,-2,-1,0
1533864663223997,-1,2,-13,5,-15,-4,-2,-2
1533864663223997,-4,-4,-2,-17,0,-3,-1,-4
1533864663223997,3,-1,-16,-14,-2,1,1,-1
1533864663223997,2,-3,8,3,13,0,0,0
1533864663236962,-5,6,-11,0,-7,-5,-4,-3
1533864663236962,-2,-9,-1,15,11,1,0,-3
1533864663245949,-1,-2,-9,-15,-15,0,1,0
1533864663245949,1,0,12,22,4,0,0,-1
1533864663260898,-1,0,-11,-4,-1,1,0,-1
1533864663260898,-2,3,-1,-1,4,-2,-1,0
1533864663262894,0,6,23,-5,-27,-4,-2,-1
1533864663262894,-1,-5,10,-2,19,2,0,1
1533864663283849,-5,-6,-9,2,-11,-7,-2,-1
1533864663283849,-5,1,21,34,3,-3,-4,0
1533864663284840,0,1,-21,-38,-7,0,-2,-3
1533864663284840,0,-9,-27,9,12,0,-1,-1
1533864663296803,2,2,9,-5,-2,0,0,0
1533864663296803,0,-3,-18,-4,2,1,1,-1
1533864663305927,1,7,-7,6,-1,0,-1,0
1533864663305927,-1,-12,6,2,-4,-2,-2,-1
1533864663320742,-1,-4,-7,-11,-1,-2,-3,-2
1533864663320742,-1,-3,-5,-2,-8,-4,-3,-2
1533864663322739,-1,-4,-33,6,5,2,1,0
1533864663322739,-1,6,32,-10,-3,-1,-1,0
1533864663343680,-1,-3,6,1,0,-1,-2,-1
1533864663343680,0,-3,-1,3,-1,0,-1,0
1533864663344689,0,-1,1,-1,5,1,0,-2
1533864663344689,-4,-1,-17,-10,-8,-2,-1,-2
1533864663357640,-1,-2,-4,-3,-4,0,-1,-2
1533864663357640,3,3,4,-2,-3,-1,0,0
1533864663365618,-3,-5,3,1,-1,-1,-3,0
1533864663365618,-2,-3,1,3,0,-2,0,-1
1533864663380578,1,14,-28,0,-1,-1,-3,-4
1533864663380578,-1,-3,-2,-10,5,2,3,-1
1533864663382573,-1,3,59,-4,-4,-3,0,0
1533864663382573,-1,-1,8,4,2,-1,-2,-1
1533864663403518,-1,0,-5,-14,-4,0,-2,-2
1533864663403518,0,3,-5,-1,1,-1,-1,-1
1533864663405512,-1,0,-7,15,2,1,0,0
1533864663405512,-5,2,-2,15,-1,-6,-3,-3
1533864663417480,-1,-3,18,-7,-3,-2,1,2
1533864663417480,0,-1,5,0,-1,0,0,1
1533864663426457,1,-8,-20,2,9,-2,0,0
1533864663426457,-1,1,-1,-19,-9,2,0,0
1533864663441416,3,3,0,25,5,2,2,-1
1533864663441416,-5,-6,-2,-7,-6,-3,-5,-3
1533864663442429,-3,-5,-10,-15,-13,-4,-1,-3
1533864663442429,-2,0,-1,12,0,-3,-3,-3
1533864663463361,1,-4,1,-23,4,0,2,0
1533864663463361,1,18,-10,5,-2,-4,-4,-1
1533864663465353,-2,-1,-1,0,-2,0,-1,0
1533864663465353,-1,-2,-1,0,-3,-1,0,-1
1533864663477320,-5,-11,-16,-2,1,0,-3,-3
1533864663477320,-2,-9,1,11,-10,-3,-2,0
1533864663486296,-3,-1,-2,-1,1,0,0,-1
1533864663486296,1,2,31,-1,4,2,1,1
1533864663501338,4,12,46,34,12,1,2,0
1533864663501338,-4,-5,-7,-36,-28,-7,-2,-2
1533864663502255,0,2,16,38,23,5,0,-1
1533864663502255,-2,-2,3,-46,-37,-1,0,0
1533864663523290,0,-4,-4,24,17,0,-1,0
1533864663523290,-3,-7,3,3,12,0,-2,-1
1533864663525192,2,-1,-8,5,-16,-3,-2,0
1533864663525192,-2,-1,-31,-15,13,-1,-2,-4
1533864663537160,1,2,0,-9,-9,-4,-2,0
1533864663537160,0,-17,9,3,0,0,0,-1
1533864663546136,-3,-3,-8,-4,1,-2,-4,-2
1533864663546136,-2,-2,-7,8,8,0,-1,0
1533864663561095,-5,-6,-7,-10,-16,-5,-1,-2
1533864663561095,0,4,6,-1,2,0,1,0
1533864663563092,3,-2,-7,4,19,3,0,-1
1533864663563092,0,-2,-34,4,-14,-4,-2,-1
1533864663584181,-8,-6,-5,-36,-24,-5,-2,-4
1533864663584181,-1,-3,4,17,13,0,-2,-2
1533864663585050,-2,-2,-2,-9,-3,-1,0,-1
1533864663585050,4,3,-4,8,6,1,2,-2
1533864663597032,-2,-3,-7,13,-4,1,-2,0
1533864663597032,-1,0,-42,-3,2,2,0,-2
1533864663605979,-6,-1,17,-4,5,-2,-2,-1
1533864663605979,-2,-3,12,30,23,1,-3,0
1533864663620936,-2,-13,10,-15,-21,0,-1,1
1533864663620936,-1,2,3,11,8,1,-1,0
1533864663622930,3,0,-8,-6,-4,-1,-1,-1
1533864663622930,0,-1,0,1,3,-3,0,-2
1533864663643878,-1,2,-3,17,13,3,1,1
1533864663643878,2,13,61,-29,-25,-1,1,1
1533864663644872,1,-2,-1,-2,1,0,4,1
1533864663644872,-9,-4,-2,-31,0,-7,-5,-2
1533864663665822,-4,-1,-9,12,19,0,-3,-3
1533864663665822,-4,-2,-27,-14,-32,-5,-3,-2
1533864663667810,2,2,11,-16,5,4,1,0
1533864663667810,5,4,21,9,6,4,3,0
1533864663680779,-5,-5,-14,-25,-25,-7,-5,-3
1533864663680779,3,-3,-10,15,27,-1,-2,-2
1533864663682770,-7,-12,-55,-2,-32,-7,-5,-5
1533864663682770,0,6,-11,-5,0,1,0,-1
1533864663703718,0,3,5,2,12,0,-1,2
1533864663703718,-1,3,5,1,-1,2,0,1
1533864663704712,-1,-2,-3,-10,-4,-4,-3,0
1533864663704712,0,-4,2,1,-3,1,0,-2
1533864663726657,-2,-1,-4,-2,1,-1,-3,-1
1533864663726657,2,0,-1,-3,8,-2,1,0
1533864663727651,-4,0,-6,12,1,-3,-4,-3
1533864663727651,-1,-6,-33,2,-9,-1,-2,-1
1533864663740616,0,2,19,-8,13,-1,-1,-4
1533864663740616,-3,-3,-33,17,-7,-1,0,-2
1533864663742611,-3,-3,5,-47,-8,-3,0,-1
1533864663742611,1,4,12,33,-1,1,0,2
1533864663763554,3,-2,-7,-24,-3,1,3,0
1533864663763554,-6,-1,-4,31,20,-1,-4,-4
1533864663765549,0,2,0,11,-9,-1,0,-1
1533864663765549,0,-3,-6,-7,-6,1,-2,-3
1533864663786496,2,7,-16,-1,0,0,0,0
1533864663786496,2,-13,17,-10,2,6,4,1
1533864663787490,-4,-12,16,18,6,-5,0,1
1533864663787490,-1,0,6,-20,-13,-2,-1,0
1533864663801630,-1,-4,1,20,10,-1,-2,0
1533864663801630,0,6,13,-13,-13,-6,-3,-1
1533864663802496,-4,1,-3,-7,-5,-1,-3,-2
1533864663802496,-1,0,4,-9,-6,-2,0,2
1533864663823394,1,1,-2,35,5,0,1,0
1533864663823394,3,3,-6,-63,-10,0,0,0
1533864663825408,-8,-6,-29,14,-12,-8,-5,-4
1533864663825408,-3,1,32,10,3,-4,-1,-2
1533864663846334,-2,1,-2,-1,-9,-1,-2,-2
1533864663846334,1,1,2,10,5,1,-1,-2
1533864663847334,9,5,4,9,28,9,4,3
1533864663847334,-8,-2,24,-44,-45,-10,-6,-3
1533864663860299,-9,-8,-3,27,14,-6,-5,-5
1533864663860299,-2,-1,3,-2,-15,-1,1,0
1533864663867280,-1,14,-1,4,-1,-1,-2,-2
1533864663867280,6,-5,3,45,18,6,4,2
1533864663883238,-1,-3,-4,-55,-11,-3,-1,-2
1533864663883238,-3,0,0,9,0,-6,-2,-2
1533864663885229,1,2,-4,-7,-2,-1,0,-3
1533864663885229,1,-1,-66,7,7,-1,-2,-4
1533864663906176,0,7,10,0,-12,-1,0,0
1533864663906176,-3,-1,-29,7,6,1,-1,-1
1533864663908173,-2,-1,20,1,-4,0,0,1
1533864663908173,1,-1,-20,-9,4,0,0,1
1533864663920139,0,-5,40,3,0,0,-1,-2
1533864663920139,-3,-1,-8,-1,-4,-2,-3,-1
1533864663927120,-1,-1,-3,-3,-4,-5,-3,2
1533864663927120,-4,-3,7,-7,0,-4,-1,-9
1533864663944075,1,0,-21,-2,-3,-1,1,2
1533864663944075,-1,-2,12,10,2,-2,1,0
1533864663946066,-2,-3,4,-10,-5,-3,-1,0
1533864663946066,0,-5,14,0,4,-1,-3,1
1533864663966016,-1,0,-6,0,-2,0,1,-3
1533864663966016,-2,-3,2,0,-3,0,-2,-1
1533864663968011,-1,-3,1,-4,0,2,-1,0
1533864663968011,1,8,-45,-7,2,-1,-1,-2
1533864663979979,-2,-2,-3,-1,-6,-2,-2,-1
1533864663979979,-2,1,10,0,1,-2,0,0
1533864663986957,1,2,12,8,-3,-2,-2,-4
1533864663986957,0,8,69,-3,-5,2,0,-1
1533864664003911,2,16,-11,8,3,2,1,-1
1533864664003911,1,0,13,1,13,-2,0,-2
1533864664004909,-9,-8,-20,-66,-13,-9,-6,-5
1533864664004909,-5,-10,-12,13,-15,-4,-5,-1
1533864664025854,2,-2,-1,-8,23,5,0,3
1533864664025854,4,4,5,43,1,3,2,1
1533864664032030,-4,-2,-9,6,2,-5,0,-3
1533864664032030,3,1,-2,-11,0,2,3,1
1533864664040813,-8,-8,-9,-14,-23,-9,-6,-2
1533864664040813,0,-4,-41,3,8,3,-2,-2
1533864664046798,5,4,41,28,4,3,1,2
1533864664046798,-2,-3,-1,-4,7,-2,0,1
1533864664063957,4,0,11,-1,-2,3,2,0
1533864664063957,-1,12,0,-6,16,-2,-3,-1
1533864664064749,-3,-2,-9,-9,-25,0,0,-1
1533864664064749,-1,-3,-1,-16,8,-3,-2,-1
1533864664086700,-2,0,-16,12,4,-3,-1,-3
1533864664086700,1,-16,-29,5,0,2,-1,-1
1533864664087687,-5,-3,-11,-31,-29,-4,-1,-2
1533864664087687,-3,-4,-8,25,4,-1,-1,-1
1533864664100656,-3,-4,2,12,3,-3,-3,-2
1533864664100656,-5,0,1,-16,-10,-5,-3,-1
1533864664107635,5,4,2,11,17,5,0,-1
1533864664107635,0,-5,-12,5,17,3,0,-1
1533864664123591,-1,-4,15,0,-17,-3,-3,1
1533864664123591,-2,-2,16,-8,5,0,2,1
1533864664125601,-1,-5,-13,19,-4,-5,-3,-2
1533864664125601,-1,0,-6,-23,-4,3,-2,-1
1533864664146533,4,1,-2,11,10,2,2,2
1533864664146533,-7,-5,-1,-46,-32,-9,-7,-5
1533864664147542,-1,-1,5,36,17,4,2,1
1533864664147542,-4,2,0,-19,-2,-6,-1,-2
1533864664159495,2,3,4,14,-33,5,3,1
1533864664159495,-8,-5,-11,-33,5,-11,-7,-5
1533864664168471,-5,-19,5,10,-7,-1,0,0
1533864664168471,2,-1,7,-3,-2,1,0,1
1533864664183649,1,-3,-3,-5,9,1,2,-2
1533864664183649,2,7,-1,14,7,2,2,0
1533864664185427,-1,4,-8,-12,-5,-4,-2,-2
1533864664185427,1,1,4,3,11,3,0,-2
1533864664206417,-3,-6,5,-10,4,-5,-4,-2
1533864664206417,-1,-4,2,10,-6,1,-2,-2
1533864664207415,3,2,-5,-7,10,2,-1,-1
1533864664207415,0,-4,5,-1,-18,-6,-2,-1
1533864664219383,-3,-2,-25,-8,-1,-2,-3,-1
1533864664219383,0,-2,-15,-1,-6,-1,0,-1
1533864664228359,1,4,-1,0,5,0,0,1
1533864664228359,-3,1,3,8,0,0,-1,-1
1533864664243528,-1,-7,22,-7,0,-3,-2,-2
1533864664243528,-1,-2,5,7,1,0,0,-2
1533864664245315,1,0,3,-7,0,-1,-2,-3
1533864664245315,-3,-6,-11,2,-1,-2,-2,1
1533864664266258,0,-3,-65,-8,-1,-2,-2,-3
1533864664266258,-2,-12,65,6,-8,1,3,3
1533864664267256,1,0,-5,-4,0,1,-3,1
1533864664267256,-2,0,4,0,-2,0,-2,-4
1533864664280219,-6,-3,4,-1,-3,0,-1,-3
1533864664280219,0,3,-14,1,-4,-3,-2,-1
1533864664296177,-1,2,-7,-4,4,-2,0,-2
1533864664296177,0,-4,0,1,-2,-3,-5,0
1533864664303171,-1,1,8,-5,1,-2,-1,-3
1533864664303171,-1,-1,-6,1,-4,1,1,-1
1533864664311138,-1,2,10,1,-4,-3,-1,-1
1533864664311138,-1,0,-12,-2,-2,-1,-1,0
1533864664326097,1,14,33,-5,1,-2,-2,0
1533864664326097,-1,-4,1,4,1,-2,-1,-2
1533864664328107,-2,-4,-7,-13,-8,-1,-1,-1
1533864664328107,-2,-1,0,6,1,-3,-2,-3
1533864664340062,4,2,-5,10,0,2,2,-1
1533864664340062,2,1,-8,-1,7,-3,-1,0
1533864664349036,-9,-3,0,-25,-7,-5,-6,-5
1533864664349036,1,2,12,5,13,-3,1,1
1533864664364194,-4,-9,-44,-23,-41,-5,-3,0
1533864664364194,3,9,-9,10,3,4,-1,1
1533864664364994,3,-9,2,22,15,2,2,0
1533864664364994,-5,-4,-2,-3,10,-5,-3,-3
1533864664385941,0,-1,4,-12,6,1,1,0
1533864664385941,-1,2,-4,10,9,0,-3,0
1533864664387932,-1,3,-4,-28,-34,-5,-1,-3
1533864664387932,1,-1,-9,0,0,0,0,-2
1533864664399900,0,-4,-9,5,13,-3,-1,-2
1533864664399900,1,12,10,-12,-12,0,-1,-1
1533864664408877,-2,-8,4,12,9,-4,-2,-2
1533864664408877,0,1,5,8,-8,3,2,1
1533864664431023,-4,-5,-5,-16,1,-3,-1,0
1533864664431023,0,1,-3,3,-10,3,-1,0
1533864664432813,2,3,-9,-11,-4,-2,0,-1
1533864664432813,-6,-10,-29,17,8,-6,-4,-5
1533864664445887,-2,4,45,15,17,5,0,0
1533864664445887,-8,-9,-4,-7,-17,-5,-2,-2
1533864664447772,4,5,7,-4,-2,4,0,0
1533864664447772,-1,-2,-4,-13,7,1,-2,-1
1533864664459751,-2,-3,-2,21,-8,-4,-3,-2
1533864664459751,5,-3,-1,-34,-2,1,1,-1
1533864664468716,1,4,4,-1,-22,0,-1,0
1533864664468716,-4,1,1,21,6,-6,-4,-5
1533864664483878,-4,-2,-3,16,18,1,-2,-1
1533864664483878,2,0,6,1,-2,-3,-2,0
1533864664484685,-4,2,-19,22,24,1,1,1
1533864664484685,2,-12,7,-15,-30,-3,0,3
1533864664506614,0,-10,49,0,0,-2,0,2
1533864664506614,-4,-6,-12,1,-2,-5,-2,-4
1533864664507623,3,3,-2,-6,14,2,1,0
1533864664507623,1,3,10,15,5,4,1,0
1533864664519751,-2,-2,-14,-10,-1,-4,-1,-3
1533864664519751,-2,-1,-1,7,-4,-1,-1,0
1533864664528582,-4,-6,3,3,-10,-7,-3,-2
1533864664528582,0,3,-1,-23,-24,-1,-1,1
1533864664543516,-2,-1,-17,-18,0,-1,-3,-3
1533864664543516,-2,0,-1,7,13,3,0,-1
1533864664545510,-1,1,-5,-5,0,0,0,-1
1533864664545510,1,-2,-2,11,-9,-1,0,-2
1533864664566455,0,2,-8,-21,12,1,0,1
1533864664566455,-1,-4,0,-6,1,-1,-1,-2
1533864664567463,-5,-1,-1,-44,-37,-5,-3,-1
1533864664567463,-1,2,5,14,-7,-3,-1,1
1533864664579419,-1,-1,-5,12,7,3,0,-2
1533864664579419,-3,-18,-11,2,-5,-1,-1,-2
1533864664588396,1,-1,4,9,15,3,0,-1
1533864664588396,-1,2,0,-15,6,1,-1,-2
1533864664603360,1,-2,-2,-8,-12,-3,-1,0
1533864664603360,0,2,-8,9,2,-3,-1,0
1533864664605350,0,-1,0,15,6,-1,0,-2
1533864664605350,5,2,10,2,22,4,3,1
1533864664626414,-11,-9,-13,-16,-34,-10,-6,-3
1533864664626414,-2,2,2,-10,-5,-2,-2,-2
1533864664627387,-6,-6,1,6,0,-4,-2,-2
1533864664627387,-4,0,1,0,-2,0,-3,0
1533864664648273,5,2,3,3,2,2,2,-1
1533864664648273,-1,3,1,-3,2,0,0,-1
1533864664650231,0,-2,1,-1,1,-2,0,-1
1533864664650231,1,2,-6,-9,-3,0,0,-1
1533864664663228,1,2,-3,6,0,0,1,-1
1533864664663228,-2,-3,1,-6,-6,-1,-3,-1
1533864664665196,2,1,-9,16,13,2,1,1
1533864664665196,0,2,8,-13,-6,-1,0,-3
1533864664686138,2,15,-10,30,20,1,0,-2
1533864664686138,-6,-6,-32,-37,-34,-9,-2,-1
1533864664688130,-4,0,14,11,10,-2,-3,-2
1533864664688130,-3,-6,-2,-7,-7,-1,0,-1
1533864664708076,1,0,6,-9,-9,-1,-1,0
1533864664708076,6,3,5,14,9,3,2,-2
1533864664710075,0,-1,-7,-2,2,2,-1,-2
1533864664710075,-3,-3,-5,-12,-4,-1,-1,0
1533864664724032,1,-2,-6,12,9,2,-1,0
1533864664724032,-2,1,3,5,4,-2,0,-2
1533864664725030,0,-4,-2,-9,-1,-1,-1,-1
1533864664725030,-1,1,3,4,3,-5,-2,-1
1533864664746178,-3,-3,-1,-9,-11,-3,-1,-1
1533864664746178,-2,-2,3,6,-3,-3,-3,-1
1533864664747977,-2,-12,12,-3,8,4,0,-1
1533864664747977,-1,0,-6,19,-2,2,-2,-3
1533864664768913,0,-4,1,-22,-7,-3,-1,2
1533864664768913,-1,-2,3,1,8,-2,-1,-1
1533864664769910,-3,1,-8,6,0,-3,-2,0
1533864664769910,1,-2,-3,-6,-1,-1,-3,-1
1533864664783081,-3,-5,4,3,2,-2,-2,-1
1533864664783081,0,3,-29,0,-7,1,-1,-1
1533864664789858,0,-14,5,6,-3,-3,1,0
1533864664789858,-2,-4,2,-13,-2,-1,-3,-1
1533864664805816,0,1,3,-3,-4,2,-2,0
1533864664805816,1,-2,4,23,15,2,-1,0
1533864664807810,-1,3,-9,-28,-6,-1,-3,-2
1533864664807810,-2,0,-4,-4,-3,-2,1,-2
1533864664828757,-2,-3,-8,-1,2,-1,0,-4
1533864664828757,-4,0,-1,9,2,-1,-1,0
1533864664830748,0,3,1,9,1,-1,-2,-1
1533864664830748,2,1,5,0,-2,-2,1,1
1533864664842719,1,1,-1,-5,3,-2,-1,-1
1533864664842719,-9,-7,-3,1,3,-3,-3,-2
1533864664849724,-1,4,2,-3,-14,-3,-1,-1
1533864664849724,-5,-9,-11,5,1,-6,-5,-3
1533864664866651,1,0,5,10,-1,3,2,0
1533864664866651,2,1,9,-6,1,2,1,-1
1533864664867649,-1,3,-13,-7,8,0,0,-2
1533864664867649,0,3,7,1,-11,-2,0,-1
1533864664888593,0,-3,-1,-3,-1,-1,-1,-1
1533864664888593,2,1,2,6,12,2,-1,-1
1533864664890587,-5,-2,-7,-9,-12,-6,-4,-1
1533864664890587,1,4,3,0,0,1,0,0
1533864664902759,-4,-2,8,0,3,1,-3,-2
1533864664902759,-1,-2,4,-11,-4,1,0,0
1533864664909536,2,3,-3,10,8,3,-1,-2
1533864664909536,-2,-1,-2,4,4,-1,-1,-1
1533864664926492,-3,-3,-10,-2,-5,-1,-1,-2
1533864664926492,1,1,5,-5,-4,1,0,0
1533864664927489,-1,-1,-1,1,-4,-2,1,-1
1533864664927489,-4,-4,-3,-4,4,-4,-2,-4
1533864664948545,-1,-2,-1,0,-1,-2,-2,-2
1533864664948545,0,-2,1,-3,-7,-3,-1,-1
1533864664950428,3,0,8,12,6,1,2,1
1533864664950428,-2,-3,-5,-27,-4,1,-1,-1
1533864664963392,-3,-1,-5,18,-11,-4,-1,-1
1533864664963392,0,0,3,-8,-11,-4,-2,-2
1533864664969377,-3,-3,-6,-8,-1,-2,-3,-1
1533864664969377,1,0,1,28,10,3,1,-1
1533864664986331,-1,-2,-2,-34,-8,0,-1,-2
1533864664986331,-2,-1,1,-10,-9,-2,0,-1
1533864664987328,2,13,-12,9,3,1,-3,-1
1533864664987328,-1,-3,-6,4,9,-1,-1,1
1533864665008279,-6,-12,10,-18,-24,-7,-2,0
1533864665008279,-2,-6,0,-3,5,2,0,-1
1533864665010273,-1,0,2,3,-1,0,0,-1
1533864665010273,1,0,-10,6,5,0,-2,0
1533864665023232,1,3,-8,2,3,0,-1,0
1533864665023232,-1,-1,-13,2,0,1,-1,0
1533864665030214,-1,-9,5,3,5,-1,-3,-2
1533864665030214,-2,0,-1,-15,-6,-2,-1,-3
1533864665046175,-1,-1,0,9,-1,-3,0,-2
1533864665046175,-1,2,5,13,0,-2,-3,-3
1533864665047169,0,-2,-1,-20,7,-3,0,-2
1533864665047169,-2,-3,8,-12,-20,-3,-3,-2
1533864665068332,2,3,-4,10,15,0,0,1
1533864665068332,1,1,4,-1,-2,3,1,0
1533864665070108,-8,-8,-8,3,-5,-4,-3,-2
1533864665070108,-4,-1,-10,-16,-4,0,-1,1
1533864665083206,2,2,2,5,-1,0,1,0
1533864665083206,1,-2,-1,-8,-7,-1,-2,0
1533864665090062,0,-2,3,0,0,0,-1,2
1533864665090062,0,-1,-1,2,-6,-3,1,-2
1533864665106012,0,-1,-2,4,4,-1,-2,-1
1533864665106012,0,12,-40,-6,7,-1,1,-2
1533864665108007,-2,-3,8,2,-6,1,-1,-2
1533864665108007,-2,-3,1,20,4,0,-1,0
1533864665128955,-2,-1,-4,-30,-6,-1,-1,-2
1533864665128955,-1,-2,-4,3,-3,-2,-3,-3
1533864665130945,2,0,-5,-1,-5,-2,0,0
1533864665130945,1,10,-8,2,3,1,0,-2
1533864665141915,-1,2,0,6,5,0,-1,-1
1533864665141915,-1,-2,11,2,-4,-3,0,1
1533864665150890,-3,-3,-5,-13,-16,-3,-2,-2
1533864665150890,-1,-2,7,-10,2,1,-1,1
1533864665165851,0,-1,-5,8,2,-2,-2,-1
1533864665165851,-3,-6,7,1,3,0,-2,-1
1533864665167846,0,2,3,6,1,2,0,-2
1533864665167846,4,-1,-7,-14,-7,2,-1,-1
1533864665188888,-4,-3,-1,15,15,0,-2,-2
1533864665188888,-5,-8,5,9,-15,-6,-2,-2
1533864665189794,1,11,-15,-15,-14,-5,-1,-1
1533864665189794,-3,-9,2,-11,4,-1,1,-1
1533864665202794,1,1,0,-1,-2,1,-3,-1
1533864665202794,1,0,9,-5,0,-4,2,0
1533864665210731,-2,0,-1,13,6,1,-2,-1
1533864665210731,2,2,37,1,-6,0,1,1
1533864665225721,-2,-2,0,-1,-2,-1,-1,-2
1533864665225721,-2,0,-2,-1,3,-1,-2,-1
1533864665227703,-1,-4,8,-4,0,0,1,2
1533864665227703,0,-1,-10,5,6,0,-1,-1
1533864665248654,-1,-3,-1,-2,0,1,-1,1
1533864665248654,-2,0,5,-1,2,-1,-3,-1
1533864665250625,-2,-2,-3,-6,1,-1,0,-2
1533864665250625,-2,-2,-6,-3,-5,-5,-3,-1
1533864665262627,0,2,1,0,-6,0,0,-2
1533864665262627,1,6,-7,-4,2,0,1,-1
1533864665271575,4,-1,4,16,19,3,2,1
1533864665271575,-8,-6,-13,-7,-13,-10,-7,-6
1533864665286680,-1,-2,5,-18,-17,-1,0,0
1533864665286680,-5,-3,-3,-2,-5,-3,-1,-2
1533864665287549,0,-4,1,20,13,3,-2,-1
1533864665287549,2,10,-6,-21,-7,-2,-2,0
1533864665308470,0,2,-8,2,0,-1,1,-2
1533864665308470,3,-2,43,2,-1,-2,-2,1
1533864665310469,0,-4,2,-3,1,-1,-1,-1
1533864665310469,-2,-3,-8,7,4,0,-2,-2
1533864665322461,-1,-3,-3,4,-2,-2,-1,-1
1533864665322461,1,-2,-8,-11,-6,1,2,0
1533864665331409,-3,-2,-3,5,-9,-3,-2,-2
1533864665331409,1,-2,7,-1,1,-1,-1,1
1533864665346372,-2,-2,-4,1,-1,0,1,1
1533864665346372,-4,-5,-9,13,9,1,-1,-3
1533864665347366,-2,-2,-5,-8,-8,-2,0,0
1533864665347366,-3,-3,-8,-6,-6,-1,0,-1
1533864665368477,0,0,1,2,-2,-2,-1,0
1533864665368477,0,0,-6,-4,-1,-1,-1,0
1533864665370305,-2,-5,-5,-10,3,3,-3,-2
1533864665370305,1,-1,-1,1,1,-1,1,-1
1533864665382276,-1,-1,0,15,8,0,-2,-3
1533864665382276,-2,-4,-4,-20,-5,-3,-3,-3
1533864665391489,0,-2,-1,4,-15,-7,-3,0
1533864665391489,-3,-5,-3,15,-4,0,1,0
1533864665405692,0,11,-13,-13,-2,-3,-3,-2
1533864665405692,-2,-1,-9,1,4,-1,-1,0
1533864665407688,0,-3,-37,-14,3,-1,-1,-2
1533864665407688,0,-1,8,28,7,1,-1,-3
1533864665428630,-2,-3,3,-20,-15,-4,-2,-2
1533864665428630,-1,3,-3,4,0,-3,-2,0
1533864665430625,-1,1,-2,3,11,-1,0,-2
1533864665430625,-1,-2,-1,-19,-9,-1,0,-2
1533864665442593,0,-2,0,14,4,-3,-4,-1
1533864665442593,0,-2,-3,6,2,0,-1,-1
1533864665451569,-3,-2,8,-1,-5,-1,0,-1
1533864665451569,-1,-4,-5,3,9,3,0,-4
1533864665466533,1,-3,7,-10,-1,3,2,3
1533864665466533,0,-2,-2,11,-3,-3,-1,5
1533864665467544,-2,3,7,1,-2,-2,-3,-7
1533864665467544,0,2,6,-11,-3,-1,1,0
1533864665488471,-3,-4,-9,10,2,-2,-4,-3
1533864665488471,-2,4,-11,-9,-10,0,0,0
1533864665490467,1,-2,-33,-15,-1,0,-1,3
1533864665490467,0,-5,6,9,15,4,0,0
1533864665502433,-4,-3,-5,-20,-27,-12,0,1
1533864665502433,-2,-1,3,12,-7,1,-2,-4
1533864665511410,-2,2,2,-2,1,-2,-2,-1
1533864665511410,-2,-1,-12,-8,-2,-3,-4,-3
1533864665526369,-1,-6,-14,-24,16,2,1,-1
1533864665526369,0,2,29,5,-4,-3,1,-4
1533864665527367,-1,-1,9,9,-14,-3,-5,-2
1533864665527367,2,0,-2,4,4,2,1,3
1533864665548314,-2,-2,3,7,2,1,-1,-1
1533864665548314,0,-3,-8,-11,-2,-3,-3,-2
1533864665550305,1,0,13,-11,1,0,1,0
1533864665550305,-2,6,-5,-3,-6,-6,-3,-3
1533864665571258,-2,0,1,4,-4,-3,-2,-2
1533864665571258,0,-5,-14,-4,2,3,0,-2
1533864665572263,0,-4,12,2,2,0,2,2
1533864665572263,2,3,32,-8,-9,-3,-2,0
1533864665586212,-1,-2,0,20,21,3,-2,-1
1533864665586212,-5,-4,-4,1,-1,-5,-1,-2
1533864665588206,-2,2,6,-4,5,1,0,0
1533864665588206,-3,-4,-13,10,-3,-5,-3,-1
1533864665608151,1,-1,2,-7,-1,3,1,-1
1533864665608151,-1,-3,8,-5,6,-3,-1,-1
1533864665610147,-4,0,-10,1,-4,-3,-3,-3
1533864665610147,-2,-4,-11,-3,-7,-3,-1,0
1533864665631091,-1,-3,7,9,1,-1,-1,0
1533864665631091,-2,-1,-13,-7,5,2,-1,-1
1533864665633085,3,1,6,2,-6,0,-1,0
1533864665633085,-1,0,-7,13,6,1,-1,-1
1533864665645054,-1,1,3,-4,-4,-2,-1,0
1533864665645054,1,13,-12,-7,-13,-6,-2,-3
1533864665652056,-2,-6,-4,-4,3,1,-1,-1
1533864665652056,1,4,16,3,7,4,3,-1
1533864665668988,-4,-2,-27,1,-14,-6,-2,-2
1533864665668988,-1,6,-32,-1,10,1,-1,-3
1533864665669986,-2,-1,32,0,-6,-4,-1,2
1533864665669986,0,-4,-6,-6,1,2,0,-2
1533864665689941,-3,-2,-1,2,5,-2,0,0
1533864665689941,0,-7,8,-9,-11,-1,-1,1
1533864665698909,-2,-1,-9,25,10,0,-2,-3
1533864665698909,-2,-3,-12,-16,-8,-4,0,1
1533864665705900,-1,1,6,1,0,-1,-2,-2
1533864665705900,-2,-6,8,3,7,1,0,-1
1533864665707886,0,-2,-4,2,-5,-3,0,-1
1533864665707886,2,3,-9,2,-5,-3,0,-1
1533864665728831,1,-15,6,-9,-1,-1,0,-1
1533864665728831,0,-3,7,-2,6,-2,0,1
1533864665729825,0,-1,-7,-15,-7,-2,-1,-2
1533864665729825,-3,-1,-8,-1,-6,-4,-2,-2
1533864665750794,0,5,3,0,2,2,-1,-2
1533864665750794,-1,-7,-3,8,5,1,0,-1
1533864665752767,0,-1,1,-1,-5,-1,-1,0
1533864665752767,-2,-3,-9,-13,-12,-4,-4,-3
1533864665765774,-1,2,-1,2,-3,2,-1,-2
1533864665765774,-3,-3,11,-2,4,1,-3,-2
1533864665772716,-1,-2,-6,-7,6,4,-1,-1
1533864665772716,1,-2,-5,14,6,0,1,0
1533864665788686,4,13,14,-4,-4,-1,-1,-2
1533864665788686,-2,0,42,-15,-4,-4,-2,-1
1533864665790668,-3,-1,-1,10,12,-2,1,-1
1533864665790668,-2,-4,3,0,-7,-5,-3,-2
1533864665810613,0,-7,4,15,13,-1,0,-1
1533864665810613,0,-4,-12,5,-9,0,1,-2
1533864665812609,-2,-2,4,-24,-9,-3,-1,0
1533864665812609,-2,-5,10,8,4,4,0,0
1533864665825573,-1,-3,-17,7,-1,-3,-1,-1
1533864665825573,2,2,-3,-6,2,0,-2,-1
1533864665832751,-3,-3,-5,-1,-10,-2,-2,-2
1533864665832751,0,2,-8,-7,1,0,-1,-3
1533864665848737,-1,-2,-6,-3,-3,-2,-1,-1
1533864665848737,1,1,35,14,7,1,1,0
1533864665850510,-4,10,-63,-11,-5,-5,-5,-3
1533864665850510,-1,-4,81,-4,1,0,1,1
1533864665871650,-3,-7,-28,-19,-4,-4,-1,0
1533864665871650,-4,-6,-14,19,-8,-3,1,0
1533864665872459,0,2,-2,5,4,-1,-3,-3
1533864665872459,-2,-2,-16,-21,-13,-3,-3,1
1533864665885425,-1,0,-1,-13,-2,-1,-2,-2
1533864665885425,-3,-10,-31,-1,-11,-3,-4,-2
1533864665892579,3,-3,12,-2,-5,0,3,0
1533864665892579,0,-1,-34,-22,14,0,0,-2
1533864665908348,0,1,19,29,-5,0,1,0
1533864665908348,0,1,-13,-9,-2,0,0,0
1533864665910343,-1,-3,18,0,-2,-2,-3,-1
1533864665910343,0,3,-5,11,0,-2,-1,-2
1533864665931294,-3,2,-8,-9,0,0,0,-2
1533864665931294,-1,2,11,11,3,0,-3,-2
1533864665933300,0,-7,-2,-21,-4,1,1,0
1533864665933300,-1,0,-3,-2,-3,-1,-3,-1
1533864665945261,0,1,-15,0,-1,-2,-1,-1
1533864665945261,-2,-4,8,3,4,-3,-3,-2
1533864665952436,0,3,15,-2,0,0,1,0
1533864665952436,1,-15,-1,16,10,1,-1,1
1533864665976167,-9,-6,-4,-9,-18,-3,-3,-1
1533864665976167,0,1,-11,-9,7,1,0,0
1533864665978161,0,0,-9,-13,-12,-2,-2,0
1533864665978161,-3,9,-9,-5,-8,-1,-1,-2
1533864665991128,3,-3,13,24,13,4,0,1
1533864665991128,-1,0,-3,-41,-12,-1,3,0
1533864665993122,-5,-5,18,32,21,-3,-3,-1
1533864665993122,-3,-2,-31,-20,-13,-5,-2,-4
1533864666005090,1,0,7,1,1,-1,1,1
1533864666005090,0,2,-14,12,-5,-3,-3,0
1533864666012071,1,-1,4,-2,-2,0,1,-1
1533864666012071,1,0,3,-2,5,1,-2,-1
1533864666029026,-3,-2,-2,-6,0,-3,-2,-2
1533864666029026,-1,-2,4,3,2,0,1,-1
1533864666030024,-2,1,5,4,-8,-1,0,0
1533864666030024,-2,-3,2,4,-2,-1,-1,-1
1533864666051169,-1,1,4,-2,-1,0,-1,-1
1533864666051169,1,-1,-11,7,7,2,-1,-1
1533864666052972,-2,-4,-4,-21,-8,-3,0,-2
1533864666052972,-3,14,-14,2,-9,-5,-4,-2
1533864666064938,0,-4,-17,9,2,0,-1,-3
1533864666064938,-5,-5,-8,1,-5,-6,-4,-1
1533864666073907,1,-2,-2,-13,11,5,-1,-1
1533864666073907,-5,-4,4,32,-1,-5,-2,-1
1533864666088865,-1,-1,-5,-41,-7,-3,-3,-2
1533864666088865,0,-5,8,-2,-5,1,0,-2
1533864666089863,0,3,-5,17,-5,-1,-1,-2
1533864666089863,1,-2,-3,-32,-1,-1,-1,-1
1533864666110807,1,-1,7,11,3,-3,-1,0
1533864666110807,0,0,-4,-5,-2,0,1,0
1533864666112801,-1,-1,7,-1,-1,-1,-1,-1
1533864666112801,0,-6,3,10,5,2,1,0
1533864666124770,-1,1,2,-1,-7,-4,-3,-2
1533864666124770,1,5,-1,-9,-6,-2,-1,-2
1533864666133744,-1,-1,3,0,-4,-5,-2,-2
1533864666133744,-1,0,-3,9,3,0,-1,0
1533864666148765,-1,-16,-6,-14,-11,1,1,0
1533864666148765,-7,-5,12,4,3,-3,-3,-2
1533864666150709,-4,-4,-2,20,9,2,-1,-3
1533864666150709,-1,-2,2,0,-13,0,0,-2
1533864666170646,-1,6,0,5,4,1,-1,-1
1533864666170646,3,7,18,-8,-4,0,0,2
1533864666172641,2,-3,-3,-9,18,1,0,0
1533864666172641,-3,1,-3,8,-9,-5,0,1
1533864666184609,2,-12,-7,13,24,-1,-1,-1
1533864666184609,-3,1,19,-10,-51,-7,-2,-2
1533864666193585,0,15,-25,-13,1,0,0,-2
1533864666193585,0,-5,-26,-11,9,3,0,-3
1533864666208551,-3,2,-6,3,4,0,-2,-1
1533864666208551,0,-3,-10,9,15,0,-2,-1
1533864666210540,0,-3,5,7,-6,0,0,-1
1533864666210540,-1,-3,0,-10,-2,-2,0,0
1533864666231521,-1,6,10,0,-9,-3,-1,-2
1533864666231521,0,3,-11,2,14,3,2,-2
1533864666232481,-1,-1,0,-7,-16,-3,-3,-2
1533864666232481,2,-1,4,6,9,3,0,1
1533864666244469,-2,2,11,-4,3,4,1,1
1533864666244469,-8,-6,-21,-24,-33,-8,-4,-3
1533864666253425,0,-3,-4,-13,-3,-1,-2,0
1533864666253425,0,-5,4,-7,-14,-3,-4,-3
1533864666268388,-1,0,-3,4,4,-2,2,-1
1533864666268388,0,-1,-8,1,16,-1,-1,-1
1533864666270380,-3,-6,0,11,-3,-1,-3,-1
1533864666270380,1,1,6,1,5,2,0,0
1533864666291343,2,2,2,-7,-9,-3,-3,0
1533864666291343,1,9,-19,7,9,0,-1,-3
1533864666292327,-1,-2,-1,0,-3,-2,-2,-1
1533864666292327,-1,-17,17,4,8,2,-1,1
1533864666305287,-2,-2,-4,-8,-12,-4,-2,-2
1533864666305287,-3,-3,-32,-1,4,3,1,0
1533864666313265,-4,-2,7,0,-3,1,0,-2
1533864666313265,0,5,-1,3,-2,-2,-1,-1
1533864666328226,-5,-1,-4,6,2,-4,-4,-2
1533864666328226,4,-1,6,19,7,3,2,1
1533864666330219,-6,-1,6,-26,-20,-9,-4,-2
1533864666330219,-3,1,-2,-3,-6,1,-1,-1
1533864666351163,-2,-3,0,6,10,3,-2,-2
1533864666351163,0,2,12,-9,-6,-1,1,-1
1533864666353188,2,-3,-4,1,5,2,1,1
1533864666353188,1,3,3,-11,-4,-5,-2,-1
1533864666365322,1,-5,-33,-2,-3,-1,-1,-1
1533864666365322,-3,-2,-40,-4,5,-1,-1,0
1533864666374103,0,-11,17,5,3,1,1,2
1533864666374103,-1,0,38,-3,-3,-3,-1,-1
1533864666389117,-1,5,-1,1,-1,0,-1,-1
1533864666389117,-1,-6,1,-4,5,1,-2,-1
1533864666390061,-1,0,-5,-3,-6,-2,-1,-2
1533864666390061,-1,4,-18,8,6,1,0,-2
1533864666411015,0,-2,8,17,-2,0,0,0
1533864666411015,0,-1,12,-56,-16,-1,-1,0
1533864666412999,-4,-4,-19,26,5,-3,-4,-2
1533864666412999,0,5,22,17,6,1,1,0
1533864666424968,0,3,6,-24,-17,-3,-1,-2
1533864666424968,-3,0,-7,28,18,-4,-3,-2
1533864666433942,-3,-13,-4,-16,-10,-3,-2,-2
1533864666433942,-2,-3,-23,-5,1,-2,-1,0
1533864666448903,1,4,52,1,-4,1,1,6
1533864666448903,-1,1,12,11,2,0,-3,-8
1533864666449900,1,2,-4,-3,3,-1,-2,-2
1533864666449900,0,2,-12,0,-3,0,1,5
1533864666470847,-5,-13,2,-5,-3,-1,0,-8
1533864666470847,-2,-6,7,0,-2,-3,1,1
1533864666472839,0,3,3,6,2,0,-4,-6
1533864666472839,-2,-4,-10,-12,-7,-2,-1,1
1533864666484806,-1,4,-10,-1,2,-2,0,0
1533864666484806,-1,-6,0,2,-1,-4,0,-2
1533864666493782,-1,-1,-4,-1,-1,-2,0,-1
1533864666493782,-3,0,-7,1,2,1,-1,-1
1533864666508755,-2,0,-4,-6,-2,-3,-1,-3
1533864666508755,-2,0,20,6,-2,0,-1,0
1533864666509739,4,3,-1,1,2,-2,0,1
1533864666509739,-2,-4,-4,-6,-4,-3,-5,-2
1533864666531681,-1,9,-58,-8,-2,-2,-4,-3
1533864666531681,-1,-4,-23,-3,-6,-4,1,2
1533864666533819,1,7,29,5,4,1,2,0
1533864666533819,0,-10,21,32,24,3,1,-2
1533864666553624,-1,1,21,-56,-39,-5,-2,0
1533864666553624,-7,-4,-11,20,12,-3,-5,-2
1533864666555619,1,-2,-9,-14,-14,0,-1,-1
1533864666555619,-2,3,-6,-3,5,-1,-3,-5
1533864666568664,5,3,16,-1,6,6,3,4
1533864666568664,2,-1,9,6,-13,-2,-1,0
1533864666570598,-2,-1,-5,1,-10,-5,-3,-1
1533864666570598,2,1,-2,-12,-17,-3,0,-2
1533864666591521,-6,-8,-20,3,8,-6,-4,-1
1533864666591521,2,1,4,15,17,2,1,-1
1533864666592518,1,11,29,-6,-16,0,2,1
1533864666592518,-3,-19,38,-6,28,-2,-1,-2
1533864666613680,-1,-5,11,3,-5,2,0,-1
1533864666613680,1,6,35,-10,-4,-5,-1,-1
1533864666615456,2,-1,-10,8,10,2,0,0
1533864666615456,0,2,-18,1,-5,-2,0,0
1533864666628631,-2,-8,37,4,2,-1,0,1
1533864666628631,1,-5,1,5,6,3,0,2
1533864666630426,0,-3,-19,-1,6,-2,-2,-2
1533864666630426,-4,-2,-10,-13,-16,-2,-2,-3
1533864666651361,-2,-2,-28,14,3,0,0,-2
1533864666651361,0,1,-16,-4,-2,0,0,-1
1533864666652358,0,-5,-29,4,3,0,-3,-1
1533864666652358,-5,3,-12,-11,-13,-4,-4,-4
1533864666673303,1,1,-3,4,0,0,-2,-2
1533864666673303,1,-18,24,-7,-1,3,0,0
1533864666675318,-3,2,51,11,8,-1,-2,0
1533864666675318,-1,-2,-6,17,15,0,1,0
1533864666688266,-2,0,-4,0,-16,-3,-2,-2
1533864666688266,-2,2,-14,-28,-8,-3,-3,-1
1533864666695245,-3,-5,-24,8,6,-1,-4,-2
1533864666695245,0,1,-4,-15,-18,-4,-1,-2
1533864666711200,0,-1,1,25,5,2,0,-1
1533864666711200,-1,13,-25,-14,-13,-4,-2,-2
1533864666712199,0,-5,-3,-15,3,2,2,-1
1533864666712199,0,2,-4,5,6,-2,-1,0
1533864666733146,0,0,0,-10,1,-3,-3,-3
1533864666733146,0,-2,0,8,4,1,0,0
1533864666735137,-2,-7,-47,-13,-13,-3,-1,-2
1533864666735137,1,23,8,-12,-12,-4,-2,-3
1533864666748102,1,5,7,-5,-4,0,-1,1
1533864666748102,-5,-5,-6,24,12,-4,-3,-2
1533864666755189,-4,-14,-57,-2,-2,0,0,-4
1533864666755189,-1,-3,-13,-15,-15,-1,-1,-2
1533864666771045,-2,0,-6,7,2,-1,-3,-2
1533864666771045,0,2,20,14,2,1,-1,0
1533864666773037,-2,4,0,-16,4,0,0,0
1533864666773037,1,-2,-5,-11,5,3,1,1
1533864666794001,-3,-5,-4,22,13,-2,-2,-3
1533864666794001,-2,-5,-9,-8,-25,0,0,1
1533864666794993,-1,4,17,19,12,-2,0,-2
1533864666794993,2,-5,1,-2,-6,1,2,-1
1533864666807948,1,-1,12,1,16,0,0,2
1533864666807948,-5,-6,-11,18,10,-1,-3,-2
1533864666815041,0,-1,8,-19,-12,-3,-1,-3
1533864666815041,-1,-3,6,8,2,0,-3,-1
1533864666830895,2,-1,-12,-16,0,1,-1,0
1533864666830895,0,0,0,-12,-2,0,-2,-3
1533864666832875,-2,2,13,-1,-2,-1,0,1
1533864666832875,1,-5,-7,1,-4,-1,-1,-1
1533864666853830,-2,-3,-4,1,-6,-1,0,3
1533864666853830,2,1,3,-17,-6,0,8,2
1533864666854829,-5,1,7,14,5,-2,-9,-6
1533864666854829,2,4,25,11,2,-1,-1,1
1533864666867783,-3,-1,0,-7,-16,-3,-1,-3
1533864666867783,0,0,4,-6,13,-1,-3,0
1533864666874767,-3,-2,5,-5,-4,-1,3,4
1533864666874767,8,-3,-46,20,-2,-2,-3,-4
1533864666890721,-3,-2,5,-28,-1,-1,-2,0
1533864666890721,-1,-4,-1,-16,-1,0,0,0
1533864666892715,0,-1,-2,-8,2,0,2,-1
1533864666892715,-1,1,-4,3,-9,2,14,22
1533864666913674,-4,-7,-9,1,-4,-8,-22,-19
1533864666913674,-2,-2,-6,-1,-1,1,-3,-10
1533864666914657,1,0,4,11,-5,-1,-2,0
1533864666914657,-2,-1,4,-12,4,2,-1,-10
1533864666927623,4,9,17,49,20,4,12,11
1533864666927623,-7,-4,-4,-26,-17,-8,-7,-1
1533864666936629,4,-3,-7,-48,-21,-1,-3,-5
1533864666936629,-5,-6,1,6,-7,-4,4,6
1533864666951563,-4,-8,-17,-19,-3,-7,-4,-3
1533864666951563,2,2,3,19,13,-4,-10,-5
1533864666952560,0,2,7,18,-12,0,7,4
1533864666952560,-4,-2,1,6,-1,7,5,5
1533864666973512,4,5,7,19,0,10,6,4
1533864666973512,-1,-5,-10,-30,-14,-7,-3,-4
1533864666975494,-2,-5,-7,-43,-2,-8,-6,-1
1533864666975494,-5,-4,2,-8,-9,-7,-10,-12
1533864666987496,-1,-2,-3,8,6,-1,-5,-3
1533864666987496,2,3,3,21,9,7,10,6
1533864666996438,-5,-2,1,7,3,-1,-1,1
1533864666996438,-2,-3,-3,-4,-8,-9,-11,-9
1533864667011399,0,-4,-4,-3,7,-2,-3,-4
1533864667011399,1,1,0,0,-4,0,4,9
1533864667012396,-2,0,3,22,-2,4,4,-2
1533864667012396,-3,0,2,4,18,2,4,-2
1533864667033548,-2,-2,-4,-22,-15,1,-1,-1
1533864667033548,-2,-1,0,9,3,-2,0,-4
1533864667035333,-3,-2,-2,13,-13,-11,-7,-5
1533864667035333,2,-2,0,-7,-5,-8,-9,-3
1533864667047322,0,0,-3,-15,9,4,-1,-1
1533864667047322,-4,1,-1,-4,-9,7,2,-3
1533864667056304,-2,-2,3,17,16,4,5,3
1533864667056304,-1,-4,-4,-12,1,-6,-9,-11
1533864667071238,-1,-2,-3,-1,-4,-11,-3,3
1533864667071238,1,1,1,6,-3,5,5,-1
1533864667072235,-2,0,2,1,5,2,-1,3
1533864667072235,-1,-1,0,-5,-3,3,-1,2
1533864667093179,-2,-2,-1,0,0,-2,-1,-2
1533864667093179,1,-1,-2,0,-7,-10,-4,1
1533864667095174,1,-1,-2,-3,2,-1,2,-3
1533864667095174,0,2,2,-1,4,2,-2,-1
1533864667107143,-2,-2,-2,3,-4,-4,2,-2
1533864667107143,0,-2,-2,-10,-4,-3,-9,-2
1533864667116137,-1,0,0,3,-2,1,0,-2
1533864667116137,-1,0,1,9,10,11,4,3
1533864667131081,-1,-1,-1,2,-12,0,4,4
1533864667131081,1,-4,-4,-14,25,-3,-6,-5
1533864667133073,-3,-2,-5,5,-27,-8,-5,-1
1533864667133073,1,-2,-3,-4,-5,-1,1,-2
1533864667154017,-1,-3,-4,-3,-11,-2,3,-2
1533864667154017,-2,2,2,6,7,3,1,4
1533864667155020,1,2,2,1,13,3,-2,1
1533864667155020,-3,0,-2,-4,-8,-1,1,-3
1533864667166982,-2,0,-3,-3,3,2,2,1
1533864667166982,-1,0,1,4,-1,-2,-1,1
1533864667175959,0,-3,0,-2,1,-6,-7,-5
1533864667175959,-2,-2,-3,-3,-6,-3,-2,-3
1533864667190923,0,-1,-2,-2,3,-3,-5,-4
1533864667190923,1,0,-2,0,-3,6,3,1
1533864667196906,1,1,0,3,7,5,2,4
1533864667196906,-3,-3,-1,-1,-3,-6,-2,-3
1533864667213875,-3,-1,1,-3,-3,-1,4,2
1533864667213875,-3,-3,0,4,-7,-4,-3,-4
1533864667214853,-2,-3,-3,-3,2,-1,-3,-4
1533864667214853,1,0,-2,0,0,0,0,1
1533864667226864,-1,0,1,2,0,1,2,1
1533864667226864,-3,-3,-1,-4,-2,-6,-3,-5
1533864667235801,-1,-1,0,-1,-4,0,-2,1
1533864667235801,1,-2,-3,-11,0,0,-4,0
1533864667250960,-3,-3,-4,8,-3,-6,-6,-5
1533864667250960,-1,0,0,-2,-6,3,9,3
1533864667252753,-1,-1,0,-2,4,-4,-5,-3
1533864667252753,-3,-2,-1,-1,3,-2,0,-3
1533864667273697,2,1,-1,-3,-3,2,0,-2
1533864667273697,-4,-1,-1,6,11,0,2,-2
1533864667275691,1,3,1,-4,-6,-1,3,2
1533864667275691,-3,-3,-6,-2,-5,-2,0,0
1533864667287669,-2,-3,-1,-4,-5,-2,-4,-4
1533864667287669,1,-1,-3,-1,3,-4,-9,-3
1533864667296634,-1,0,3,-2,7,1,2,-1
1533864667296634,0,1,1,4,4,7,1,2
1533864667310634,-2,-3,-3,-2,-6,-7,-1,-2
1533864667310634,-1,-3,0,-2,-5,-4,-1,-5
1533864667317578,-1,-3,-41,1,-4,1,-1,-2
1533864667317578,0,2,18,2,14,6,1,0
1533864667333740,-2,0,0,-1,-8,-1,0,1
1533864667333740,-1,-2,1,2,-3,-3,-5,-2
1533864667335532,-2,-2,-3,-6,-2,-5,-5,-4
1533864667335532,-1,0,-8,0,-7,-9,-4,-2
1533864667363659,0,1,-1,-3,6,6,-2,-1
1533864667363659,-3,1,0,-2,-5,-4,-2,0
1533864667365457,-2,-2,12,1,0,2,3,2
1533864667365457,-2,-3,-4,1,1,-3,-2,-2
1533864667370640,0,1,5,3,-1,1,-5,-1
1533864667370640,0,-3,-15,-5,-4,0,2,-2
1533864667378544,2,15,50,3,19,4,3,0
1533864667378544,-4,-9,-4,-1,-10,-3,-3,0
1533864667393380,-3,-3,-9,1,-12,-10,1,-1
1533864667393380,0,-4,-7,-5,-6,-5,-6,0
1533864667395370,-1,3,34,4,-7,-2,-6,-2
1533864667395370,0,2,-3,0,-6,-2,0,0
1533864667407339,-2,3,14,2,17,7,3,0
1533864667407339,-2,-1,4,-3,-8,-2,-2,-2
1533864667416315,0,-7,-18,-2,2,-1,-1,-3
1533864667416315,-1,1,-2,-2,0,0,-2,-4
1533864667430292,-2,-2,-3,-3,1,-3,-1,0
1533864667430292,-1,1,-2,5,-5,-1,-1,1
1533864667437468,-2,2,-113,-11,-4,-4,-6,-3
1533864667437468,2,-7,79,2,4,2,3,2
1533864667453219,-4,-1,4,-1,-3,-4,2,1
1533864667453219,0,1,29,2,4,1,-1,-2
1533864667455211,-2,-3,0,0,3,1,4,3
1533864667455211,-4,6,-35,0,-16,-10,-6,-4
1533864667476155,2,-3,8,-3,5,2,1,0
1533864667476155,-2,-5,-15,0,-4,-8,-7,-3
1533864667478153,-1,-8,8,-3,-16,-7,-8,-8
1533864667478153,3,7,-7,-3,20,11,9,7
1533864667490118,-2,-1,-4,0,-14,1,-1,0
1533864667490118,-2,0,-13,0,-1,2,3,1
1533864667497100,-1,-2,11,3,1,0,1,-2
1533864667497100,1,0,-3,-15,-8,-6,-3,-4
1533864667514067,-2,-1,-15,15,-1,-5,-3,-2
1533864667514067,0,0,2,-2,1,1,0,1
1533864667515051,0,-3,19,2,-2,1,-1,1
1533864667515051,-3,-3,-13,-2,3,-1,-2,-2
1533864667536203,-1,0,20,-10,3,-2,-3,1
1533864667536203,-1,1,4,-1,-4,0,0,-2
1533864667537991,-2,-4,3,-3,7,-6,-6,-6
1533864667537991,0,0,-8,4,-15,1,5,3
1533864667551040,-2,-2,-10,-8,-1,5,0,-2
1533864667551040,-3,0,0,1,11,-1,0,3
1533864667556939,-2,-2,1,-2,-6,-3,-1,-2
1533864667556939,0,-3,-10,-2,-1,-7,-7,-6
1533864667573898,0,1,1,3,3,3,10,3
1533864667573898,1,-4,-1,-2,-20,0,0,-4
1533864667574892,-2,0,1,-7,-1,-1,-1,2
1533864667574892,-5,-2,-3,7,-3,-6,-6,-5
1533864667595838,3,-2,-6,2,22,1,-1,-5
1533864667595838,1,-2,-1,2,-8,3,0,0
1533864667597829,-1,0,3,-12,12,-10,1,-1
1533864667597829,-7,-5,-4,10,-19,-3,-3,-3
1533864667609801,-1,-1,-6,-7,-7,-8,-8,-1
1533864667609801,-4,-3,-1,5,6,0,2,0
1533864667625755,1,0,7,-1,-2,3,0,-1
1533864667625755,2,0,-5,-18,5,0,1,0
1533864667633737,-1,7,-7,-4,-4,-5,-6,-7
1533864667633737,0,-10,0,-4,-2,-2,-2,-2
1533864667634752,-1,-2,4,2,0,6,4,2
1533864667634752,-1,-2,-2,-3,0,-4,0,-2
1533864667655692,1,1,-6,-4,2,1,0,2
1533864667655692,0,5,1,-2,0,-4,-1,-3
1533864667657670,-5,-3,-3,2,1,-5,-5,-5
1533864667657670,2,0,1,-6,-24,-6,1,4
1533864667670639,-4,-3,3,3,-12,0,5,0
1533864667670639,0,0,-3,1,4,2,1,-1
1533864667677623,0,-3,-3,-1,5,0,0,0
1533864667677623,-4,0,-2,6,7,-7,-11,-4
1533864667693777,0,-2,-2,-6,0,-6,-2,0
1533864667693777,-2,2,0,-3,-6,-2,3,0
1533864667695568,1,0,2,3,-9,6,0,-2
1533864667695568,1,-1,-1,-2,40,1,-1,0
1533864667716516,0,-5,-1,-3,-15,-4,-2,-2
1533864667716516,2,-1,-2,-9,5,7,0,0
1533864667717509,-4,-2,-1,12,14,-5,2,5
1533864667717509,-3,-1,-2,-10,-13,1,-1,-2
1533864667730474,-3,-5,-2,20,2,-2,-1,-3
1533864667730474,-1,1,-19,-31,-32,-5,-2,-2
1533864667737459,2,-3,10,5,-10,-6,-4,-2
1533864667737459,-3,-1,-1,-1,3,5,8,3
1533864667753413,0,0,1,-7,3,-1,-7,-3
1533864667753413,1,1,-1,9,23,10,3,-1
1533864667755408,1,1,-4,1,-24,-7,-1,-1
1533864667755408,-5,-2,-3,-1,-10,0,2,2
1533864667775356,0,-3,-3,-8,-3,-2,-1,-2
1533864667775356,0,-1,4,11,15,6,-4,2
1533864667783464,2,0,-4,2,31,1,1,-3
1533864667783464,-3,-1,1,-11,-49,-1,-2,-4
1533864667790315,-2,-3,-2,-3,21,2,2,0
1533864667790315,-4,-1,3,5,-17,-12,-5,-4
1533864667805277,0,0,-1,8,21,7,-4,-1
1533864667805277,4,1,-2,-2,39,1,3,0
1533864667813272,-1,-2,-1,-21,-36,-8,-4,-4
1533864667813272,-3,-4,0,5,-22,-3,-2,-2
1533864667815248,-5,-2,-3,-3,-16,-2,3,0
1533864667815248,1,-1,2,4,30,8,-1,0
1533864667836225,-2,-3,-2,4,0,1,-2,-1
1533864667836225,2,0,1,-5,7,-5,-2,-1
1533864667838199,-1,-1,-2,-3,-17,0,1,-1
1533864667838199,-2,-2,-5,-8,-21,-10,-2,-4
1533864667850166,3,1,-2,-7,27,5,0,-1
1533864667850166,-3,1,3,22,-3,0,2,4
1533864667857137,-4,-3,-2,-20,-40,-2,-5,-1
1533864667857137,3,0,1,17,17,8,0,1
1533864667873095,-1,-2,0,-1,21,-1,2,-1
1533864667873095,0,-1,0,-2,16,-1,-2,-2
1533864667875091,-4,-2,-3,-4,-7,-4,-1,-1
1533864667875091,0,-2,1,0,1,-4,-4,-3
1533864667896239,-2,0,-2,3,-3,-2,-1,-1
1533864667896239,-2,-2,-3,-12,-8,-2,-3,-1
1533864667898027,3,-1,-2,4,15,2,0,-1
1533864667898027,-1,-3,-3,-2,-23,-14,-7,-6
1533864667918972,3,1,0,-1,15,11,3,2
1533864667918972,-3,0,-1,7,2,-6,-2,-3
1533864667919968,0,-1,1,-9,-14,3,-1,0
1533864667919968,3,1,3,7,42,9,1,-2
1533864667934133,-6,-1,1,0,-33,-4,1,-1
1533864667934133,-2,-1,1,-17,-45,-3,0,1
1533864667934944,3,1,2,9,17,2,0,-1
1533864667934944,-2,-1,-8,2,6,-1,1,1
1533864667955872,1,7,15,4,6,-2,-5,-2
1533864667955872,-3,-15,0,1,11,2,1,1
1533864667957867,-2,-1,1,-4,-9,-1,-3,-2
1533864667957867,-2,-3,2,-5,1,3,-1,-3
1533864667970037,-3,-2,-8,-4,-15,-1,-1,0
1533864667970037,3,6,6,-10,26,0,-1,-1
1533864667978810,-3,-3,-6,-1,-28,-6,-1,-1
1533864667978810,-5,-3,-4,23,11,-6,-5,0
1533864667993807,-7,2,-11,6,3,-3,-4,-3
1533864667993807,-3,-13,-32,-9,4,-1,-6,-4
1533864667994768,2,0,-11,-3,19,9,3,2
1533864667994768,5,4,60,-5,-9,10,7,3
1533864668015712,0,1,18,4,15,1,3,0
1533864668015712,-4,2,-6,-5,-8,-4,-2,-1
1533864668017707,-4,-1,14,11,-3,-3,-2,-3
1533864668017707,-2,-2,-22,-6,-21,-4,-2,-2
1533864668029878,0,-6,-23,-6,-2,-9,-3,-3
1533864668029878,-1,2,15,0,25,6,2,0
1533864668046629,0,-2,-17,-8,-3,-7,-3,0
1533864668046629,-2,-1,-12,-4,-4,-3,-1,0
1533864668053614,3,-3,-1,-5,-9,-1,-1,0
1533864668053614,0,2,-3,3,7,0,-1,-3
1533864668055609,0,4,5,-2,-5,-1,-3,-2
1533864668055609,1,1,-12,-3,1,0,-3,-4
1533864668076549,0,-19,-28,-4,-10,-2,-1,0
1533864668076549,-3,0,6,3,-11,-4,2,2
1533864668077558,-1,-5,19,4,16,2,1,0
1533864668077558,-3,-8,-46,-9,-16,-4,-3,-3
1533864668089515,-5,13,-97,-13,-7,-3,-2,-3
1533864668089515,0,-23,26,9,0,-2,0,2
1533864668098491,0,-2,44,2,2,-1,-1,0
1533864668098491,-4,-1,4,-5,-1,-1,-3,-2
1533864668113646,-1,-10,12,-1,-7,1,-2,-2
1533864668113646,1,10,3,1,1,-4,-3,-3
1533864668115452,-1,4,-20,-4,-1,-3,-1,-2
1533864668115452,-2,-5,-3,-1,-7,-5,-2,-2
1533864668136605,-1,8,12,-1,4,-1,0,0
1533864668136605,0,0,-7,3,0,-1,-1,-2
1533864668137410,-2,-3,-9,-1,-1,-1,-3,-1
1533864668137410,-2,3,-4,-4,-4,-3,-2,-2
1533864668149377,-3,0,-5,-4,-5,-4,-4,-2
1533864668149377,-1,-9,-3,1,-2,-2,0,-3
1533864668158346,-3,-8,-87,-14,-9,-2,-1,-2
1533864668158346,-1,2,54,9,1,-3,-2,0
1533864668174289,-1,6,26,-1,-3,0,-1,-1
1533864668174289,-2,0,0,-3,-5,-2,0,-2
1533864668175285,1,3,8,4,14,3,0,0
1533864668175285,-3,-5,-12,-8,-21,-3,-4,-1
1533864668196230,4,-1,16,-2,-2,5,6,3
1533864668196230,1,7,-15,0,-5,-3,-1,-2
1533864668198224,-2,-4,-1,19,11,1,2,-3
1533864668198224,-1,0,-14,-23,-6,-3,-1,-2
1533864668209194,-3,-5,24,15,4,-3,-4,-2
1533864668209194,-2,2,-9,-17,1,1,-2,0
1533864668219168,1,2,6,-9,-9,0,1,0
1533864668219168,-1,1,4,12,5,-2,-1,-1
1533864668233130,0,-7,-1,0,6,0,-1,-1
1533864668233130,-3,0,4,-2,-10,-6,-2,-1
1533864668240112,-4,-2,6,-4,-2,-2,-4,0
1533864668240112,0,-1,-2,1,2,-1,0,0
1533864668256075,1,-2,1,-4,2,1,-2,-1
1533864668256075,1,5,-1,12,2,-2,-1,-2
1533864668258070,0,-2,11,-2,-3,2,-4,-4
1533864668258070,-4,0,-6,-6,1,-10,0,1
1533864668270238,-4,1,6,6,13,-4,-2,0
1533864668270238,-1,-1,-1,-11,-20,2,3,-1
1533864668279015,1,-1,0,4,5,3,1,1
1533864668279015,1,-3,-1,10,-14,-1,-3,-3
1533864668292972,4,0,4,-1,6,9,-2,-3
1533864668292972,0,2,0,1,-6,-10,-2,1
1533864668299953,-2,-3,-2,-10,-2,-6,0,2
1533864668299953,-1,0,-4,-7,5,3,2,0
1533864668315975,-3,0,7,17,-8,-3,1,1
1533864668315975,-2,-3,-6,-11,4,2,-4,-2
1533864668317904,0,3,4,7,-1,-3,2,0
1533864668317904,-4,4,-4,-2,3,-4,-3,-2
1533864668330078,-1,-20,2,-31,-9,-2,0,-3
1533864668330078,-1,-1,-4,26,13,3,0,1
1533864668338847,-1,-1,3,-19,-8,-2,0,-1
1533864668338847,0,-1,-2,10,10,1,-2,-1
1533864668352819,-4,4,-8,15,2,-2,0,-2
1533864668352819,-1,0,32,-14,-6,-5,0,1
1533864668359807,0,-1,9,1,0,-2,-7,-4
1533864668359807,0,-2,2,4,2,4,2,-3
1533864668376772,-2,2,0,-6,-5,0,0,0
1533864668376772,-4,2,-8,7,6,-1,-1,-8
1533864668377744,-3,3,-3,9,0,1,4,1
1533864668377744,2,-3,4,-14,1,3,-3,-4
1533864668389712,-2,1,-2,0,-5,-5,0,0
1533864668389712,-3,0,-6,1,-3,1,1,-2
1533864668398688,-2,1,0,11,-5,-5,-2,-4
1533864668398688,0,1,18,-38,-4,-1,-2,-3
1533864668412846,1,-3,-1,19,9,2,0,2
1533864668412846,-1,2,29,-15,-22,-1,-3,-2
1533864668419635,-5,0,60,25,4,-3,0,1
1533864668419635,-8,-3,-1,29,-1,-4,-3,-11
1533864668436588,2,0,-16,-44,-20,-2,-2,1
1533864668436588,3,3,21,-4,15,2,-2,0
1533864668437601,2,2,-15,-9,-2,-1,-2,-5
1533864668437601,-3,-6,-12,-2,3,-1,-1,2
1533864668458727,2,-3,-4,40,4,-4,-1,0
1533864668458727,0,2,-21,8,-9,-2,-2,-5
1533864668460522,-8,-4,-4,-52,-8,-2,0,-1
1533864668460522,8,1,-7,34,17,1,0,3
1533864668472697,-3,-2,3,-35,-36,-2,1,8
1533864668472697,-6,-10,-36,-12,16,0,-8,-11
1533864668481467,-1,1,-3,18,-15,-5,-5,0
1533864668481467,1,-14,-91,-20,5,1,0,1
1533864668496426,-2,7,26,15,-21,-3,0,-2
1533864668496426,1,2,-6,3,26,-1,2,4
1533864668497423,-2,-4,-21,-31,-42,-1,-3,-1
1533864668497423,-1,1,-1,-13,0,-3,0,-1
1533864668518565,1,18,72,47,17,1,-2,-3
1533864668518565,-5,-4,-6,-32,-2,-1,0,3
1533864668520362,0,-8,-15,-1,8,-2,0,-2
1533864668520362,-1,5,37,35,7,2,2,4
1533864668533327,-3,-7,-36,-51,-2,-3,-5,-5
1533864668533327,-2,-3,0,17,1,-4,-2,0
1533864668539312,0,1,11,9,16,3,-1,0
1533864668539312,4,4,-13,-34,-5,4,1,2
1533864668556274,-4,-8,-35,27,2,-5,-2,-4
1533864668556274,-1,-4,-13,-4,-5,-3,-1,0
1533864668557266,2,6,-12,-23,-14,-4,-3,-3
1533864668557266,-2,-3,16,21,-1,-2,-1,3
1533864668578208,-3,-6,-71,-6,15,5,-1,-2
1533864668578208,0,1,43,-1,-22,-4,1,2
1533864668580201,0,-11,-42,-39,-2,-1,-3,-3
1533864668580201,-7,-1,53,-17,-2,-5,-3,-2
1533864668592209,-6,-1,4,-3,5,-2,-3,-3
1533864668592209,6,0,-52,28,11,5,2,2
1533864668601146,-3,2,53,34,13,-1,0,1
1533864668601146,-1,-1,-77,-10,-11,-2,-2,-3
1533864668616105,4,-9,-31,-25,-13,-1,-1,0
1533864668616105,-7,4,26,19,8,-1,-1,0
1533864668618100,-1,-4,-34,1,8,1,1,1
1533864668618100,-3,9,31,29,3,-3,-1,0
1533864668639062,-4,2,7,3,-8,-2,-1,-2
1533864668639062,2,-15,-21,-30,-9,-3,-1,1
1533864668640042,1,-1,-22,-7,18,2,1,1
1533864668640042,-3,-5,5,29,-1,1,-2,-2
1533864668652010,2,5,17,19,4,0,0,-3
1533864668652010,1,4,11,-38,-14,-1,-1,0
1533864668660986,-6,-7,-14,19,8,-2,-1,0
1533864668660986,0,-1,9,-13,-5,0,-2,-2
1533864668675973,-3,-2,-27,-1,-5,-3,-3,-2
1533864668675973,5,6,44,19,17,4,1,2
1533864668677941,-1,-7,-55,-31,-17,-7,-4,-4
1533864668677941,-2,-3,3,-1,-10,-2,-1,-1
1533864668698888,-2,6,57,-21,-3,0,0,2
1533864668698888,-2,-13,-95,6,11,-3,-4,-5
1533864668699882,0,6,53,15,-3,-1,0,-2
1533864668699882,-2,-18,19,3,8,3,1,1
1533864668711850,-1,-17,16,-10,-1,-6,-1,0
1533864668711850,-2,0,1,-2,-6,1,0,-2
1533864668720826,-3,0,23,20,0,-2,-1,0
1533864668720826,1,3,-4,-23,-5,-2,-3,0
1533864668735914,4,3,0,23,19,2,-2,-1
1533864668735914,-3,-1,-4,6,-4,-1,-1,1
1533864668737781,0,1,25,-11,-2,0,0,0
1533864668737781,0,6,22,0,-1,-1,-1,0
1533864668758725,0,-1,-24,-21,0,-1,-2,-1
1533864668758725,2,13,56,26,23,3,0,-2
1533864668759756,7,7,38,0,2,2,3,2
1533864668759756,-11,-7,-31,-14,-21,-12,-4,-5
1533864668772688,1,2,27,-33,8,2,2,1
1533864668772688,-4,-8,-7,14,-17,-8,-5,-1
1533864668781663,2,4,-4,18,19,6,1,-1
1533864668781663,4,-19,7,-22,-6,2,1,1
1533864668795626,-4,-1,-12,16,-12,-5,-3,-2
1533864668795626,-4,3,-3,-24,1,0,0,0
1533864668797621,2,-1,-84,12,6,-2,-4,-5
1533864668797621,-1,7,-4,-3,-4,-2,-2,-3
1533864668818761,-3,-2,2,1,1,-2,6,4
1533864668818761,0,-2,2,-6,-11,-1,-9,-11
1533864668820559,-6,-1,6,5,-8,-5,-3,-1
1533864668820559,3,1,-4,-3,-7,-1,-2,0
1533864668832529,2,1,3,7,5,1,-1,0
1533864668832529,-5,0,-12,-10,-4,-3,2,0
1533864668841504,3,2,6,13,15,3,0,0
1533864668841504,-3,1,-25,0,-6,-3,-1,-2
1533864668856469,-5,-4,24,-33,-13,-2,-4,-2
1533864668856469,0,-8,-2,50,23,0,0,0
1533864668857462,-4,-4,-1,-55,-38,-4,-3,-2
1533864668857462,1,0,-2,33,13,0,-1,0
1533864668878420,0,4,-6,13,6,2,0,-1
1533864668878420,-1,1,-3,-35,-11,-2,1,0
1533864668880398,1,5,8,27,13,0,0,-1
1533864668880398,-3,2,5,-5,-9,-1,0,-1
1533864668892496,0,-4,-31,0,-5,-4,-3,-3
1533864668892496,2,-2,10,0,0,1,-1,2
1533864668900347,0,10,5,2,0,-1,-1,0
1533864668900347,-2,-1,53,-7,-6,0,0,-1
1533864668915333,-3,-2,-3,10,7,1,-1,-2
1533864668915333,-1,0,-15,-8,-11,-3,2,-1
1533864668916303,-4,-2,-10,0,-5,-2,0,-1
1533864668916303,2,5,22,-1,8,1,1,-1
1533864668938422,2,-1,10,12,13,0,0,-2
1533864668938422,-9,-6,-3,-16,-36,-7,-6,-3
1533864668938422,-3,-20,11,7,1,1,-2,1
1533864668938422,4,14,29,2,5,2,0,0
1533864668961184,-1,2,6,-12,-8,0,0,0
1533864668961184,3,-2,-6,-9,10,-2,0,1
1533864668962181,-3,-4,-13,6,-9,-6,-4,-4
1533864668962181,1,1,-19,6,-2,1,0,0
1533864668975192,-3,-3,-18,6,1,-4,-5,-3
1533864668975192,1,5,-12,-17,-10,5,4,1
1533864668976158,-2,-5,-28,-3,10,3,0,0
1533864668976158,-5,-3,-8,6,4,0,1,0
1533864668998104,-1,14,-16,-11,-10,-6,-2,-3
1533864668998104,-5,-7,-10,0,-3,-5,-1,-2
1533864668999082,1,-2,-5,3,-1,-2,-1,-1
1533864668999082,-1,4,-33,-8,0,-3,-4,-1
1533864669012048,-2,-12,25,-13,-4,0,-1,1
1533864669012048,2,1,2,2,1,0,-2,-2
1533864669020026,0,1,10,31,-2,-4,-1,-1
1533864669020026,-2,2,-24,-49,-5,-2,-3,-3
1533864669035984,-1,-3,-4,4,-2,0,-1,-1
1533864669035984,-1,-3,-4,3,2,0,-1,-1
1533864669035984,-1,-4,7,-17,-2,0,-1,-1
1533864669035984,-2,-6,-6,17,2,-3,-1,-2
1533864669057946,0,-4,-11,-1,5,1,-1,0
1533864669057946,-2,-6,9,7,0,1,0,-3
1533864669058922,0,4,10,-6,4,2,1,0
1533864669058922,-1,-3,-4,9,0,2,1,1
1533864669080871,-2,-1,1,-14,-2,-1,-2,-1
1533864669080871,0,7,11,29,5,-2,0,-2
1533864669081870,-2,-3,1,-30,-8,-5,-3,-2
1533864669081870,1,-2,-3,-16,-12,-1,1,1
1533864669095823,-2,-10,-32,37,5,-4,-3,-4
1533864669095823,-1,-2,-5,-37,-3,0,-2,-1
1533864669095823,-2,1,1,9,6,0,1,-2
1533864669095823,0,-2,10,-5,-1,-1,-2,-1
1533864669117969,-1,-1,-18,-3,-4,-1,-2,-2
1533864669117969,-5,-1,7,28,0,-2,-3,-1
1533864669118762,-1,0,1,7,15,-2,-2,0
1533864669118762,-2,14,-25,-14,-21,-2,-1,-2
1533864669140703,-3,-6,11,10,-5,-1,-1,-3
1533864669140703,3,0,5,-3,-3,1,2,-1
1533864669141700,0,-4,0,-7,0,-3,-1,0
1533864669141700,-1,0,32,23,15,-1,0,0
1533864669155663,-1,4,10,-16,-3,0,1,2
1533864669155663,-2,1,4,1,1,-1,-1,1
1533864669156662,-1,2,6,-3,-6,0,1,-2
1533864669156662,-1,-2,-8,9,7,1,1,-3
1533864669177604,-3,-2,-4,-26,-5,-2,-3,-2
1533864669177604,-2,-4,-9,-3,-3,-2,-2,1
1533864669178602,-2,-3,-10,4,-10,-2,-2,0
1533864669178602,-1,-6,-3,-21,5,3,1,1
1533864669201553,1,1,12,30,-2,-2,2,-1
1533864669201553,-3,-1,-5,-12,1,-3,-2,-1
1533864669201553,2,0,-1,-11,-12,1,-1,1
1533864669201553,-2,-6,1,5,10,-4,-3,-4
1533864669215532,-5,2,-16,-26,-32,-3,-2,-1
1533864669215532,2,-9,14,37,8,2,0,-1
1533864669216500,-8,-6,-10,-71,-5,-5,-3,-5
1533864669216500,-1,-3,0,7,4,1,2,0
1533864669237445,3,-5,-2,5,9,1,-1,-1
1533864669237445,-1,4,-16,0,-3,-3,-2,-3
1533864669238442,3,-6,47,16,4,1,2,1
1533864669238442,2,-9,-21,-14,-7,-4,-4,-2
1533864669261387,-5,1,2,-2,-6,-1,-3,-1
1533864669261387,-1,3,10,0,-4,-2,1,0
1533864669262380,1,5,1,7,11,1,-1,-1
1533864669262380,-3,-3,-13,-1,-11,-4,-1,-1
1533864669275343,2,0,17,14,7,2,-2,0
1533864669275343,1,-3,-11,-12,-3,0,0,-1
1533864669276341,0,-5,-23,10,10,1,-1,-3
1533864669276341,-10,-6,-4,-18,-29,-5,-3,-3
1533864669297285,-1,0,-4,-24,2,-5,-2,-1
1533864669297285,-2,-1,0,1,3,0,-1,-3
1533864669305264,-1,4,-2,11,-4,-1,-2,-1
1533864669305264,2,1,7,24,11,1,0,2
1533864669321222,-1,3,11,0,-1,3,-2,-3
1533864669321222,1,1,-10,-21,-2,0,-3,-3
1533864669322219,1,-7,53,16,12,1,0,2
1533864669322219,0,-4,-6,-9,-13,-3,-1,-1
1533864669335216,-3,-7,-22,5,-4,-3,-3,-1
1533864669335216,-1,-2,7,8,2,0,0,1
1533864669336181,-4,2,-22,-2,-10,-1,-1,-3
1533864669336181,1,3,1,-1,10,1,0,-1
1533864669358140,3,0,12,1,8,-1,0,-2
1533864669358140,-1,4,-5,-11,-9,-4,-1,-2
1533864669359120,-3,1,-9,0,-1,-1,0,1
1533864669359120,1,0,1,10,4,1,0,-2
1533864669381062,2,0,-7,1,2,1,1,0
1533864669381062,-4,-5,4,1,9,-4,-2,-2
1533864669382057,-1,-1,4,-12,-20,0,-2,-2
1533864669382057,-2,3,-30,-1,0,-5,-5,-3
1533864669395067,-2,-4,8,11,-4,3,0,-1
1533864669395067,-1,0,4,3,8,1,-2,0
1533864669396022,-2,-1,-3,-2,2,-2,-2,-1
1533864669396022,-1,2,1,3,-1,1,1,0
1533864669417961,2,5,3,4,7,-1,0,0
1533864669417961,0,-1,-11,-13,3,-2,0,0
1533864669418959,-2,1,-23,8,-7,-4,-2,-2
1533864669418959,-3,-5,3,5,2,0,-1,0
1533864669440909,-3,-3,-4,3,1,-2,-2,2
1533864669440909,-1,-1,4,0,-9,2,-1,0
1533864669441899,-2,-2,-7,3,3,0,-1,-1
1533864669441899,1,2,22,-2,3,-1,-1,1
1533864669455865,-1,-3,5,-2,0,-3,-2,-2
1533864669455865,2,-3,-33,-3,-2,-2,-2,-2
1533864669455865,-2,3,-3,5,0,0,-2,0
1533864669455865,-1,-3,-1,17,5,0,-1,0
1533864669477803,-3,20,-47,-61,-12,-4,-4,-2
1533864669477803,-1,-15,32,6,-4,-3,-2,0
1533864669478801,-1,0,4,-3,-2,-2,2,-1
1533864669478801,-2,-4,2,8,0,0,-1,-1
1533864669500771,-1,-2,-6,10,2,1,-1,0
1533864669500771,-1,5,-2,-10,1,-1,-2,-1
1533864669501740,1,-4,-1,-6,-13,-4,-1,0
1533864669501740,-3,-1,-4,2,3,-3,-3,-2
1533864669515700,-1,-3,11,3,-1,-2,1,1
1533864669515700,-4,1,-8,0,-10,-2,-2,-1
1533864669516710,-3,-3,3,8,3,0,-3,0
1533864669516710,0,-1,-4,-18,7,3,0,-1
1533864669537642,1,-6,9,27,-10,-2,-2,-1
1533864669537642,0,-2,-7,-28,-3,0,1,0
1533864669538638,-2,-1,-14,-18,-13,-4,-3,-2
1533864669538638,-1,0,1,17,8,2,-3,-2
1533864669560582,-2,-3,12,9,2,-1,-1,1
1533864669560582,1,1,1,8,-2,1,-1,-1
1533864669561578,1,0,-4,-6,4,-1,-2,0
1533864669561578,1,-2,2,-10,-4,-3,0,-1
1533864669575544,0,-3,5,4,6,0,-1,-1
1533864669575544,0,2,-3,-5,-4,-1,0,-1
1533864669583520,1,2,-5,1,0,0,-1,-2
1533864669583520,-2,-24,-7,18,12,0,1,0
1533864669597513,-1,1,20,-21,-12,-3,-2,-2
1533864669597513,-4,-1,-2,3,-3,-4,-2,-1
1533864669598480,-4,-4,2,-11,-6,0,0,-1
1533864669598480,2,4,7,-10,-5,-3,1,-2
1533864669621417,1,-1,2,4,5,0,-2,-1
1533864669621417,-1,-2,1,-1,-2,0,-2,-2
1533864669621417,-1,1,-5,2,6,-3,-1,-1
1533864669621417,0,4,-7,1,0,0,0,1
1533864669635382,0,1,-1,-9,6,2,2,0
1533864669635382,5,5,9,44,20,3,-1,0
1533864669636388,-7,-9,-14,-34,-7,-6,-5,-5
1533864669636388,-5,2,-6,-6,-47,-8,-1,3
1533864669658320,-3,-5,-4,9,-1,0,-3,0
1533864669658320,-3,0,4,11,1,1,0,1
1533864669658320,4,0,4,-3,18,5,0,-2
1533864669658320,1,17,-46,-11,1,-5,-2,-3
1533864669681258,0,3,48,-11,0,0,3,0
1533864669681258,-5,-3,-7,15,4,-4,-3,-4
1533864669682256,-1,0,1,1,1,-2,1,-1
1533864669682256,-1,1,8,-13,-3,-1,-2,0
1533864669695224,-1,-1,-18,9,-2,-1,-1,0
1533864669695224,0,-3,-5,-22,-5,0,0,-1
1533864669696217,-2,2,4,10,-2,-1,-2,1
1533864669696217,1,2,8,-4,0,0,-2,-1
1533864669718169,3,3,-4,16,6,3,0,0
1533864669718169,-5,-6,1,-21,1,-1,-1,-1
1533864669719156,-5,-6,-7,15,-20,-5,-3,-2
1533864669719156,-2,-4,3,-33,-4,-2,-2,-1
1533864669741100,-3,-5,-6,15,6,-4,-1,-1
1533864669741100,3,3,0,-6,-6,0,0,-1
1533864669742097,1,5,-2,10,9,1,-1,-1
1533864669742097,-1,-5,7,-12,-11,1,0,0
1533864669755060,-1,-4,-6,-1,0,2,-1,-3
1533864669755060,0,-3,-4,3,-3,1,-2,-2
1533864669756061,1,2,0,-6,6,0,-2,0
1533864669756061,-5,-9,6,11,-3,-4,-3,-5
1533864669778005,0,-5,-7,-18,1,-1,-4,-2
1533864669778005,-2,-2,-5,0,-11,-8,-2,1
1533864669778999,2,16,-33,7,6,2,-1,-3
1533864669778999,0,-5,-12,8,15,2,2,0
1533864669800941,-5,45,56,14,-12,-2,-1,-1
1533864669800941,-5,-13,18,12,5,2,2,-1
1533864669801939,-3,-4,0,-27,-12,-2,-1,-1
1533864669801939,0,-3,-10,-6,2,-4,-3,0
1533864669815902,1,-5,-34,-12,3,-1,-2,-2
1533864669815902,-1,5,1,13,2,-1,-1,-2
1533864669815902,0,-3,23,7,-3,1,1,0
1533864669815902,2,1,5,14,4,4,-1,-1
1533864669837843,-2,-15,-8,-11,5,-1,2,0
1533864669837843,2,3,-4,-15,0,0,-2,-1
1533864669838840,-8,-17,-11,13,-6,-7,-5,-4
1533864669838840,3,3,15,-3,15,2,-1,-1
1533864669861775,-4,-6,-11,17,-12,-2,0,1
1533864669861775,-2,-1,-11,-5,-3,-1,0,-1
1533864669862772,1,1,2,-5,-1,-1,-1,-1
1533864669862772,-2,-2,-35,6,-1,-2,-1,-1
1533864669875765,0,-5,8,6,4,3,0,-1
1533864669875765,0,-1,-8,-30,-4,-3,-2,-2
1533864669875765,-1,-3,10,10,-1,1,1,0
1533864669875765,-4,-3,4,-3,-3,0,-1,-1
1533864669897760,-2,-6,-10,-6,-1,-1,0,-1
1533864669897760,-1,-3,13,-2,-5,-3,0,1
1533864669898685,-1,-3,-5,4,4,-3,-1,0
1533864669898685,0,-4,9,0,-3,0,-1,0
1533864669920617,2,7,-6,-8,4,0,-1,0
1533864669920617,-2,-1,-11,1,-5,-1,-1,0
1533864669921614,-4,-1,10,-3,-7,-2,-3,-1
1533864669921614,-2,-1,1,-23,-2,0,-3,-4
1533864669935649,-2,-11,-5,1,-3,-4,-3,-2
1533864669935649,0,3,-3,5,4,1,0,-1
1533864669936632,-1,-4,-5,-17,-5,1,0,0
1533864669936632,1,1,17,11,10,1,-2,-1
1533864669957592,1,-4,-9,-12,-16,-3,0,-1
1533864669957592,2,-3,-1,-7,1,2,0,-1
1533864669958572,1,3,2,8,5,-1,2,0
1533864669958572,-1,-2,3,5,-4,-2,-1,-1
1533864669981518,-1,-5,-3,-7,6,-2,-2,-1
1533864669981518,-1,1,3,18,4,-2,-2,0
1533864669981518,-1,-5,-4,-19,-11,-4,-3,-3
1533864669981518,-3,-3,0,-29,-27,-6,-3,-2
1533864669994477,-4,-8,-38,-3,4,-3,-3,-3
1533864669994477,0,1,5,9,-10,-5,0,-2
1533864670002459,1,1,0,12,7,2,2,1
1533864670002459,-1,-3,-1,1,-1,-3,0,-1
1533864670017454,-2,-1,-4,-31,-22,-1,-1,-3
1533864670017454,0,0,-7,-8,5,0,-1,-1
1533864670018413,2,-2,3,0,1,-1,-1,-2
1533864670018413,-4,-3,-1,36,5,-5,-3,-1
1533864670040354,-1,-2,9,-15,3,0,0,0
1533864670040354,-4,-1,-5,13,-14,-5,-3,-1
1533864670048336,2,-17,19,-13,10,5,2,0
1533864670048336,0,1,3,-33,-23,0,2,0
1533864670055314,-3,-1,-1,18,7,-1,-1,-2
1533864670055314,0,-6,-1,0,15,2,1,-3
1533864670063296,-3,2,-8,-2,-18,-3,-2,-3
1533864670063296,2,17,2,11,2,-1,0,0
1533864670078256,3,-4,19,-11,9,3,0,2
1533864670078256,0,-1,-45,-18,-7,0,0,1
1533864670078256,-6,-11,-10,6,-10,-9,-5,-4
1533864670078256,-7,-7,-7,-8,5,-7,-6,-4
1533864670100396,1,4,6,-3,1,1,0,-1
1533864670100396,0,-1,-17,4,-1,1,-1,0
1533864670101191,1,-2,-8,-8,6,3,1,-2
1533864670101191,-1,-3,17,11,1,1,1,-1
1533864670115164,-1,-3,3,5,-5,-1,0,-1
1533864670115164,-1,-6,16,-10,3,-2,0,-4
1533864670123133,0,8,1,3,0,0,1,0
1533864670123133,-2,0,0,5,3,0,-2,0
1533864670138096,0,-3,-2,13,6,-1,-1,-1
1533864670138096,-3,5,8,-8,-4,-1,-1,-2
1533864670139090,-2,2,0,-4,-6,-3,0,-2
1533864670139090,1,-2,-8,9,4,2,1,-3
1533864670160037,-2,-1,-6,5,-3,-1,-1,-2
1533864670160037,-1,-1,11,-23,-7,-1,-1,0
1533864670161031,-2,3,-1,-7,1,1,1,0
1533864670161031,1,-4,16,16,8,1,2,1
1533864670174995,-6,-4,-14,7,-3,-2,-2,-3
1533864670174995,-2,1,10,-13,-17,-1,1,0
1533864670183184,-2,-1,-3,-2,0,1,-1,-1
1533864670183184,0,1,-14,-3,2,2,0,-3
1533864670197936,1,1,0,-6,7,-3,-2,1
1533864670197936,-3,-1,7,6,10,0,-1,-1
1533864670198930,-1,-4,-16,24,-1,-3,-4,-5
1533864670198930,-1,1,8,10,-2,0,0,0
1533864670220874,2,0,15,-31,-11,0,0,-1
1533864670220874,-4,5,-18,17,12,-1,-4,-1
1533864670220874,0,-33,27,-17,-6,0,0,2
1533864670220874,0,-3,2,17,6,2,1,0
1533864670234834,-4,-2,-3,-3,-11,-2,-2,-2
1533864670234834,-1,-2,-2,7,1,-1,-1,-3
1533864670242850,0,7,-41,-3,7,-1,-1,0
1533864670242850,-1,-2,-11,-3,-3,-2,0,-2
1533864670257773,-3,-6,12,3,2,1,0,-1
1533864670257773,0,-1,9,-4,2,-1,-1,0
1533864670258771,-2,7,-2,26,0,-1,-1,-1
1533864670258771,-1,-3,0,-36,-5,0,-2,0
1533864670280712,1,4,-12,6,0,-3,1,-2
1533864670280712,-1,-4,4,10,-7,-3,-2,-2
1533864670281709,0,7,6,-22,3,-1,-2,-1
1533864670281709,2,-3,-3,0,-4,-1,0,-3
1533864670294722,-7,-5,-16,18,19,-4,-3,-2
1533864670294722,-5,-5,-5,-14,-39,-6,-2,-2
1533864670303658,0,3,9,-11,-5,3,2,-1
1533864670303658,-1,0,-1,-5,4,-1,-2,-2
1533864670317639,4,14,-42,8,-4,-2,-2,-2
1533864670317639,1,-7,26,-18,-4,-1,-1,-1
1533864670325633,-5,1,-4,11,2,-4,-2,0
1533864670325633,-1,-1,5,-19,1,0,-1,2
1533864670340552,1,-6,11,15,2,-2,0,-1
1533864670340552,0,2,-7,-4,4,1,1,0
1533864670341552,0,-1,-5,5,-7,-1,-1,-3
1533864670341552,-3,-2,-4,-7,0,-1,0,0
1533864670363494,0,-10,-23,-14,-9,0,-2,-1
1533864670363494,-2,1,4,7,7,-2,-2,-1
1533864670364488,-3,-1,16,26,6,-2,-1,-1
1533864670364488,-3,1,-9,-22,-3,-1,-2,-1
1533864670378581,-1,-1,9,-9,-1,1,-1,1
1533864670378581,-1,-4,-5,-17,-25,-2,-1,-1
1533864670378581,1,22,-18,8,9,-2,-3,-3
1533864670378581,-2,-7,30,1,-3,-4,-2,0
1533864670400445,-4,2,22,7,1,0,0,-1
1533864670400445,-1,-5,-2,5,12,1,0,-2
1533864670401436,-1,2,16,-14,-7,-3,-1,0
1533864670401436,-2,-3,-17,14,-1,-2,0,0
1533864670423377,1,-2,1,-7,-1,-1,-1,0
1533864670423377,1,4,2,7,-2,0,0,0
1533864670424405,-2,-11,3,-3,-3,-1,-1,1
1533864670424405,-1,-1,-6,-5,-1,-2,-1,-1
1533864670438338,-3,-1,6,2,-3,-1,3,-1
1533864670438338,-1,-2,-6,2,4,-1,-3,-2
1533864670438338,0,-3,3,-8,-1,0,-1,0
1533864670438338,-1,-4,-8,0,-4,0,0,1
1533864670460282,-2,0,7,-3,-4,0,-1,0
1533864670460282,-2,1,-6,6,2,-1,0,-2
1533864670461276,0,-1,-1,-5,2,0,0,-3
1533864670461276,0,2,-1,-3,0,-1,0,-1
1533864670483217,-2,11,-4,5,-15,-6,-4,-2
1533864670483217,-2,-5,-3,-6,4,0,-1,-1
1533864670484218,0,-4,-9,-6,-2,-1,-1,0
1533864670484218,-4,-6,-11,7,-2,-2,-3,-3
1533864670498176,1,-2,13,3,-4,0,-3,0
1533864670498176,-1,-1,-1,1,5,-1,-1,-1
1533864670498176,-2,1,6,8,1,-1,-1,-1
1533864670498176,-2,6,3,-6,3,1,-2,-2
1533864670520121,-1,-3,-5,-1,2,0,-1,0
1533864670520121,0,1,-5,-6,-1,0,-1,0
1533864670521121,0,-2,-1,-3,0,-1,0,-1
1533864670521121,3,10,8,1,0,-1,0,-1
1533864670544057,-1,-16,15,9,0,0,-1,-1
1533864670544057,-2,-5,-2,-1,0,0,-1,-2
1533864670544057,-1,1,4,0,0,0,-1,-2
1533864670544057,-1,-2,-6,3,-4,-1,-2,-1
1533864670558019,0,1,-5,3,-1,-2,-2,0
1533864670558019,0,3,1,-12,2,0,0,-1
1533864670559015,1,-2,-15,5,0,-3,-3,-1
1533864670559015,-4,-26,11,10,0,-5,-1,-2
1533864670580955,-2,0,0,2,-2,0,0,-2
1533864670580955,-1,0,-5,4,0,-2,0,0
1533864670580955,-2,0,-6,-10,-8,1,-1,1
1533864670580955,2,4,-1,3,5,2,-1,0
1533864670603897,0,-1,-20,3,4,-2,0,-1
1533864670603897,-3,-6,8,-2,-13,-3,-3,-1
1533864670603897,1,-5,-31,6,5,-1,1,-3
1533864670603897,-2,6,0,-13,-3,-1,-2,-2
1533864670617894,-1,0,-4,-3,3,0,1,-1
1533864670617894,3,7,-3,3,8,1,-1,1
1533864670618855,3,1,2,-15,2,2,2,1
1533864670618855,-18,-32,-19,12,-29,-11,-8,-8
1533864670640795,-1,0,3,1,1,-1,-4,-1
1533864670640795,1,-2,-11,7,2,-1,0,-3
1533864670640795,1,7,25,7,6,-1,0,3
1533864670640795,7,29,-21,-1,5,1,2,2
1533864670663734,-4,-32,23,-31,-6,-4,2,3
1533864670663734,1,1,-3,0,6,0,-2,-1
1533864670664731,-4,-2,3,-12,-17,-2,-3,-3
1533864670664731,1,6,0,16,7,3,1,0
1533864670677819,-5,3,-15,-10,-8,-4,-5,-3
1533864670677819,2,4,4,2,3,0,2,2
1533864670678814,-3,-10,2,-15,2,-3,0,-2
1533864670678814,1,-1,-25,9,16,-2,0,-2
1533864670700755,0,8,0,-17,-38,-4,-3,-1
1533864670700755,-5,-7,5,23,2,-2,-1,-2
1533864670700755,-4,-5,0,-17,-9,-4,-4,-3
1533864670700755,-1,-6,-1,-11,-1,1,-3,-4
1533864670723694,2,6,-2,14,16,2,1,-2
1533864670723694,-3,3,1,1,1,-4,-2,-2
1533864670724702,0,0,-1,34,-6,0,1,0
1533864670724702,2,-2,13,-24,-7,0,0,1
1533864670737659,1,1,-2,-9,4,1,0,-1
1533864670737659,1,-1,6,8,-7,-2,0,0
1533864670745635,-1,1,2,9,12,-2,-2,-1
1533864670745635,3,13,36,-10,-4,-1,1,2
1533864670760596,-4,-16,17,6,3,2,-1,0
1533864670760596,-3,-5,-7,-8,0,0,-4,-2
1533864670761595,-1,-2,-3,-9,-1,1,-1,-1
1533864670761595,-3,-2,-9,-8,-12,-3,-3,-1
1533864670783534,1,4,-9,6,8,-2,-2,-2
1533864670783534,2,15,-4,-13,5,-1,0,-2
1533864670784532,-5,-14,-38,17,-6,-7,-4,-3
1533864670784532,-3,-2,5,16,0,-1,0,-2
1533864670798496,0,4,0,5,2,0,-1,0
1533864670798496,-2,-5,-7,-27,-4,0,1,0
1533864670798496,4,8,2,-47,14,3,1,-1
1533864670798496,-5,-8,-15,16,-12,-6,-3,-2
1533864670820438,-4,-1,-7,21,3,-3,-3,-2
1533864670820438,-3,-5,-11,-5,-9,-1,-1,-1
1533864670821433,6,7,17,36,18,6,3,2
1533864670821433,-2,-5,1,-48,0,-5,-1,-1
1533864670843375,-2,2,2,-15,-23,-1,1,0
1533864670843375,0,-4,0,-7,-3,-1,-3,-1
1533864670844371,-9,-6,0,13,-12,-2,-2,-3
1533864670844371,8,23,11,7,6,5,3,0
1533864670858336,-4,-2,-5,13,30,-2,-3,-3
1533864670858336,0,-1,2,26,-19,-1,0,1
1533864670858336,4,3,11,-17,3,-3,0,1
1533864670858336,0,3,2,3,3,-3,-4,-1
1533864670880424,0,6,9,-1,7,1,0,-1
1533864670880424,2,-5,2,-59,-16,-1,1,0
1533864670881416,-4,0,3,13,-6,-5,-2,0
1533864670881416,-1,-7,2,2,-12,-1,0,-2
1533864670903357,0,5,1,-9,7,-2,-1,-2
1533864670903357,-1,-4,5,50,9,0,-1,-2
1533864670904354,2,0,-5,-26,-10,0,-1,1
1533864670904354,-3,-8,-4,-10,1,-1,-3,-2
1533864670917325,0,1,6,2,-5,-1,1,0
1533864670917325,-5,-1,-4,0,4,0,-2,-1
1533864670925301,-2,-1,-6,-4,-7,-3,0,-1
1533864670925301,3,1,4,33,14,1,-1,1
1533864670940258,2,-1,-4,-28,-6,0,1,-2
1533864670940258,-3,-4,-6,13,-5,-4,-2,-2
1533864670941268,-2,19,12,3,1,1,-2,-2
1533864670941268,-4,-10,-9,-7,-6,0,-1,-2
1533864670971178,-2,-1,-4,29,8,0,-2,-2
1533864670971178,0,-4,4,-19,6,0,-1,-1
1533864670972173,-1,0,-2,-8,-12,0,0,-1
1533864670972173,0,3,-1,2,6,0,0,1
1533864670977163,0,-9,-43,-12,-10,-3,-1,-3
1533864670977163,-1,2,-3,10,3,1,-1,0
1533864670985345,-3,-6,2,-3,-1,0,-1,-3
1533864670985345,-3,-9,-32,-4,-2,-2,-1,-1
1533864671000098,-1,-4,7,10,-3,1,-2,0
1533864671000098,0,0,-4,-20,-2,-1,-2,-1
1533864671001095,-1,-7,-1,3,3,-1,-1,-1
1533864671001095,-2,-2,-3,-4,-4,-1,0,-1
1533864671024186,0,2,5,-4,-5,0,-1,-1
1533864671024186,2,0,3,8,7,-1,-1,-1
1533864671024186,-3,-3,5,-2,-3,0,-1,-1
1533864671024186,-1,10,4,-3,-3,-4,0,-2
1533864671037002,-3,-3,3,2,-4,-1,-1,0
1533864671037002,0,18,4,3,2,-1,-2,-3
1533864671045978,-3,-13,-8,2,2,-3,-1,0
1533864671045978,-2,-1,8,-10,-6,0,-1,-2
1533864671060939,-1,2,2,-2,-4,1,0,-1
1533864671060939,-2,-4,-13,-10,-2,-2,-3,-2
1533864671060939,-1,4,-2,17,-4,-4,-3,-1
1533864671060939,0,-4,8,10,-1,0,-2,1
1533864671083877,0,0,-2,-17,-4,0,-1,-1
1533864671083877,-1,-6,2,1,4,0,0,-2
1533864671084871,-1,-2,-1,-3,-1,0,1,-1
1533864671084871,-1,-5,-1,-5,1,0,-1,1
1533864671096842,1,2,37,5,-1,-2,-3,2
1533864671096842,-3,-8,-7,-2,2,0,-1,-1
1533864671105815,-1,-1,2,4,1,-3,-2,-1
1533864671105815,-3,0,-4,-19,-10,-5,0,-2
1533864671120778,0,0,-10,2,8,0,0,-1
1533864671120778,1,-1,1,7,-15,-1,2,0
1533864671120778,-4,-9,-2,-12,2,-4,-1,-1
1533864671120778,0,-4,3,14,-6,3,-1,-1
1533864671143717,-3,-6,-13,-31,-1,-1,-1,-3
1533864671143717,-1,-3,2,3,8,2,0,1
1533864671144711,2,-1,-6,4,-1,1,1,-2
1533864671144711,-3,0,-2,6,2,-5,-3,-1
1533864671157683,-1,14,-19,-1,-5,-2,0,0
1533864671157683,-2,-15,11,-2,0,1,0,2
1533864671165655,-3,-7,-2,-11,-3,-1,-2,-3
1533864671165655,-2,-16,10,7,6,0,-2,0
1533864671180656,0,1,4,17,-4,-1,1,-1
1533864671180656,0,5,-3,-7,-1,-1,-1,-1
1533864671181657,0,2,2,-7,-2,3,-1,1
1533864671181657,1,2,1,39,8,4,0,-2
1533864671203562,-1,-9,-10,-77,-6,-4,-3,-1
1533864671203562,-5,-5,-31,11,-14,-9,-4,-2
1533864671204552,-4,-5,14,-16,-5,-3,-1,-1
1533864671204552,1,-2,-3,27,17,-1,-1,0
1533864671217522,0,-1,0,-15,-29,-1,-1,-1
1533864671217522,2,5,0,-5,9,3,-1,-3
1533864671225526,0,8,-6,12,4,-2,-1,0
1533864671225526,-6,-1,-6,-6,-4,-4,-3,-2
1533864671248442,-1,-3,12,24,13,0,1,0
1533864671248442,0,1,3,-49,-32,-3,-1,-1
1533864671249438,0,-3,-5,12,6,0,-2,-1
1533864671249438,1,0,4,-22,-3,-1,2,-1
1533864671263396,-1,-3,-3,26,9,-1,0,0
1533864671263396,0,3,4,4,1,1,0,-1
1533864671264393,1,16,-21,-2,3,-2,-2,-1
1533864671264393,-1,-12,1,-6,-1,0,0,2
1533864671286511,-3,-5,-12,-1,-8,-1,-1,-2
1533864671286511,-2,2,7,6,8,-1,0,-1
1533864671287342,0,0,-4,-8,-9,0,0,0
1533864671287342,1,6,3,-10,-2,0,-2,-2
1533864671300341,0,2,-19,27,9,1,-1,-1
1533864671300341,-2,-20,13,-6,-4,-7,-2,-2
1533864671301293,-2,-1,16,25,-2,-4,-2,-3
1533864671301293,-2,1,-8,-42,-12,-2,0,-1
1533864671323237,-1,-4,13,19,17,2,-1,1
1533864671323237,2,7,5,19,11,3,1,2
1533864671324233,-3,-8,-6,-29,-15,-4,-2,-1
1533864671324233,0,0,-1,-23,-20,0,0,-1
1533864671346186,2,2,-3,33,20,1,1,-3
1533864671346186,-9,-5,-13,0,-11,-4,-5,-3
1533864671347172,2,-4,6,-26,-18,2,2,0
1533864671347172,1,1,0,27,7,1,-1,0
1533864671361189,-2,-2,1,-34,-13,-2,-1,1
1533864671361189,4,2,0,17,17,1,-1,-1
1533864671362133,-3,-2,-2,12,12,1,0,1
1533864671362133,-1,3,-1,-12,-1,-4,-1,0
1533864671384167,-1,-2,8,6,-8,0,0,-1
1533864671384167,1,-3,-8,-8,13,-1,-3,-2
1533864671384167,-5,-2,-9,-5,-12,-5,-4,-2
1533864671384167,-1,-19,20,15,-8,-1,0,1
1533864671406012,-1,0,1,-27,0,-2,-2,0
1533864671406012,-4,0,-5,13,11,-2,-2,-1
1533864671407036,2,-5,-4,-2,-9,-2,0,-2
1533864671407036,-2,5,-9,21,23,-2,-2,-3
1533864671420972,-2,-1,3,-12,-37,-2,-1,-1
1533864671420972,-1,0,6,-42,-4,1,2,1
1533864671420972,2,4,2,19,4,1,-1,0
1533864671420972,4,15,-2,-4,15,-2,-1,-3
1533864671443911,-6,-12,-2,4,-2,-3,-4,-3
1533864671443911,1,1,-6,-2,-5,-3,-1,0
1533864671444914,-1,-3,12,1,1,2,-1,-1
1533864671444914,-1,3,-10,-8,-11,-2,-1,-2
1533864671466042,0,2,0,11,8,0,0,-1
1533864671466042,0,3,5,9,-8,0,1,-1
1533864671466850,0,-2,-8,1,19,-1,1,1
1533864671466850,-4,-6,-3,3,-3,-1,-3,-4
1533864671480813,-1,-1,-9,-16,-9,-6,-2,-2
1533864671480813,-5,-3,-3,12,-4,0,-1,0
1533864671480813,0,0,1,-5,-6,-1,0,0
1533864671480813,1,1,-1,-4,3,1,0,-2
1533864671503754,1,3,5,6,0,-3,-1,-1
1533864671503754,1,2,-3,-1,-3,0,-1,-1
1533864671504748,1,-1,2,7,14,4,1,-1
1533864671504748,4,4,7,14,-6,3,1,2
1533864671526706,-7,-7,-11,-29,6,-4,-5,-4
1533864671526706,-5,-5,-2,15,0,-4,-4,-4
1533864671526706,0,1,0,5,4,-2,-3,-3
1533864671526706,-2,-4,-1,-16,-6,1,1,-2
1533864671540652,3,4,1,16,7,3,2,1
1533864671540652,1,-2,7,-22,-14,-1,1,-1
1533864671541652,-2,0,-1,7,16,0,0,-2
1533864671541652,-4,-1,-7,-18,-36,-5,0,0
1533864671563627,-1,4,27,0,1,-1,-1,-1
1533864671563627,-6,-1,-9,-9,-2,-3,-3,-2
1533864671565629,-5,-3,-5,18,0,-4,-2,-1
1533864671565629,1,6,45,-3,8,0,0,1
1533864671586549,1,-2,-13,-3,-7,0,-2,-1
1533864671586549,1,-1,3,5,2,0,0,2
1533864671587536,0,-2,6,-11,-9,-4,-3,-1
1533864671587536,-2,-7,-19,-4,0,-2,-3,-1
1533864671599495,-2,-4,-3,7,2,1,0,-1
1533864671599495,0,1,2,9,2,1,1,0
1533864671608476,2,23,-35,3,-4,-2,-3,-4
1533864671608476,-3,-21,-6,-32,-9,-2,-1,-2
1533864671623435,0,-3,-2,10,2,-2,0,-1
1533864671623435,0,-1,-1,4,1,-1,0,0
1533864671625430,-3,-1,-2,-21,-10,-3,-1,-1
1533864671625430,0,3,-8,25,8,1,-3,-2
1533864671646388,-3,-1,1,-15,-3,-1,0,-2
1533864671646388,-1,-3,-5,2,-2,-1,-2,0
1533864671647402,-1,-5,-3,-11,1,0,-1,0
1533864671647402,-3,-2,-21,45,22,-2,-1,-3
1533864671659351,-4,-5,14,-45,-25,-5,-1,-1
1533864671659351,-2,0,-2,38,2,-4,-3,-2
1533864671668314,-5,-10,-6,-28,-2,-3,-2,0
1533864671668314,-2,1,-3,-4,3,0,-2,-1
1533864671684268,2,4,-9,18,13,1,-1,-1
1533864671684268,4,-1,3,-22,-1,0,0,0
1533864671685285,1,-4,12,38,1,0,0,1
1533864671685285,-6,-1,-6,-48,-14,-1,-1,0
1533864671706212,0,3,5,-6,-5,-3,-1,0
1533864671706212,-3,1,2,-7,-5,-2,0,-1
1533864671707206,1,-6,0,9,-1,0,1,-3
1533864671707206,0,3,6,11,2,-2,0,-1
1533864671720172,6,-1,-3,20,28,3,0,-1
1533864671720172,-8,-8,-16,-34,-48,-11,-4,-4
1533864671729149,-4,12,-6,-30,-7,-3,-4,-4
1533864671729149,-3,-3,-4,-4,-9,-2,-1,-2
1533864671743110,-2,1,-1,8,3,0,0,-2
1533864671743110,4,-1,3,13,18,2,1,-2
1533864671745106,0,-1,0,-6,-9,1,0,0
1533864671745106,0,3,0,-1,2,-4,0,-2
1533864671766052,-3,-4,-7,9,-5,-2,-2,2
1533864671766052,1,4,-1,-5,7,1,0,1
1533864671768044,-2,-7,-3,0,-7,-2,0,0
1533864671768044,2,4,25,1,6,3,-1,1
1533864671780015,-5,-5,-5,2,-6,-3,-1,-2
1533864671780015,-2,-1,-3,-2,2,-1,0,-1
1533864671788988,-2,-4,9,4,2,-1,-1,0
1533864671788988,2,-3,-3,11,14,2,-1,-2
1533864671803951,-5,-1,-8,-10,-11,-8,-3,-3
1533864671803951,-1,-3,3,9,-13,-1,-3,-1
1533864671804945,-3,-5,-7,-36,-1,1,-1,-2
1533864671804945,-1,2,-8,4,-2,-1,-1,-2
1533864671826893,-4,-4,-3,23,2,2,-2,-2
1533864671826893,1,2,-3,-17,4,3,2,0
1533864671827906,3,0,8,41,8,0,0,-1
1533864671827906,-8,-6,-12,-21,1,-5,-5,-1
1533864671839852,0,-1,-1,1,-22,-2,-3,-1
1533864671839852,-2,-3,-3,-26,0,0,0,-3
1533864671848828,1,-1,7,11,10,1,1,1
1533864671848828,1,2,0,-1,-6,-2,1,0
1533864671863791,0,-2,-4,4,1,1,-2,0
1533864671863791,0,0,-1,11,6,0,-1,0
1533864671864786,-1,-3,0,-4,-3,-2,-2,-3
1533864671864786,-2,-2,-6,-1,-3,-2,-1,-1
1533864671885729,0,0,-4,-5,6,3,0,0
1533864671885729,2,0,3,6,8,3,-2,1
1533864671887724,-3,-4,0,-18,-6,-1,-2,-1
1533864671887724,1,-1,0,24,11,-4,-1,0
1533864671899695,-6,-2,-5,-31,-35,-7,0,0
1533864671899695,5,-1,5,0,35,6,-1,-3
1533864671908673,-6,-4,-8,0,-32,-10,0,1
1533864671908673,-5,-3,-5,10,-26,-1,-2,-1
1533864671923628,0,-1,-3,-7,24,0,-1,-1
1533864671923628,-3,-2,-6,-15,-13,-5,-2,-2
1533864671925622,2,0,1,-2,19,3,0,-1
1533864671925622,0,0,-2,-12,2,-1,-2,-1
1533864671946570,0,1,2,18,6,-1,2,-1
1533864671946570,-2,-11,-43,1,-7,-4,-1,-1
1533864671947565,0,21,-5,-3,-3,-1,-1,-2
1533864671947565,-3,-9,3,-2,-6,-1,1,-1
1533864671959532,-1,3,33,-5,1,1,-1,0
1533864671959532,-2,-2,4,10,-3,-2,-2,-1
1533864671968524,-2,-1,-4,-1,-3,-1,-2,-1
1533864671968524,0,13,-10,-6,1,-1,-2,-2
1533864671983474,0,-1,-12,5,3,0,-1,-1
1533864671983474,-3,-17,12,-31,-12,-2,2,-1
1533864671985463,0,-6,18,14,2,0,-1,1
1533864671985463,0,0,-1,-13,-2,-1,-1,-2
1533864672006407,5,-4,-7,20,10,0,-1,-1
1533864672006407,-12,4,0,5,-12,-8,-2,-4
1533864672007432,0,-4,-18,7,0,0,0,-3
1533864672007432,-1,-4,38,-1,5,1,-1,0
1533864672019410,2,6,-1,7,2,-1,-2,0
1533864672019410,1,3,11,3,1,-1,0,-1
1533864672028351,2,-1,11,-9,-2,2,-2,0
1533864672028351,-1,-1,-15,10,10,-2,-1,-1
1533864672043308,-4,-6,-6,-10,-5,-2,-3,-2
1533864672043308,0,2,4,5,-1,-1,-1,-1
1533864672045304,-1,-7,-2,-3,-5,-3,1,-1
1533864672045304,3,-4,-10,-8,2,2,-1,-1
1533864672066264,-1,1,-2,-2,1,1,-2,-2
1533864672066264,0,-1,-18,-4,-8,-2,-2,0
1533864672068242,-1,4,4,19,0,0,-4,0
1533864672068242,-1,-21,11,-16,-2,0,0,2
1533864672080398,-6,-7,-3,-8,-11,-1,0,1
1533864672080398,1,5,6,47,0,0,-1,-2
1533864672089196,0,-6,-7,-66,-2,0,0,-1
1533864672089196,-1,6,-2,12,-7,0,0,-1
1533864672104145,-2,-3,-6,-10,2,0,-1,-2
1533864672104145,-1,-3,5,4,4,0,-2,-1
1533864672105161,-3,-3,4,7,-4,-3,-2,-1
1533864672105161,-2,0,-14,3,-8,-5,-1,0
1533864672126090,3,0,5,-5,15,5,-1,-1
1533864672126090,-2,3,-2,-9,-1,-6,1,0
1533864672128097,-5,-1,-5,14,-7,0,-1,-2
1533864672128097,-5,0,-3,6,11,-1,-3,-3
1533864672140050,-1,0,-1,4,-29,-6,0,1
1533864672140050,-2,1,5,-9,12,7,0,-2
1533864672149025,0,-2,-1,-4,5,1,-1,-2
1533864672149025,-1,0,16,-7,-10,-3,0,0
1533864672163988,-1,2,-2,13,19,2,0,-2
1533864672163988,-1,-1,9,-4,-7,-4,-2,-2
1533864672164987,-2,-3,5,-1,-7,-5,-2,0
1533864672164987,0,1,-9,3,5,2,-2,-2
1533864672185929,-2,-1,-3,0,0,-3,-1,-1
1533864672185929,-3,1,-5,1,-10,0,0,0
1533864672187921,-1,-1,-8,7,2,2,0,1
1533864672187921,1,2,-2,16,2,0,-1,-2
1533864672199892,0,-4,-6,-29,-4,1,-1,-2
1533864672199892,0,2,1,-12,-7,-4,-1,0
1533864672208870,-2,-3,-1,-11,2,-2,-2,-4
1533864672208870,-3,-1,-10,-3,-4,-3,-1,0
1533864672223842,-5,-7,4,5,-2,0,-1,-2
1533864672223842,1,2,-2,6,3,0,0,-1
1533864672224824,-1,-2,-1,-1,0,-1,0,1
1533864672224824,2,2,0,-4,5,2,0,-1
1533864672245770,3,6,-4,2,1,0,-1,0
1533864672245770,-2,0,0,9,-3,0,-1,0
1533864672247763,-1,-3,-5,-29,-3,-1,-2,-1
1533864672247763,-2,-2,-8,-4,-7,-4,-3,-1
1533864672268708,-1,-3,0,0,2,-1,-2,-1
1533864672268708,-2,-2,-4,-5,2,0,-1,-1
1533864672270703,-1,-2,5,15,-1,-2,1,0
1533864672270703,-1,1,-3,-3,-3,1,2,-2
1533864672283665,-1,-1,-2,-8,-3,-3,0,-1
1533864672283665,-1,-5,-3,1,-1,-1,-1,-1
1533864672285663,-1,1,-5,1,-2,0,-2,-1
1533864672285663,-2,-2,5,-2,-1,-2,-3,0
1533864672306604,0,-2,-4,4,-6,-1,-2,0
1533864672306604,0,-1,-3,1,4,1,-2,0
1533864672307620,1,3,43,14,10,2,1,-1
1533864672307620,-1,6,7,-21,-6,-2,-1,-2
1533864672328548,-6,-7,-3,6,-10,-2,-1,-2
1533864672328548,-3,-1,3,-21,-9,-1,-4,-2
1533864672330540,0,-6,-7,22,2,2,-1,-2
1533864672330540,0,1,-8,-24,-6,-2,-2,0
1533864672343509,1,5,4,9,5,1,-1,-1
1533864672343509,1,-1,-4,-13,18,6,2,0
1533864672345500,-4,3,-16,7,-14,-7,-3,-2
1533864672345500,0,-5,-5,4,-13,-5,-3,-2
1533864672366447,-1,-2,-11,1,-2,-4,-1,-2
1533864672366447,0,-2,-2,7,3,0,-1,-3
1533864672367441,0,-1,-4,-8,4,1,1,-2
1533864672367441,-2,-2,2,1,3,-1,0,1
1533864672388385,-1,-5,2,-6,-3,-3,0,-1
1533864672388385,0,2,3,-1,-2,-1,0,0
1533864672390389,-3,-2,-6,13,0,-4,-2,-1
1533864672390389,-3,-5,-7,-29,-4,-1,-1,-1
1533864672403348,-1,2,-3,6,-2,-2,-2,-1
1533864672403348,-2,-1,-1,-6,-4,-3,-2,0
1533864672410329,-2,-3,-10,-8,0,0,-1,0
1533864672410329,3,13,-36,6,6,0,-2,-3
1533864672426432,-2,-3,7,3,0,1,0,1
1533864672426432,0,-1,3,33,-2,-3,-1,-4
1533864672427297,-1,-5,-4,-43,-28,-3,-2,-2
1533864672427297,-1,3,-2,-7,4,0,-1,-1
1533864672448225,-4,1,-1,-5,4,-1,-2,-1
1533864672448225,0,-3,-2,11,1,-3,-1,-1
1533864672450220,2,14,-15,14,7,-1,0,-3
1533864672450220,-3,-7,8,2,7,3,1,-1
1533864672463222,-1,-2,-7,-10,-19,-5,-3,-2
1533864672463222,-2,-6,1,-1,-1,2,0,-2
1533864672470203,2,0,3,4,3,0,0,1
1533864672470203,-1,-4,5,3,-2,-3,-1,-3
1533864672486176,1,-3,5,1,5,0,-1,0
1533864672486176,-3,3,-10,-9,-3,-2,-2,-3
1533864672488152,0,-3,1,-8,3,2,-2,-2
1533864672488152,0,-5,5,35,6,-2,0,-1
1533864672509099,-1,-1,-8,-25,-11,-2,-3,-2
1533864672509099,-1,-2,0,-17,-5,-3,-2,0
1533864672510109,-2,-3,0,9,5,0,-1,-1
1533864672510109,0,5,-3,13,1,2,1,0
1533864672523059,-3,-16,-34,-6,-3,-2,-1,-2
1533864672523059,-2,-2,6,1,4,-4,-2,-4
1533864672530040,-2,-5,1,9,7,-3,-3,-2
1533864672530040,-4,-1,-1,-7,-12,-3,-1,-1
1533864672546001,1,5,-1,2,6,0,0,-1
1533864672546001,-1,-3,-6,-5,-9,1,-1,0
1533864672548005,-3,-7,-5,0,0,-2,-1,0
1533864672548005,0,-3,10,0,-1,-1,-1,0
1533864672568939,-1,2,6,20,2,-1,-1,1
1533864672568939,-1,-3,-1,-17,-3,-3,-4,1
1533864672569933,-1,2,4,-2,-1,-2,-1,-2
1533864672569933,-1,-6,-3,-6,-6,-3,-2,-1
1533864672582898,0,1,5,16,5,-3,0,-2
1533864672582898,1,2,-1,-8,1,1,0,-1
1533864672589880,-3,-3,-7,1,-4,-2,-2,-2
1533864672589880,-4,-3,1,3,2,0,-1,-1
1533864672605853,1,2,3,-7,3,-2,-2,-2
1533864672605853,0,0,-4,-9,-3,-4,1,-1
1533864672607832,-3,-1,-1,-9,-6,-1,-3,-2
1533864672607832,0,-4,0,-4,-3,1,-1,0
1533864672635949,0,1,6,8,6,1,-1,0
1533864672635949,-2,-2,-1,2,-1,-2,-2,0
1533864672637769,0,-1,3,10,6,0,-1,-1
1533864672637769,-3,1,-8,-34,-15,-4,-2,-2
1533864672642947,-2,-22,9,-7,3,-1,0,-1
1533864672642947,-1,-2,-2,6,-13,-4,-2,-2
1533864672649916,-2,-3,-2,-5,-2,-1,-1,0
1533864672649916,0,-3,-2,4,3,0,-1,-1
1533864672665677,1,7,0,-6,-2,-2,1,-2
1533864672665677,0,-2,-27,3,10,0,-2,-1
1533864672667671,-4,-3,2,-6,-13,-4,-1,0
1533864672667671,-1,-1,-1,19,4,1,1,-1
1533864672688620,-3,2,0,-36,-11,-1,-1,1
1533864672688620,-3,0,1,17,5,-2,-1,-1
1533864672690610,1,3,-5,-10,1,1,-1,0
1533864672690610,1,-1,3,6,4,-3,-2,-4
1533864672703579,-1,0,-7,21,2,0,-1,-2
1533864672703579,-3,-2,2,-39,-6,1,1,-1
1533864672709560,-2,-2,-2,4,-1,-2,0,-1
1533864672709560,-3,-3,2,-3,-2,-2,-2,-1
1533864672726518,0,0,2,7,-1,-1,-1,0
1533864672726518,0,1,6,4,2,3,-2,0
1533864672727529,1,-3,0,2,7,-2,1,-1
1533864672727529,-2,-1,-4,-19,-16,-6,-1,-2
1533864672748456,-1,1,-2,-3,0,-2,-1,-2
1533864672748456,-2,0,1,12,4,0,1,-3
1533864672750451,-2,-1,-6,-20,-12,-2,-3,-3
1533864672750451,0,-1,-2,0,4,-1,-3,-2
1533864672762628,0,1,1,14,-3,0,-1,0
1533864672762628,1,2,8,-1,10,2,0,1
1533864672771395,0,-2,-2,-16,-4,0,-1,-3
1533864672771395,-2,-1,-1,5,-4,-3,-2,-2
1533864672786357,0,2,1,-15,-8,0,0,-1
1533864672786357,1,-1,1,16,3,-2,0,-1
1533864672787352,-1,8,-44,12,8,-1,-1,-3
1533864672787352,-1,-17,11,-2,-6,3,1,0
1533864672808429,-1,0,0,0,-2,-1,-3,-1
1533864672808429,-4,-3,-4,1,-6,-3,-3,-2
1533864672810290,1,3,-1,8,1,0,-1,0
1533864672810290,1,2,-5,-29,-15,-2,-1,-1
1533864672822283,-1,-1,-3,12,7,-4,-2,-2
1533864672822283,-2,-3,-2,-4,-4,-1,2,1
1533864672831234,-1,-2,12,1,5,2,0,-1
1533864672831234,-1,1,-6,6,6,0,-2,1
1533864672846194,1,1,6,-11,-4,3,0,-3
1533864672846194,0,2,-2,3,2,-2,-1,0
1533864672848189,-1,-2,12,-1,3,1,2,1
1533864672848189,-3,-3,-12,4,-10,-3,-1,-2
1533864672869136,-6,-5,-14,-34,2,-4,-3,-3
1533864672869136,-2,-2,-2,-3,-4,-3,-2,-2
1533864672870131,2,-1,7,16,3,0,0,0
1533864672870131,-1,1,0,1,7,1,0,1
1533864672882099,0,-1,-1,0,-2,1,-1,0
1533864672882099,-1,-1,-1,11,3,1,-1,-1
1533864672891089,1,16,-2,-5,3,0,-1,0
1533864672891089,-1,-2,1,-13,-2,-2,0,0
1533864672905037,-6,-3,-4,19,-12,-2,-2,-1
1533864672905037,-1,-1,1,-46,-5,-1,0,-1
1533864672914012,1,1,0,1,0,-1,0,-1
1533864672914012,0,2,1,3,8,2,0,-1
1533864672928976,0,1,1,14,6,1,1,0
1533864672928976,-1,-2,-3,7,-4,-3,-1,-1
1533864672929971,-1,-7,4,-10,-4,0,1,0
1533864672929971,-2,-3,-30,12,11,-1,-3,-2
1533864672942936,-1,-2,4,-4,-7,-3,-1,0
1533864672942936,0,0,-1,6,0,1,-1,0
1533864672950917,-3,-9,3,-7,-7,-8,-5,-2
1533864672950917,3,1,7,9,8,4,1,0
1533864672965877,4,7,1,12,-2,1,3,1
1533864672965877,-10,-10,-17,-38,-23,-9,-7,-5
1533864672967869,-4,-6,-6,0,0,-5,-1,-2
1533864672967869,-3,-1,5,4,3,1,-2,0
1533864672988856,0,0,0,-8,3,4,1,-2
1533864672988856,3,3,9,21,5,2,0,0
1533864672989824,-1,-5,3,0,-4,-1,0,-1
1533864672989824,-3,0,3,9,-3,-5,-2,-2
1533864673002948,1,1,-2,-20,4,-1,-2,-2
1533864673002948,-2,0,1,10,-1,1,1,-1
1533864673011751,-4,-2,-4,2,-3,-2,-4,-2
1533864673011751,2,-4,8,-9,-2,-1,0,-2
1533864673025753,-1,0,-6,4,-1,-3,-3,-2
1533864673025753,-1,0,-6,0,-1,-3,-2,-1
1533864673027712,-1,-2,4,0,-4,1,0,1
1533864673027712,1,5,2,4,2,1,0,-1
1533864673048857,-3,-3,-2,1,-2,-2,0,0
1533864673048857,-1,-1,-1,0,-4,-5,0,-2
1533864673050653,1,0,-9,-24,-3,-1,1,0
1533864673050653,0,1,34,8,2,-1,-2,1
1533864673061891,-1,-2,1,-20,-16,-5,-2,-2
1533864673061891,-1,-2,3,9,9,0,0,0
1533864673071863,-2,-3,-7,2,-2,-2,-1,-3
1533864673071863,-3,-2,-10,-6,-8,-2,-1,-1
1533864673085842,-1,-3,0,-2,6,2,-2,-1
1533864673085842,1,0,8,10,1,0,0,-2
1533864673087819,0,-3,3,10,2,6,-3,-1
1533864673087819,-3,-2,-8,-18,-8,-5,-2,0
1533864673115745,-1,-3,4,11,5,-2,1,-2
1533864673115745,1,1,-6,3,0,1,-1,0
1533864673117738,-3,-1,-2,-22,0,0,-1,0
1533864673117738,1,0,-3,0,-5,1,1,0
1533864673122753,-4,-4,-7,0,1,-4,-2,-2
1533864673122753,0,-2,0,11,2,-2,-1,-1
1533864673131702,1,17,-6,5,1,0,-3,-3
1533864673131702,0,-7,2,4,1,1,0,1
1533864673145801,-2,-5,-4,0,-1,-3,-3,-1
1533864673145801,-1,0,10,-13,-10,-1,1,0
1533864673147658,1,4,1,21,-4,-1,0,-1
1533864673147658,-2,-1,-11,-29,-4,-2,-1,-2
1533864673168603,-2,0,-3,10,7,-1,-1,-1
1533864673168603,-2,-3,-3,-4,-1,-2,-3,-1
1533864673170617,-2,-8,0,1,2,-2,0,-2
1533864673170617,-1,-1,-1,16,6,0,-1,-2
1533864673191569,0,-5,-18,-7,-2,-2,-1,-2
1533864673191569,-2,1,1,-6,-1,2,-3,-1
1533864673192590,0,-2,4,8,0,-2,-1,0
1533864673192590,-2,-1,0,-7,-17,-2,0,-2
1533864673206521,0,1,-2,-5,6,1,0,0
1533864673206521,1,-3,-6,8,2,-1,1,-2
1533864673207512,-2,-5,1,10,-1,-2,-3,-2
1533864673207512,-1,-3,-10,6,5,-1,-1,-2
1533864673228614,0,1,1,-2,1,2,-1,-1
1533864673228614,2,1,-1,1,-2,1,1,-1
1533864673230457,-3,-3,3,-12,-8,0,2,1
1533864673230457,2,5,-1,11,7,0,0,-1
1533864673251382,-2,-18,15,0,-12,-1,-1,1
1533864673251382,-4,-2,0,-30,-3,-4,-5,-1
1533864673252380,1,-1,-1,30,6,-2,-1,0
1533864673252380,-1,-5,-9,-26,-5,-3,-3,-2
1533864673266341,-1,3,0,-1,1,-3,0,-1
1533864673266341,0,-1,-8,-2,-3,-1,0,-3
1533864673267339,0,-3,2,-3,2,-1,0,0
1533864673267339,-2,2,3,11,1,-1,-1,-2
1533864673288284,-1,1,-1,-6,-3,-3,-2,-2
1533864673288284,0,-1,1,3,-4,0,0,-1
1533864673290278,0,-2,-3,6,1,-4,0,-1
1533864673290278,-2,-4,-3,-28,-5,-1,-3,-3
1533864673311239,1,3,-2,-11,-8,0,-1,-1
1533864673311239,-1,-4,-3,19,9,-1,-1,-1
1533864673312219,0,-2,1,7,4,-1,-1,1
1533864673312219,-1,-1,-2,3,-3,-3,-2,-1
1533864673325189,-2,0,-2,6,-7,-3,-1,-1
1533864673325189,-2,4,0,9,7,0,1,-1
1533864673332169,-1,-2,-2,-35,-12,-5,-2,0
1533864673332169,-1,-1,1,11,0,1,-2,-1
1533864673349259,0,0,-4,-5,1,1,-1,-2
1533864673349259,1,-3,2,11,1,1,0,-1
1533864673350118,-2,-1,-3,-7,1,1,-1,-2
1533864673350118,3,0,30,2,4,-1,0,1
1533864673371061,1,20,1,15,6,1,-2,-1
1533864673371061,-3,-7,-4,-4,-4,-4,0,0
1533864673373056,-3,-5,2,-34,-17,-5,-3,-3
1533864673373056,-2,-1,-9,11,4,-1,0,-1
1533864673385242,1,0,-5,-12,-9,0,-2,-3
1533864673385242,-1,0,4,-7,1,-2,-2,-1
1533864673392010,-1,1,-5,17,0,-2,0,0
1533864673392010,-1,2,-5,-3,2,0,1,0
1533864673409135,-4,-9,-5,-28,2,-5,-1,-3
1533864673409135,-3,-1,-3,8,-7,0,-4,-4
1533864673409977,-2,-5,-3,-20,-3,-2,-1,0
1533864673409977,-1,-2,-3,4,-5,0,-1,0
1533864673430903,0,-2,6,7,1,1,0,1
1533864673430903,-1,-2,-3,-15,-6,-1,-2,-1
1533864673432896,0,2,-4,4,1,0,0,-1
1533864673432896,-1,1,-2,0,0,-2,-3,-1
1533864673445861,0,-3,-3,-3,-6,0,-1,0
1533864673445861,0,-1,-3,6,3,-1,-1,0
1533864673452885,0,-1,4,36,24,3,-2,-1
1533864673452885,-3,-5,-10,-53,-34,-4,-1,0
1533864673468800,-5,-7,-7,14,2,-1,-3,-4
1533864673468800,0,0,-1,-8,-5,-2,0,0
1533864673470802,-1,-1,2,-5,-6,-2,0,-1
1533864673470802,-1,-1,-3,19,10,-2,-2,-2
1533864673491738,0,0,1,8,-1,1,0,1
1533864673491738,-1,-3,-1,-8,-1,-2,-1,-1
1533864673492738,0,-2,-1,2,-1,0,0,-3
1533864673492738,-1,1,-1,10,3,-1,0,0
1533864673505701,-2,-2,-2,-4,-4,-1,0,-2
1533864673505701,-1,-1,-4,4,5,1,-2,-2
1533864673512686,0,-2,-2,-12,-5,-1,-1,-2
1533864673512686,-4,0,-1,5,2,-1,-2,-2
1533864673528658,0,-2,4,3,3,0,0,1
1533864673528658,-2,0,-1,-4,-5,-3,0,-1
1533864673530638,-2,0,-1,-2,-2,-1,-1,0
1533864673530638,-2,-2,-3,0,2,-2,-1,-1
1533864673551578,-3,-1,1,5,3,1,-2,1
1533864673551578,-1,-2,-2,-10,-6,-2,-2,-3
1533864673552575,-1,-2,-2,-8,-7,-3,-3,-1
1533864673552575,-2,-2,-2,7,5,-3,0,-1
1533864673565541,1,-1,-3,-3,-7,-5,-2,-2
1533864673565541,1,0,-2,-10,-10,0,-1,1
1533864673572527,-2,-13,11,22,20,3,0,-1
1533864673572527,-3,-2,-3,-31,-16,-1,-1,-2
1533864673588483,-2,-1,-1,5,3,2,-2,-1
1533864673588483,-1,-4,0,1,2,0,-1,0
1533864673590479,0,6,-5,-3,-5,-3,-1,0
1533864673590479,3,-1,6,28,16,2,0,0
1533864673611422,-6,-9,-9,-15,-13,-9,-3,-4
1533864673611422,0,3,-3,2,-4,0,-2,-2
1533864673612416,-2,0,-5,-16,-7,0,-2,0
1533864673612416,1,1,-1,20,2,2,-1,0
1533864673625386,0,4,-2,-37,-5,-1,0,-3
1533864673625386,1,0,0,14,9,0,1,-2
1533864673632362,-1,0,-5,-9,-9,-2,-1,0
1533864673632362,-1,-4,-2,-5,-2,-1,-2,-2
1533864673648320,0,0,2,16,5,1,0,1
1533864673648320,-2,-2,0,-2,-2,-2,-1,-1
1533864673650318,-2,1,-1,-12,-13,-4,0,-1
1533864673650318,-3,1,-3,15,10,-2,0,-3
1533864673671261,-2,-3,-4,-13,-5,2,1,0
1533864673671261,-2,-1,0,-10,0,-2,0,-2
1533864673672256,-1,-1,-2,5,-10,1,-2,-4
1533864673672256,-1,0,-1,-2,-4,-3,0,-2
1533864673685224,2,1,1,4,3,-1,1,-2
1533864673685224,1,-1,2,15,9,-1,0,-1
1533864673694197,-4,-3,-6,-3,6,-1,-2,-1
1533864673694197,0,-2,-2,-19,-11,0,-1,1
1533864673709166,0,-3,-2,5,-2,-5,-4,-1
1533864673709166,-1,2,-1,-3,1,0,-1,-1
1533864673710154,0,-1,1,9,-4,0,-1,-1
1533864673710154,-1,-1,0,2,3,0,-3,-2
1533864673731099,0,1,-2,-1,0,-1,1,0
1533864673731099,-2,-2,-2,2,-3,-1,-1,0
1533864673733093,1,1,0,3,6,-2,-1,-3
1533864673733093,0,1,-5,-15,5,0,-2,-1
1533864673745064,-3,-22,11,11,-8,-3,0,1
1533864673745064,-2,-4,-5,-5,-7,0,-3,-2
1533864673754101,-2,-1,-1,3,7,-1,-1,0
1533864673754101,-1,-2,-2,-6,-6,-3,0,0
1533864673769060,-1,4,0,5,3,1,-1,0
1533864673769060,-3,0,-1,-2,4,-2,-1,-2
1533864673770057,-1,-1,1,-10,-4,1,-1,-3
1533864673770057,1,2,2,23,1,1,-1,-2
1533864673791001,-3,1,-9,-30,-5,-4,-4,-3
1533864673791001,1,-1,3,20,5,2,-2,0
1533864673792995,-2,1,-6,-35,-14,-6,-2,-1
1533864673792995,0,0,1,8,4,-2,0,-1
1533864673804966,-3,0,-2,12,0,-1,-1,-2
1533864673804966,1,-1,-1,3,0,1,0,-1
1533864673813939,1,0,2,3,4,3,1,0
1533864673813939,-1,-2,-1,-1,4,-3,0,-2
1533864673828903,-1,-1,-5,-6,3,-1,-2,-1
1533864673828903,-3,0,-6,-5,-14,-4,-1,-1
1533864673829897,0,-1,0,26,7,3,1,-1
1533864673829897,-2,-5,-3,-37,-14,-2,0,-1
1533864673850982,0,3,-1,6,2,-1,-2,-2
1533864673850982,0,0,0,-14,0,-3,1,1
1533864673852836,-1,-1,-2,4,4,-1,-1,-1
1533864673852836,-3,-1,-3,8,-5,-4,-2,1
1533864673864997,-1,-1,-2,4,-5,0,-1,-1
1533864673864997,-1,-2,-1,-4,1,0,-2,-2
1533864673873780,0,-2,-1,-2,-5,-2,-1,-2
1533864673873780,0,-1,0,-1,3,2,0,-4
1533864673888739,1,-1,2,6,4,2,1,0
1533864673888739,-1,2,1,16,0,2,2,1
1533864673890734,-5,-5,-8,-29,-6,-7,-4,-1
1533864673890734,1,0,-1,5,-4,4,-1,0
1533864673910886,0,2,-3,-23,-2,-3,-1,0
1533864673910886,-2,-2,-3,14,3,-2,-3,-2
1533864673912877,-1,1,1,9,3,2,0,-1
1533864673912877,-2,2,0,1,-2,1,-2,-1
1533864673924845,0,1,-1,5,1,0,0,-1
1533864673924845,-1,-1,1,-10,4,-3,-1,-2
1533864673933821,-1,-1,3,5,-13,-1,1,-1
1533864673933821,-6,-5,-7,-40,-14,-6,-4,-2
1533864673948802,1,1,0,29,6,0,-2,-1
1533864673948802,-3,-2,-2,0,-3,-1,-3,-1
1533864673949778,0,-1,-3,-21,2,-1,-2,0
1533864673949778,1,-2,2,16,0,-2,-1,-2
1533864673970723,0,0,-1,-11,-1,-1,0,0
1533864673970723,-1,-3,-5,-10,-4,-3,0,0
1533864673972717,-2,-1,1,18,4,0,-1,0
1533864673972717,-2,2,0,-12,-10,-1,-1,1
1533864673984685,-3,0,0,9,2,0,0,-3
1533864673984685,-1,-2,-1,7,-5,-2,0,-1
1533864673993660,-2,-2,-3,-26,5,1,0,-3
1533864673993660,1,-1,1,12,5,2,-1,-1
1533864674008621,-3,0,-1,1,-15,-5,-2,-1
1533864674008621,0,1,-2,-20,-7,0,-1,-2
1533864674010615,0,-1,-4,18,-1,-4,-3,-1
1533864674010615,-3,-2,0,31,14,-2,-2,0
1533864674031579,-2,-3,-3,-17,0,0,-1,1
1533864674031579,-4,-1,0,1,-1,2,-3,1
1533864674032557,1,-1,0,-10,-9,1,-1,0
1533864674032557,1,-2,0,3,3,-2,-1,-1
1533864674044525,1,1,2,6,2,0,-1,-1
1533864674044525,-1,-1,-3,-27,-5,-1,0,-1
1533864674053501,-2,0,0,20,4,-2,-2,0
1533864674053501,-1,-1,-2,-12,-4,0,-1,-3
1533864674068460,1,-3,-3,-1,-1,-2,-1,-2
1533864674068460,-1,-4,-1,-1,1,-1,-2,-2
1533864674070455,-1,0,0,14,0,0,-1,-1
1533864674070455,-2,-1,-1,-18,-4,-1,0,-1
1533864674090416,1,1,1,-6,1,1,1,0
1533864674090416,-1,-2,-4,-20,-16,-5,-3,-2
1533864674098634,-1,-3,-1,2,-1,-2,-1,-1
1533864674098634,-1,2,-2,3,-4,-3,-1,0
1533864674113593,0,4,2,0,-1,1,0,-1
1533864674113593,-2,-2,0,14,10,1,-1,-1
1533864674115588,1,1,0,-3,2,-2,-2,-2
1533864674115588,-1,-1,-1,2,-13,-4,0,0
1533864674128560,-2,-1,-1,5,-1,-2,-4,-3
1533864674128560,0,-1,-2,-10,-7,-3,-2,0
1533864674130548,-3,-2,-3,11,6,-1,-1,-1
1533864674130548,-1,-2,-1,-2,6,0,-2,-1
1533864674151495,-1,-2,-1,1,-4,-1,2,0
1533864674151495,0,-1,2,8,5,2,-1,-2
1533864674152507,-2,1,-2,-8,-6,-3,-1,-1
1533864674152507,-1,-2,-1,-2,-3,-1,1,-2
1533864674173433,-3,-2,0,1,0,0,-2,-1
1533864674173433,-1,0,-1,1,-1,-1,0,1
1533864674175428,-2,-3,-3,-6,-1,-2,-3,-2
1533864674175428,0,0,-2,11,3,-2,0,0
1533864674188396,-4,-3,-6,-27,-11,-5,-2,-3
1533864674188396,2,0,2,7,7,0,0,-1
1533864674190394,0,-1,-1,-6,-1,2,1,1
1533864674190394,-2,-4,-3,-2,-2,-4,-2,-3
1533864674211335,0,-2,2,15,-2,0,-1,-2
1533864674211335,0,-1,-2,-14,0,-1,0,-1
1533864674212333,0,-1,-2,-11,2,0,0,-2
1533864674212333,-2,-3,-3,-17,-6,-2,-2,-2
1533864674233277,0,-2,-3,9,6,1,0,1
1533864674233277,-2,-1,0,10,-1,0,-2,-2
1533864674235268,0,1,-3,0,0,1,-1,-2
1533864674235268,-1,1,-1,-5,-4,2,-1,0
1533864674248236,-1,-2,-2,6,1,-2,-3,-2
1533864674248236,-1,0,0,-6,-6,0,0,0
1533864674255217,0,-1,0,14,6,-1,0,-1
1533864674255217,0,0,1,-6,-6,-1,-3,-1
1533864674271175,0,-2,-2,-4,-2,-1,-2,-1
1533864674271175,1,-1,-1,0,6,2,-1,-1
1533864674273167,-1,0,1,8,2,2,0,-2
1533864674273167,-5,-2,0,5,-11,-6,-2,-2
1533864674293117,-1,-3,-4,-26,-1,-4,-2,-1
1533864674293117,-4,1,-1,0,-5,-1,-2,0
1533864674300096,1,0,0,-10,-4,-1,-1,2
1533864674300096,0,2,0,17,10,3,1,-2
1533864674308074,-3,0,-2,2,-1,1,0,-1
1533864674308074,1,0,0,8,6,-1,-1,-1
1533864674315054,2,0,2,-27,-16,-2,0,0
1533864674315054,-7,-5,-7,36,20,-4,-5,-2
1533864674331015,0,0,0,-2,2,2,0,1
1533864674331015,-2,-2,-3,-21,-20,-6,-1,-2
1533864674333007,-2,-1,-2,11,0,0,-2,0
1533864674333007,3,0,0,-19,-5,0,2,-1
1533864674353954,-2,-1,-1,4,4,-1,-1,1
1533864674353954,-2,-2,0,12,10,-2,-1,-3
1533864674354948,-3,-2,-2,-10,-18,-5,-1,-2
1533864674354948,0,-1,-1,-1,1,1,-2,1
1533864674367917,-1,-2,-4,-14,1,-2,-1,-3
1533864674367917,2,0,-1,8,3,1,-1,-1
1533864674374894,-3,-2,-2,-10,-9,-1,-2,-2
1533864674374894,0,-1,-1,3,1,1,1,0
1533864674390865,-1,1,1,10,-4,-1,-4,0
1533864674390865,2,1,-1,-3,2,1,-1,-2
1533864674392854,-4,-6,-2,3,5,-4,-3,-3
1533864674392854,-3,0,0,3,-3,0,-1,-2
1533864674413794,-1,-2,-1,6,3,0,-1,-1
1533864674413794,-2,1,-3,-2,-9,-2,1,0
1533864674415784,1,2,2,10,7,2,-2,0
1533864674415784,0,-2,0,-8,-4,1,-1,1
1533864674427756,-1,-2,0,-9,-3,0,-1,0
1533864674427756,-3,-2,-3,9,1,-3,-3,-1
1533864674434734,1,0,0,-4,-2,1,-1,0
1533864674434734,5,-1,-1,10,10,1,-1,1
1533864674451689,-6,-1,-2,13,-6,-6,-3,-3
1533864674451689,-3,-4,-1,-16,-16,0,-1,-1
1533864674452686,-4,-4,-7,-3,-1,-2,-1,-1
1533864674452686,2,5,5,-29,-8,1,2,-1
1533864674473630,2,-2,-1,15,6,0,1,-1
1533864674473630,0,-1,-1,-4,9,0,0,0
1533864674475626,-1,-3,2,2,-7,0,0,-3
1533864674475626,4,4,3,-32,4,2,1,1
1533864674487594,-12,-7,-12,-2,-9,-11,-6,-4
1533864674487594,-2,-3,2,22,-2,-1,-2,-1
1533864674494575,4,5,2,24,19,-1,1,0
1533864674494575,-8,-6,-9,-28,-45,-6,-8,-6
1533864674511679,2,2,3,0,-8,0,-1,0
1533864674511679,-1,-1,-2,-14,8,-2,-3,-1
1533864674512526,3,0,3,2,-8,1,2,1
1533864674512526,-3,4,-17,24,26,-6,-3,-4
1533864674533473,0,-12,7,-12,-2,-1,1,1
1533864674533473,-1,-2,-4,-1,-4,-4,0,-4
1533864674535465,1,0,-2,-3,-1,-1,0,0
1533864674535465,-2,-2,-3,-8,-2,0,-2,-2
1533864674548434,1,4,-4,7,1,1,2,-1
1533864674548434,0,-2,1,-14,-1,-2,-1,1
1533864674562394,-3,-1,-2,-13,-3,0,-1,-2
1533864674562394,-1,-8,-2,17,0,-2,-2,-1
1533864674571369,1,2,0,16,3,-2,-1,0
1533864674571369,1,-1,-1,3,12,2,0,0
1533864674573369,-3,-2,-2,1,-13,-1,-3,-1
1533864674573369,-4,-6,-3,30,13,-2,-5,-2
1533864674593313,2,4,2,-28,-2,2,1,0
1533864674593313,-3,0,-3,-14,-14,-4,-2,-1
1533864674595306,-3,-1,-6,18,26,-2,-4,-3
1533864674595306,-1,-3,1,-8,-16,1,2,0
1533864674607273,1,1,-1,11,7,0,0,-1
1533864674607273,-1,-1,1,3,-5,0,0,1
1533864674616249,-2,4,-12,-33,-8,-6,-3,-2
1533864674616249,0,-19,11,3,9,0,2,0
1533864674631209,-3,0,0,-6,-3,-1,0,-3
1533864674631209,0,1,-2,0,-4,0,0,-1
1533864674633224,-1,-1,-2,9,1,-3,1,-2
1533864674633224,0,3,-2,7,4,-3,-1,-2
1533864674653153,-1,-1,-2,-26,-7,1,-3,-1
1533864674653153,-3,-5,-2,12,2,-1,-1,-2
1533864674655144,-1,-3,0,-2,0,1,-1,-1
1533864674655144,0,2,-1,-11,-2,-1,0,0
1533864674667117,-2,-3,0,8,1,-1,-1,-1
1533864674667117,-1,2,-3,-2,-7,-3,-3,-3
1533864674676092,-1,-2,0,-9,-4,-1,-2,0
1533864674676092,2,2,-1,3,-4,-2,0,-1
1533864674691052,0,7,-9,5,-3,0,-1,-2
1533864674691052,-2,-20,3,0,3,0,0,1
1533864674693044,-3,-1,11,-5,-3,-1,-1,-1
1533864674693044,0,1,0,4,2,0,-2,1
1533864674713990,-5,-2,-3,-2,-2,0,-2,-4
1533864674713990,0,6,-2,-4,-2,1,0,-2
1533864674714992,-3,-4,-33,2,-4,-2,-2,-3
1533864674714992,1,1,9,-6,-2,0,1,0
1533864674727950,-1,-10,16,-1,-1,-1,0,-1
1533864674727950,0,3,1,-3,-1,-3,-1,-2
1533864674735933,-3,-4,8,3,0,-1,-1,0
1533864674735933,-1,-1,-11,-1,5,0,-1,-1
1533864674750892,0,1,-7,24,-13,-7,-2,2
1533864674750892,-4,-1,-5,-51,-2,-5,-4,-1
1533864674752901,-4,-5,-8,1,-10,-3,-2,-1
1533864674752901,-1,1,-3,-10,-1,0,-2,-2
1533864674773842,1,1,3,-2,5,2,0,-3
1533864674773842,0,4,-5,23,5,-2,-2,-1
1533864674775824,-1,-19,12,-3,-1,3,1,2
1533864674775824,-1,-1,1,-2,-2,0,0,-1
1533864674787794,2,2,1,15,7,3,-1,0
1533864674787794,-2,-2,-8,-6,1,0,-1,-3
1533864674795772,-2,3,-1,-7,-8,-3,-2,-3
1533864674795772,-3,-1,3,11,4,-3,-2,-1
1533864674811729,0,-2,4,-11,-2,-3,-3,-1
1533864674811729,3,6,3,12,4,3,0,1
1533864674812723,-1,-1,-2,-21,-1,-3,-2,-1
1533864674812723,-5,-3,6,-1,-13,-2,-2,0
1533864674833671,-2,-1,-20,-18,-3,-3,-2,-1
1533864674833671,1,4,2,0,-7,-2,-1,-2
1533864674835665,1,-16,14,9,6,2,2,0
1533864674835665,1,-8,-48,10,1,0,0,-1
1533864674856625,-3,0,11,-10,11,0,-1,-2
1533864674856625,0,1,4,0,-8,0,1,-1
1533864674857605,-4,4,-5,12,-2,-2,-1,-2
1533864674857605,0,2,2,-4,1,-1,0,-2
1533864674871591,-4,-7,-8,4,-1,-2,-3,-1
1533864674871591,0,-8,17,-1,3,0,1,1
1533864674872563,2,8,3,23,16,1,0,-2
1533864674872563,-2,-1,4,-29,-23,-1,-2,-2
1533864674893510,3,2,4,-2,-2,0,1,1
1533864674893510,-9,-5,-11,35,9,-4,-5,-2
1533864674895505,3,6,-3,2,-3,0,-1,0
1533864674895505,-4,0,6,-14,-16,-5,-2,-1
1533864674907486,1,1,-5,-22,-13,-2,-2,-1
1533864674907486,0,-1,-7,-18,-21,-3,0,1
1533864674916446,-5,-3,-5,26,21,-2,-6,-3
1533864674916446,4,2,-24,53,15,4,1,-1
1533864674931406,-3,-2,9,-38,-2,-4,0,0
1533864674931406,-1,-2,-1,-17,-2,0,-2,-2
1533864674932403,-2,-5,10,8,6,-2,-1,-1
1533864674932403,-2,-2,0,-4,4,0,0,0
1533864674953351,0,-1,-4,15,9,-1,0,-1
1533864674953351,0,-4,1,-7,-9,-2,0,-2
1533864674955354,2,6,-3,-12,-12,-2,-1,0
1533864674955354,-2,1,6,-15,-2,-3,-3,-2
1533864674967310,-1,-6,-3,2,4,2,1,0
1533864674967310,-2,5,-1,11,7,1,-2,-1
1533864674976293,1,2,-7,-7,-7,-1,-1,-2
1533864674976293,0,1,9,-18,-7,-2,-1,1
1533864674991249,-1,2,7,11,4,1,-1,0
1533864674991249,-1,-1,-7,-3,3,0,-1,0
1533864674993242,-4,-2,-5,-25,-22,-3,-2,-1
1533864674993242,0,-3,7,1,7,0,-1,-2
1533864675013188,-2,-1,-5,12,-3,-2,-2,-2
1533864675013188,3,-1,1,27,8,2,1,0
1533864675015183,2,1,0,-30,-15,-4,1,0
1533864675015183,-3,1,4,3,0,-1,-1,-2
1533864675027150,-2,-5,-16,-1,-5,1,-2,-1
1533864675027150,0,6,45,2,5,1,1,-1
1533864675036126,2,3,0,-2,-1,1,0,1
1533864675036126,0,-3,1,-4,-3,-3,-2,-2
1533864675051089,-1,0,2,0,-2,-2,-1,-2
1533864675051089,-1,11,-24,-6,-4,-1,-2,-2
1533864675053081,-1,-18,-12,3,5,1,-1,-1
1533864675053081,-1,2,31,1,3,1,0,1
1533864675074028,2,-7,-36,1,-4,-2,1,0
1533864675074028,-5,-4,3,-5,-5,-2,-2,-3
1533864675075029,-2,4,-4,-1,-2,-2,-1,-3
1533864675075029,1,-2,-16,-3,0,-3,-1,1
1533864675096134,-1,-1,-1,0,-3,-2,0,-3
1533864675096134,1,-4,2,-3,-5,-3,-1,-1
1533864675097961,0,4,1,-2,3,-1,0,0
1533864675097961,-4,-4,-3,1,1,1,0,-2
1533864675109929,-2,5,19,1,-2,2,-2,0
1533864675109929,-3,-4,-12,-1,-1,-3,-2,0
1533864675118905,-1,-1,5,3,0,2,0,0
1533864675118905,1,1,-4,-2,0,0,-1,-1
1533864675133871,1,10,-10,-7,-2,-1,-1,-1
1533864675133871,-5,-21,-5,2,-5,1,-2,0
1533864675134863,-4,-3,-3,-3,0,-2,-2,-2
1533864675134863,0,1,1,15,-3,-2,-2,-2
1533864675155806,-2,1,0,-12,-2,-2,-2,-3
1533864675155806,-2,1,-4,-6,7,-1,-2,-2
1533864675157802,1,3,3,6,-5,1,1,-2
1533864675157802,-1,-7,-40,-20,4,-3,-1,-2
1533864675171763,1,-2,23,28,3,0,1,0
1533864675171763,-4,-4,-12,-8,1,-6,-4,-1
1533864675172761,-1,-3,0,-7,-4,-1,-1,-1
1533864675172761,-1,3,-3,7,4,2,-1,0
1533864675193706,0,-19,4,4,-4,1,0,3
1533864675193706,4,8,41,33,-3,0,0,0
1533864675195701,-1,2,2,-30,17,1,-1,0
1533864675195701,0,-1,9,-13,-3,0,1,-2
1533864675216646,-2,1,-2,-7,-1,0,-1,0
1533864675216646,-4,-4,-11,5,-20,-5,-1,-1
1533864675217640,-2,-4,12,17,3,1,-2,0
1533864675217640,1,4,14,-9,-14,4,1,-1
1533864675230606,-2,16,-9,6,14,-2,-4,-5
1533864675230606,0,-1,-11,-10,4,1,0,0
1533864675237590,5,4,-2,25,-1,0,1,-1
1533864675237590,-4,-7,-11,-34,4,-8,-3,-3
1533864675253548,0,2,33,13,9,0,-1,0
1533864675253548,-2,-3,-12,-13,-14,-4,-3,-1
1533864675255539,-3,-3,-3,-19,4,0,0,-1
1533864675255539,-6,0,7,14,-19,-5,-2,-2
1533864675276483,-1,-7,-16,-18,-12,-7,-2,-2
1533864675276483,2,1,1,-12,0,0,-1,0
1533864675277480,2,-5,-28,8,7,1,-2,-1
1533864675277480,0,4,16,-4,-25,-2,-2,-1
1533864675290449,-3,-23,-9,-46,2,-1,0,1
1533864675290449,-1,-14,11,7,6,1,-1,-2
1533864675297430,-4,-1,-10,7,-24,-5,-2,-2
1533864675297430,2,-3,-6,-10,10,2,0,0
1533864675313385,0,3,-3,11,-9,-2,-1,0
1533864675313385,1,1,-2,36,20,0,-4,-3
1533864675315381,-7,-6,2,-72,-30,-3,-2,-1
1533864675315381,-3,-4,-1,17,2,-4,-3,-2
1533864675336324,2,6,6,-13,-6,0,1,1
1533864675336324,-1,0,-49,-1,3,-3,1,-3
1533864675338318,1,5,17,31,15,0,0,-1
1533864675338318,1,0,-3,13,7,1,0,1
1533864675350285,-6,-4,-14,8,-1,-3,-4,-3
1533864675350285,-6,-9,-47,-24,-12,-5,-4,-3
1533864675357267,-3,-1,2,25,7,-4,-1,-2
1533864675357267,0,0,-1,-10,6,2,1,1
1533864675373226,2,7,7,-2,-11,2,2,1
1533864675373226,2,1,8,10,12,-4,-1,0
1533864675375220,0,-1,13,-4,7,0,-1,0
1533864675375220,-5,-2,-7,-22,-31,-5,-3,-1
1533864675396163,-6,-7,-13,20,-2,-1,-1,-4
1533864675396163,-2,0,11,-48,-10,1,0,-1
1533864675398157,3,4,-3,0,7,1,2,-1
1533864675398157,1,0,0,24,13,0,0,-3
1533864675411126,-3,-2,-3,-21,-6,-2,-2,0
1533864675411126,-2,5,13,-1,-1,0,0,-2
1533864675417110,2,0,10,4,-5,3,-3,0
1533864675417110,0,-2,-4,1,10,0,-2,-1
1533864675434065,-1,-3,-1,-4,-8,-2,-4,-2
1533864675434065,0,4,6,9,4,2,1,-1
1533864675435059,-2,-2,-10,-13,-4,-3,-1,-2
1533864675435059,-2,-4,-1,6,1,0,0,-2
1533864675456003,0,-1,6,12,8,0,-1,-3
1533864675456003,1,-1,-11,-13,-6,-4,-1,-1
1533864675458019,-4,-3,-1,5,-5,-3,-1,-1
1533864675458019,-2,-2,6,2,4,-3,-1,2
1533864675470966,0,-2,3,2,6,-2,1,2
1533864675470966,-1,0,0,0,-7,-2,-1,0
1533864675477159,-1,-2,-5,-4,-5,-1,-2,0
1533864675477159,1,2,-12,-5,4,-1,-3,0
1533864675493921,1,-10,-2,-3,-5,-1,0,0
1533864675493921,-2,-3,4,1,-4,-1,1,-1
1533864675494900,-2,-2,-5,5,1,-1,0,0
1533864675494900,-1,-3,-4,-5,0,-2,0,-2
1533864675515846,1,7,35,4,0,-2,0,-1
1533864675515846,-2,-2,3,-4,-4,1,0,0
1533864675517839,0,-6,3,1,0,-1,-1,-1
1533864675517839,0,11,-49,0,-1,-1,-3,-2
1533864675530810,-2,-9,6,2,-2,0,-2,-1
1533864675530810,-1,1,1,3,1,0,-1,-1
1533864675537787,-3,4,-3,-1,0,-1,-2,-2
1533864675537787,0,-3,1,-5,-5,-1,0,-1
1533864675553744,1,5,-13,3,1,-1,-2,-2
1533864675553744,-3,-3,1,-9,-3,-4,-2,1
1533864675555764,-3,-4,-11,-3,-1,-2,-1,-1
1533864675555764,4,0,21,15,15,4,-1,1
1533864675575720,0,0,-5,9,-1,1,2,0
1533864675575720,-8,-7,1,-5,-15,-4,-5,-2
1533864675577696,-2,0,-2,-2,-5,-1,0,0
1533864675577696,-2,7,2,7,0,-2,0,-3
1533864675589648,4,2,-21,-13,1,3,2,-1
1533864675589648,2,5,24,0,8,0,1,-1
1533864675598643,-3,-6,-4,3,6,-4,-2,-1
1533864675598643,0,-2,-13,2,7,0,-1,-1
1533864675613582,2,15,-21,-1,-12,-3,-3,-3
1533864675613582,0,-7,-4,-5,7,-3,-1,0
1533864675615576,1,1,0,3,8,-2,-3,-2
1533864675615576,-11,-10,15,-40,-46,-9,-3,-5
1533864675636523,-5,-3,-1,11,1,1,-1,-2
1533864675636523,2,-1,-3,-5,-5,4,1,1
1533864675637517,3,4,1,-5,6,0,1,0
1533864675637517,2,-1,2,-6,0,0,1,1
1533864675649486,-2,-5,-2,1,14,-1,0,-2
1533864675649486,-5,-4,-3,13,3,-2,-2,-3
1533864675658634,-1,-4,-3,-7,-18,-2,0,0
1533864675658634,-3,-7,5,36,9,-3,-1,-3
1533864675673422,-1,3,38,-34,-16,-3,-1,0
1533864675673422,2,2,-3,-2,18,3,-1,-2
1533864675675417,0,0,-1,18,2,1,0,-2
1533864675675417,0,-1,13,-6,-6,-2,-2,1
1533864675696359,1,-1,-9,10,16,3,0,0
1533864675696359,2,2,-5,3,-7,0,0,0
1533864675697358,-1,-4,4,-7,3,-3,-1,-1
1533864675697358,4,-1,1,-15,-22,0,1,1
1533864675710326,-5,-4,-19,48,32,-5,-4,-2
1533864675710326,-1,-18,-25,0,-33,-1,0,1
1533864675718305,-5,-4,-3,4,2,2,-1,-1
1533864675718305,3,9,4,17,30,6,2,0
1533864675733261,-2,-3,-8,-36,-23,-5,-1,-2
1533864675733261,1,5,3,11,0,3,2,-1
1533864675735257,-3,-3,4,7,8,-1,-3,-2
1533864675735257,-2,-6,-5,15,5,-1,-3,-2
1533864675756201,0,-3,1,6,-6,1,-2,-1
1533864675756201,3,7,3,9,6,0,0,1
1533864675758195,1,4,-3,-46,-17,0,-1,-2
1533864675758195,0,3,3,-6,15,0,-2,-1
1533864675770167,-2,-6,-2,6,16,-1,-2,-2
1533864675770167,-5,-3,0,-7,-25,-5,-3,-2
1533864675779139,2,2,9,9,9,2,0,-1
1533864675779139,-5,-7,-5,-6,-6,-4,-4,-1
1533864675794102,-2,-4,-3,-12,-11,-1,-1,0
1533864675794102,2,-1,3,0,18,1,0,0
1533864675795097,0,15,-20,-1,-9,-6,-4,-1
1533864675795097,-1,-8,1,-4,-9,-2,-2,-1
1533864675816044,-2,-3,-5,7,4,0,2,-1
1533864675816044,-3,4,8,-5,6,-2,-2,-2
1533864675818035,-4,-3,-8,-8,-9,-2,-3,-3
1533864675818035,-1,-4,-35,-4,1,-4,-3,-3
1533864675830006,-1,0,0,-5,-6,1,0,0
1533864675830006,0,2,-2,2,-2,0,-2,-2
1533864675838979,-3,-21,13,2,-2,0,-2,0
1533864675838979,1,-1,10,-2,3,0,1,-1
1533864675853942,-1,-2,-3,-3,-10,0,-2,0
1533864675853942,-1,-2,-2,-5,-1,1,0,0
1533864675854936,-2,-5,-32,7,-1,-1,0,-1
1533864675854936,-1,-2,29,-10,-3,0,-1,-1
1533864675875883,1,-1,4,-6,-5,-2,-1,-1
1533864675875883,-4,14,-6,-7,2,-4,-2,-4
1533864675877875,0,-8,2,5,1,-1,-1,-1
1533864675877875,-1,-3,-4,3,-1,1,0,0
1533864675889843,-3,1,-4,-2,-2,-2,-1,-1
1533864675889843,1,0,-38,-7,0,-5,-1,-2
1533864675898835,-1,3,7,-1,-3,-3,0,0
1533864675898835,-3,-1,-2,2,-1,0,0,-1
1533864675913779,1,0,6,-1,-2,0,-2,-1
1533864675913779,-1,-3,1,-5,2,-1,-2,0
1533864675915773,1,2,4,-3,-8,0,-1,-1
1533864675915773,-3,-3,1,1,5,-1,-1,-1
1533864675936717,-4,-2,-15,1,-7,-2,-3,-3
1533864675936717,-2,-4,3,-11,1,-1,-1,0
1533864675937715,-3,0,3,-10,-15,-4,-3,-2
1533864675937715,-1,3,2,-29,-1,1,2,0
1533864675949684,0,-8,10,4,6,-2,-1,0
1533864675949684,1,-3,15,7,-3,1,2,1
1533864675966639,2,-4,-39,-15,1,-3,-2,-4
1533864675966639,-8,-6,-10,6,-25,-7,-5,-3
1533864675973621,-3,-6,2,-12,-13,-1,-3,-2
1533864675973621,3,-1,14,-13,8,0,2,2
1533864675975615,-8,-2,-1,74,28,0,-3,-2
1533864675975615,0,0,0,-23,2,1,1,0
1533864675996763,-2,3,-11,-10,-8,-4,-2,-2
1533864675996763,3,1,-2,-10,-8,1,0,1
1533864675997555,0,1,-20,17,24,2,1,0
1533864675997555,-1,3,5,19,-3,-1,-1,0
1533864676018497,-4,-1,3,-22,-4,-4,-3,-1
1533864676018497,0,-4,4,-1,3,1,0,-1
1533864676020494,-3,-2,2,-10,-27,-5,-2,-4
1533864676020494,-3,-3,-5,5,0,-2,-4,-1
1533864676033458,1,2,-4,-11,-1,4,0,0
1533864676033458,-1,-4,-2,10,10,-5,-2,-2
1533864676035453,1,3,14,-7,-2,2,0,1
1533864676035453,-1,1,1,-11,-25,-3,-1,0
1533864676056398,-1,-3,1,-5,4,-3,0,0
1533864676056398,-3,-1,0,13,-1,-3,-3,-3
1533864676057395,-1,1,12,-9,15,2,-1,2
1533864676057395,5,-1,3,7,-9,4,1,0
1533864676078339,-1,1,0,3,17,-1,-1,-1
1533864676078339,-6,-2,-2,11,8,-3,-1,-1
1533864676080347,6,6,11,-32,-18,1,2,2
1533864676080347,-6,1,-6,27,8,-8,-5,-2
1533864676093509,0,5,-5,15,-11,1,0,-2
1533864676093509,6,-7,16,-33,-1,4,3,1
1533864676095293,-5,-12,-1,-21,-15,-6,-6,-2
1533864676095293,0,-1,-3,-25,1,2,-1,-1
1533864676116240,-1,2,2,21,8,0,-1,-1
1533864676116240,-4,2,-6,11,-6,-5,-4,-2
1533864676118235,4,9,1,-2,0,2,2,-1
1533864676118235,0,-6,3,-9,9,-2,-1,-2
1533864676139186,-3,-7,-14,-4,-8,-5,-2,-1
1533864676139186,-3,1,-2,9,-3,-2,-3,-1
1533864676140174,-3,-2,4,1,1,1,-2,-2
1533864676140174,-1,1,-4,8,9,5,-1,1
1533864676153138,1,-2,2,3,3,-3,-1,1
1533864676153138,-1,2,-1,-2,-13,-2,1,-2
1533864676160127,-3,-3,4,2,1,-4,-2,-3
1533864676160127,-1,-2,-8,3,5,-1,-2,-4
1533864676176274,3,5,43,3,-2,1,0,0
1533864676176274,-3,-2,1,-10,-12,-1,-1,0
1533864676178072,-2,-4,-6,-5,3,-2,0,0
1533864676178072,-2,-1,2,2,5,0,1,-1
1533864676205997,-3,-2,-15,25,4,-2,-4,-4
1533864676205997,-2,1,-10,-4,-7,-2,-2,-3
1533864676207993,1,-19,21,10,-4,1,2,0
1533864676207993,4,1,1,25,8,-2,1,-1
1533864676212982,-5,-5,-9,-44,-15,-4,-2,0
1533864676212982,-1,-4,0,8,2,0,-2,-1
1533864676219963,-1,6,-12,1,7,-1,-3,-1
1533864676219963,-2,-1,0,-9,-7,2,-1,0
1533864676244016,0,-5,-6,13,9,1,1,-1
1533864676244016,1,3,1,2,-3,-1,-1,-2
1533864676244894,2,2,-2,-4,17,0,-1,-3
1533864676244894,-4,0,-4,20,-5,-2,-1,-1
1533864676258866,1,-12,10,-25,-31,-4,0,0
1533864676258866,-2,-3,-3,2,1,1,-1,-1
1533864676259853,-4,1,7,-7,-18,-3,-2,-2
1533864676259853,1,-4,2,7,14,0,1,0
1533864676272820,0,4,-7,-24,5,3,2,1
1533864676272820,1,0,5,18,3,-1,-1,0
1533864676279800,-1,-2,-38,4,1,-2,-2,-1
1533864676279800,-4,-3,0,-16,0,-2,-2,-1
1533864676296759,-4,1,-4,16,0,-3,-2,-1
1533864676296759,-1,-1,1,-4,5,-5,-2,-1
1533864676297753,0,5,-3,-22,-11,-1,1,-1
1533864676297753,-1,0,-6,-2,3,-2,-4,-2
1533864676318702,1,19,-2,24,-8,-1,-2,-3
1533864676318702,-3,-1,29,-7,-4,-3,0,1
1533864676320690,-3,-2,3,0,-6,0,-1,0
1533864676320690,3,-1,5,-14,-7,2,1,0
1533864676333655,-2,-2,6,11,12,-2,-1,-1
1533864676333655,1,-1,-11,-13,-1,2,-2,-3
1533864676339641,3,2,9,18,2,-1,1,-1
1533864676339641,-6,-2,-6,-18,-16,-6,-2,-1
1533864676356594,-2,-4,-14,-29,-6,-1,-1,-1
1533864676356594,-3,-4,-9,-6,-5,-1,-1,-1
1533864676357592,1,-4,3,7,10,0,0,1
1533864676357592,1,0,-7,8,6,0,-1,-3
1533864676378739,0,-4,-3,6,-2,-3,-1,-3
1533864676378739,-2,-2,-4,-1,1,-1,-1,0
1533864676380531,1,4,11,4,2,-1,-1,0
1533864676380531,-2,-3,-2,-15,-4,-4,-1,-2
1533864676393495,1,-1,3,14,3,2,0,0
1533864676393495,-2,-6,-46,-4,-7,-1,-1,-4
1533864676399480,-3,2,12,2,-3,-1,-2,-1
1533864676399480,-1,0,2,-7,-7,-1,-1,0
1533864676416450,5,1,6,8,14,5,2,0
1533864676416450,-2,-3,-12,-1,5,-3,-2,-2
1533864676417432,-8,-5,-8,-18,-17,-7,-3,-3
1533864676417432,1,6,-6,12,10,1,0,0
1533864676438375,-3,-22,7,-8,-11,0,-1,0
1533864676438375,1,7,9,16,3,1,0,-2
1533864676440371,-1,0,4,7,0,1,-1,-1
1533864676440371,0,1,4,-10,-5,-3,-1,-2
1533864676453339,0,2,-5,4,10,-1,-1,0
1533864676453339,2,2,9,-4,-4,-2,1,0
1533864676460320,0,-6,-4,-5,0,-2,-1,-2
1533864676460320,-3,-5,-9,-3,-3,-2,0,-1
1533864676476277,-3,3,-5,10,-3,-4,-2,-1
1533864676476277,-3,-5,4,-9,-4,-2,-3,0
1533864676478270,0,4,-3,-17,-5,-1,0,-1
1533864676478270,2,2,6,11,5,-2,0,-3
1533864676499216,-2,2,-3,17,13,-2,-2,-2
1533864676499216,3,-1,3,-10,-13,2,0,-1
1533864676500210,-2,-1,-2,17,18,0,-3,-1
1533864676500210,-2,-3,-2,8,-4,1,0,0
1533864676521159,-2,-3,-2,-26,-20,-2,-2,-2
1533864676521159,-2,-3,1,22,12,0,-2,0
1533864676523150,2,1,-32,-11,-11,0,-1,0
1533864676523150,0,9,17,-10,-1,-4,0,0
1533864676536123,-1,-2,-8,4,6,0,-2,-1
1533864676536123,-1,-4,4,0,0,1,0,0
1533864676538112,-1,-6,-1,-13,-5,-3,-3,-2
1533864676538112,1,2,-3,0,9,2,1,0
1533864676559057,-5,-4,-7,44,8,-5,-1,-3
1533864676559057,-4,-6,-12,-19,-18,-5,-4,-3
1533864676560050,-2,2,5,0,-6,-1,-1,-1
1533864676560050,1,-3,-2,-3,-2,2,-1,-1
1533864676572018,2,3,6,-12,13,2,0,0
1533864676572018,-1,0,0,8,5,-1,1,-3
1533864676580995,-1,0,6,22,-1,-2,1,0
1533864676580995,0,3,-14,-33,-6,-3,-2,-2
1533864676595957,-3,-11,1,6,0,-1,-2,-2
1533864676595957,-2,-2,3,-1,0,-3,-3,-1
1533864676597949,-4,-3,0,1,-2,-1,0,-2
1533864676597949,-2,-2,2,0,-7,-2,-1,-2
1533864676618896,-1,4,-3,-11,-7,-2,-2,0
1533864676618896,-1,1,2,-3,2,1,2,0
1533864676619890,0,-4,3,-2,6,-1,-1,0
1533864676619890,-1,-7,-3,9,-2,-2,-2,0
1533864676632868,-1,1,-35,-13,-7,-1,-3,-3
1533864676632868,1,1,15,-3,2,1,0,0
1533864676640834,1,15,-7,-1,7,-1,-2,-3
1533864676640834,-8,-5,-2,-18,-15,-3,-3,-2
1533864676655794,-2,-4,-5,-2,-7,-1,-3,-2
1533864676655794,-2,-1,-3,-6,0,-3,0,-1
1533864676657790,0,1,2,-1,-5,1,0,-1
1533864676657790,1,-2,1,4,4,0,-1,0
1533864676679755,-1,3,8,-10,0,-2,0,1
1533864676679755,2,4,14,41,11,0,0,-2
1533864676681180,-2,-5,-1,-76,-24,-5,-1,-3
1533864676681180,-5,-6,-6,2,6,-3,-3,-4
1533864676692900,-1,0,6,-38,-39,0,-1,-1
1533864676692900,0,-2,-7,-7,-5,-2,-2,0
1533864676701671,0,-2,-2,34,12,0,-1,0
1533864676701671,-2,-4,4,14,8,-3,-3,-1
1533864676715634,-2,-1,0,-9,6,0,-1,-1
1533864676715634,-3,-3,-2,0,2,-1,-3,-2
1533864676717628,1,-4,4,-2,-11,1,2,1
1533864676717628,2,-2,-5,-4,-5,-1,-1,-1
1533864676738573,1,-1,5,10,13,0,0,-2
1533864676738573,-2,-1,-7,-4,-5,-1,-2,0
1533864676740578,-4,-2,-1,10,4,-3,-2,-2
1533864676740578,-2,-2,-1,3,1,-1,-3,-2
1533864676752864,0,3,-5,1,-1,-6,-2,-1
1533864676752864,-2,5,0,-12,-4,-1,-2,-1
1533864676761768,-3,-8,27,3,-2,0,-2,1
1533864676761768,1,-3,-1,0,0,0,-1,1
1533864676775732,-2,-2,4,4,10,2,0,-2
1533864676775732,-5,3,-6,10,3,-1,-2,0
1533864676777743,2,6,4,4,1,-2,2,2
1533864676777743,-3,-7,-11,6,-14,-4,-3,-2
1533864676798675,-4,-3,2,-21,-6,-4,-2,-1
1533864676798675,-1,-4,-6,0,3,-1,-1,-3
1533864676800669,0,-2,-5,11,-2,2,0,-1
1533864676800669,1,1,-3,-21,14,3,1,0
1533864676812636,-2,-17,8,16,0,-4,-2,0
1533864676812636,-4,-5,-1,-6,-7,-3,-3,-2
1533864676821611,-3,-11,-49,4,1,-3,-3,-3
1533864676821611,-1,1,12,0,-6,-1,1,-1
1533864676836570,2,1,51,6,-2,3,0,2
1533864676836570,1,-3,1,-10,1,0,0,-1
1533864676837566,-2,-4,-2,-4,-3,-1,-4,-1
1533864676837566,1,1,0,6,3,0,0,-1
1533864676858514,-1,4,-15,-5,6,1,-2,-1
1533864676858514,-1,-3,-3,0,-9,-3,-1,-1
1533864676860505,-1,2,10,-4,-2,-1,-1,-1
1533864676860505,0,0,-2,-2,-6,-1,-2,0
1533864676872661,-1,0,-7,5,3,1,0,-1
1533864676872661,2,-3,1,19,8,1,-1,0
1533864676881632,-3,2,-3,-45,-12,-1,-2,-2
1533864676881632,-3,-4,-12,12,2,-3,-2,-3
1533864676896595,-3,-4,-42,-8,-3,-2,-1,-4
1533864676896595,-2,6,20,7,0,-3,-1,-2
1533864676897590,0,0,5,9,7,3,0,-1
1533864676897590,1,-2,0,-8,-1,0,0,2
1533864676918537,-5,-2,-7,9,-7,-1,-1,-1
1533864676918537,1,-2,-37,-10,0,-3,-2,-1
1533864676920528,-2,0,2,10,6,-1,-2,-2
1533864676920528,-1,-12,17,-5,-3,2,0,1
1533864676932500,2,5,7,3,2,1,1,1
1533864676932500,-1,-2,-1,14,23,0,0,0
1533864676941477,-3,-3,2,-11,-34,-8,-2,-2
1533864676941477,0,3,-3,9,10,0,0,-2
1533864676956465,-1,0,-10,-23,-5,-1,-2,-3
1533864676956465,0,-3,10,-9,-4,1,0,-1
1533864676957431,3,3,3,-3,1,1,1,1
1533864676957431,0,4,-2,12,5,-1,0,-1
1533864676978374,-2,-1,4,19,12,-2,-2,-1
1533864676978374,0,-1,-2,-27,-25,-1,-1,0
1533864676980386,-5,-21,7,13,12,-2,-3,-1
1533864676980386,-1,0,-6,1,-9,-1,-2,-4
1533864677001315,1,0,4,-9,7,2,-2,-2
1533864677001315,-1,-2,-3,0,-6,-2,-1,0
1533864677003307,1,3,-7,3,-2,-1,-1,-1
1533864677003307,-1,-3,-4,-9,-6,0,-1,-1
1533864677016272,-2,-3,0,1,0,0,-2,0
1533864677016272,-1,1,6,-6,3,-3,-1,-3
1533864677018266,-4,1,-1,-1,-10,0,0,0
1533864677018266,-2,1,0,1,4,-2,-2,0
1533864677038217,0,3,6,2,-5,-2,-2,-1
1533864677038217,-2,-2,-6,-6,-4,-1,-2,-1
1533864677040213,0,16,-9,3,6,-2,-1,-2
1533864677040213,0,-6,-22,0,-2,1,-2,-3
1533864677061155,-2,0,18,-3,-7,-1,-1,-1
1533864677061155,-2,-7,5,-6,-4,-2,-1,-1
1533864677063147,-2,-1,-4,3,6,-2,1,-3
1533864677063147,-2,0,0,-3,-5,-3,-1,0
1533864677076329,-3,-3,-6,-5,-5,-1,2,0
1533864677076329,1,2,-5,3,2,1,-1,0
1533864677078106,-2,-1,9,-3,2,1,-1,-2
1533864677078106,3,23,4,32,21,3,0,0
1533864677099212,-3,-9,-13,-65,-42,-10,-2,-1
1533864677099212,-4,-1,4,28,8,-1,-1,-2
1533864677100048,-2,-7,-14,-25,-5,-3,-3,-2
1533864677100048,-5,-2,-1,-8,-7,-4,-3,-2
1533864677121162,2,4,0,12,10,2,0,-1
1533864677121162,0,-2,-6,4,-1,0,-1,0
1533864677122988,3,2,8,4,-2,-2,0,1
1533864677122988,0,-1,3,-6,3,1,1,-1
1533864677135956,1,2,0,12,3,-3,-2,-3
1533864677135956,-4,-7,-9,-13,-6,-2,-1,-1
1533864677142145,1,0,38,17,8,0,0,-1
1533864677142145,-3,-5,14,-11,-10,-4,0,-1
1533864677158891,-2,-1,-6,9,1,1,0,-1
1533864677158891,1,9,0,-13,-5,-2,-3,-2
1533864677159889,0,13,-16,-4,2,0,-2,-3
1533864677159889,-1,-6,-2,1,-6,-1,-1,0
1533864677181830,-1,-4,5,2,0,-3,-3,0
1533864677181830,0,0,1,-3,2,-1,0,0
1533864677182827,-1,-4,-8,5,1,0,-1,-1
1533864677182827,-2,-2,2,-8,-7,-1,-1,-1
1533864677195795,0,3,-9,7,4,0,0,-1
1533864677195795,-2,0,-6,-9,-4,-1,-2,-1
1533864677202777,-3,-4,-6,2,0,-2,-2,-2
1533864677202777,0,-1,-1,-5,-2,-1,-1,-2
1533864677218734,0,-2,1,3,2,0,-1,-1
1533864677218734,-2,-1,-1,4,1,1,0,0
1533864677220729,-1,-7,-14,-11,-3,-1,-1,-1
1533864677220729,-2,-3,0,-3,1,-2,1,-1
1533864677240674,-2,1,-1,6,1,-2,-1,0
1533864677240674,-2,-2,25,-8,-6,-2,1,-1
1533864677241670,-2,-4,-16,10,1,0,-2,-2
1533864677241670,-1,2,-2,-4,-1,1,-3,0
1533864677254638,5,-16,19,-1,-6,1,2,0
1533864677254638,-5,-8,-15,4,6,-4,-3,-3
1533864677262648,-2,-3,1,10,0,0,-1,1
1533864677262648,-4,-14,10,-12,-10,-5,1,0
1533864677277686,1,6,-8,3,0,-3,-1,-2
1533864677277686,5,-1,-2,-8,-2,0,0,-2
1533864677278620,-1,-4,3,-1,0,-1,0,-1
1533864677278620,1,2,-7,4,0,1,-4,-2
1533864677300528,-2,1,-4,-1,2,-1,-1,-1
1533864677300528,0,-1,-12,-3,1,-1,-1,-1
1533864677301510,1,4,5,-1,0,2,-1,-1
1533864677301510,2,0,-3,-3,11,-2,-1,-2
1533864677314475,1,1,5,4,-12,4,2,1
1533864677314475,-6,-5,-16,10,-5,-1,-1,-1
1533864677323462,2,-3,-22,-26,7,5,1,-1
1533864677323462,-7,-2,-1,11,-7,-8,-5,-3
1533864677338411,-3,-21,6,2,-8,0,0,-1
1533864677338411,0,-2,6,11,8,-3,1,0
1533864677338411,-2,0,-2,2,5,-3,-1,0
1533864677338411,4,0,-1,0,25,5,2,1
1533864677360400,2,10,-2,-5,-15,-2,0,0
1533864677360400,-2,2,-2,11,11,-3,-2,-2
1533864677361350,-8,-8,3,-23,-9,-6,-4,-3
1533864677361350,1,1,-3,14,-1,-1,-2,-1
1533864677374314,-4,3,-3,2,16,-1,-2,-2
1533864677374314,5,3,7,-11,2,4,0,0
1533864677383398,0,10,-16,3,-16,-7,-1,-2
1533864677383398,-3,-7,1,31,-17,-4,-1,-4
1533864677398457,-5,-1,-12,-88,-31,-3,-1,-3
1533864677398457,-4,-5,2,26,2,0,-1,-2
1533864677399269,0,0,0,-21,7,-1,-2,-1
1533864677399269,1,2,-3,-11,-11,1,1,0
1533864677420195,0,-2,-1,44,12,-1,-4,0
1533864677420195,1,1,-3,-17,-4,0,0,0
1533864677421205,-2,-3,-30,5,-10,-1,-1,0
1533864677421205,-1,1,6,-12,7,-2,0,-1
1533864677435155,-3,1,-8,-5,-5,-5,-1,-3
1533864677435155,0,2,12,-21,-21,0,0,-2
1533864677443131,3,0,12,23,12,-2,-1,-2
1533864677443131,-3,-3,-1,-1,0,3,0,-1
1533864677458094,0,3,-2,46,34,-3,-2,-3
1533864677458094,-3,-3,-5,-61,-36,-4,-2,-1
1533864677459088,2,-1,12,23,8,3,2,-1
1533864677459088,-3,0,-7,-31,-11,-3,-2,-2
1533864677480275,2,1,4,3,11,2,0,0
1533864677480275,3,4,-2,18,14,4,0,1
1533864677481287,3,0,13,8,3,-2,0,0
1533864677481287,-4,-4,-10,-8,-14,-3,-3,-1
1533864677495236,-2,0,-7,14,0,0,-1,-1
1533864677495236,-4,-4,-5,-4,-5,-2,0,-1
1533864677503216,-2,-5,3,-2,10,1,-1,-1
1533864677503216,-2,-4,1,7,1,-2,-1,-2
1533864677518177,-1,-2,3,-10,-10,-3,1,1
1533864677518177,-1,-2,-2,5,3,-1,0,-2
1533864677519171,-2,-1,5,-5,-9,0,0,-1
1533864677519171,4,7,2,-12,-5,2,2,0
1533864677540119,0,0,-3,7,15,0,-2,-2
1533864677540119,-5,-1,-1,7,1,-2,-1,0
1533864677541112,-2,-2,-3,6,-9,-3,-2,-1
1533864677541112,-3,3,-2,4,-4,-2,-4,-2
1533864677555090,2,2,1,-38,-4,3,-1,-2
1533864677555090,-1,-3,-3,12,-2,-2,0,-2
1533864677563053,-2,-2,5,8,-1,0,-3,-1
1533864677563053,2,2,1,0,9,3,0,-1
1533864677578013,1,1,1,0,-5,-1,-1,0
1533864677578013,-4,-3,-6,-9,-5,-5,-4,-3
1533864677579011,-2,11,-40,21,11,-1,-2,-3
1533864677579011,-5,-19,10,-11,-27,-8,-3,0
1533864677600955,-4,-5,0,3,-2,-3,-3,-4
1533864677600955,1,-1,-4,-8,-4,0,-2,-1
1533864677600955,0,2,4,-11,-6,0,1,2
1533864677600955,1,3,-8,10,14,-2,0,0
1533864677614916,0,-3,-2,1,-5,-1,0,-2
1533864677614916,1,-1,6,-4,4,1,-2,-2
1533864677622894,-1,-5,6,3,-3,-4,-2,-3
1533864677622894,-1,-1,-7,7,1,0,0,0
1533864677637855,-2,0,3,-4,-1,1,0,1
1533864677637855,-4,1,-6,7,4,-5,-3,-1
1533864677638851,1,-5,11,-9,-8,0,2,1
1533864677638851,-1,-3,-6,3,-4,0,-2,-3
1533864677660837,-3,0,-10,-3,-5,-3,0,0
1533864677660837,-3,-4,-3,21,18,-3,-4,-4
1533864677661790,-1,-3,6,-12,-16,0,-1,-1
1533864677661790,-1,-1,2,41,22,0,0,-1
1533864677674790,-1,0,-4,-46,-23,0,-1,-1
1533864677674790,2,2,0,-10,-3,-2,0,-1
1533864677682734,-2,-5,1,-4,2,-2,-1,-2
1533864677682734,-2,1,-1,-7,3,1,-1,-1
1533864677698691,-1,1,1,15,6,-1,-1,0
1533864677698691,-1,-1,-1,-10,-7,-1,0,-1
1533864677698691,0,0,0,-2,-3,0,-2,-2
1533864677698691,0,6,1,-9,2,-2,-3,-3
1533864677720635,-2,6,21,6,-1,-4,-4,-2
1533864677720635,-2,-3,0,0,-3,0,0,-1
1533864677721629,-1,-3,4,0,1,-2,0,-2
1533864677721629,0,0,-1,-17,-9,-1,0,-1
1533864677734692,-3,-3,-18,5,1,-1,-1,-2
1533864677734692,-2,2,0,0,-2,0,2,-1
1533864677742671,-1,3,5,-6,-1,-1,-2,-1
1533864677742671,-1,0,-12,-14,-6,-2,-2,-1
1533864677758639,0,-2,-6,5,1,0,-3,-1
1533864677758639,1,-1,1,4,2,1,-2,1
1533864677758639,-2,-6,-5,-2,-2,0,-1,-1
1533864677758639,-1,-2,3,3,-3,-1,0,-1
1533864677780568,-2,-5,1,6,0,0,-1,1
1533864677780568,-2,-2,4,-2,-2,-1,0,-1
1533864677781599,-1,1,1,-7,0,-3,0,-1
1533864677781599,-1,-13,11,5,0,0,-1,-1
1533864677794529,0,0,1,6,2,-1,0,-1
1533864677794529,-1,-1,17,-18,-10,-1,-1,0
1533864677803508,-4,-5,-3,-1,0,-3,-3,0
1533864677803508,-3,2,-1,9,-2,-2,-1,-1
1533864677818639,-1,-2,1,-7,1,-3,-3,-1
1533864677818639,1,-2,-4,13,-5,1,0,0
1533864677818639,-3,2,-2,-13,5,2,-2,-2
1533864677818639,-3,13,-8,-11,-1,-3,0,-1
1533864677840407,0,-3,-8,21,6,1,0,0
1533864677840407,-1,3,-6,-50,-14,-3,-1,0
1533864677841404,-1,-4,-4,-1,-32,-9,-5,0
1533864677841404,2,1,-7,-2,17,5,1,-1
1533864677854369,-7,-6,-3,14,-12,-8,-5,-3
1533864677854369,-2,-2,-3,32,26,0,-2,-3
1533864677863348,4,2,6,13,17,4,4,1
1533864677863348,-3,-6,-1,-27,-56,-5,-3,-1
1533864677878308,3,4,-2,-24,9,3,-1,0
1533864677878308,-4,10,-15,6,-1,-3,-3,-2
1533864677879317,-3,-7,0,13,11,1,-1,0
1533864677879317,-1,0,38,19,9,1,1,1
1533864677908225,2,-2,4,0,19,2,1,0
1533864677908225,1,-1,-5,-3,-24,-1,-1,-1
1533864677909229,-2,-1,2,-5,8,1,-1,-2
1533864677909229,1,-3,-9,-6,-1,-4,0,-1
1533864677924182,-1,-1,-4,26,10,0,-1,-2
1533864677924182,-3,-7,1,-38,-15,-3,-2,-1
1533864677924182,1,0,-8,-1,-5,-2,-2,0
1533864677924182,-1,-5,-6,7,11,-1,-2,-2
1533864677938145,2,2,3,-12,-9,-3,0,0
1533864677938145,-5,-5,0,20,5,-1,2,-3
1533864677939143,-4,-5,-6,-2,-9,-1,-2,-3
1533864677939143,0,3,-6,-3,4,0,-3,0
1533864677960086,-1,-3,1,-5,0,1,0,0
1533864677960086,4,-1,-3,-2,-1,-2,1,1
1533864677961102,-3,1,1,-15,-12,-2,1,1
1533864677961102,1,-14,14,9,12,-2,0,1
1533864677984025,-3,-2,-6,-2,-10,0,-1,-1
1533864677984025,2,-4,0,-7,2,2,-2,-1
1533864677984025,0,-1,-2,16,15,0,-1,-2
1533864677984025,1,2,-12,-3,-7,-3,-1,-2
1533864677998000,-1,1,2,2,-4,-1,-1,-2
1533864677998000,-2,-4,-4,-9,3,-1,-1,0
1533864677998983,-3,-3,9,4,-17,-4,-1,-2
1533864677998983,-6,-1,-8,-9,-2,-1,0,-2
1533864678021130,-2,-3,-22,-1,-10,-2,-2,0
1533864678021130,1,-2,26,19,17,3,0,-1
1533864678021130,-1,0,-5,-5,-1,-1,-1,-1
1533864678021130,0,2,-6,-10,-2,1,1,-3
1533864678043862,0,2,0,2,9,4,1,2
1533864678043862,-3,-4,-14,1,-4,-3,-5,-1
1533864678044860,-2,0,-4,-7,-7,-3,-3,0
1533864678044860,-2,-1,-1,27,23,-3,-2,1
1533864678057825,-6,-4,-1,-47,-36,-4,-3,-3
1533864678057825,1,1,-3,10,-4,1,-1,1
1533864678058822,1,0,8,-3,4,4,2,-1
1533864678058822,2,-1,-5,-4,11,2,1,-1
1533864678080763,0,0,3,20,5,-1,-1,-1
1533864678080763,-1,-3,-7,-5,-3,-3,-1,-3
1533864678080763,2,0,-4,0,4,0,-1,0
1533864678080763,0,6,-3,-2,2,0,-1,-1
1533864678103706,-3,-4,-1,-23,-8,-4,-2,-3
1533864678103706,-5,-5,-9,3,12,0,0,-2
1533864678104700,-1,-13,18,0,-24,-1,0,0
1533864678104700,0,-2,0,-7,-7,1,0,0
1533864678117667,4,1,2,4,7,1,-1,0
1533864678117667,2,-2,0,7,7,-1,-3,0
1533864678118663,1,4,-8,-1,3,-1,0,-1
1533864678118663,-1,-1,-2,-8,-7,0,0,-1
1533864678140607,-2,-2,1,7,3,-5,0,0
1533864678140607,-3,4,-1,0,-2,-2,-1,-3
1533864678141601,-1,-1,-5,-3,2,-2,-2,-2
1533864678141601,-1,-1,0,-9,-15,-2,-1,-1
1533864678163543,1,3,-40,15,23,1,-1,-3
1533864678163543,-6,-19,12,-12,-24,-5,-1,-1
1533864678164539,-2,1,-2,-9,-2,-1,-1,2
1533864678164539,-5,-5,-4,-4,-3,-1,-2,0
1533864678186515,0,-2,2,2,-4,0,-1,-2
1533864678186515,2,6,-6,4,8,0,-1,-1
1533864678187479,0,1,-3,-6,2,-3,-1,0
1533864678187479,4,0,-1,11,-3,0,-1,-1
1533864678200477,-1,2,13,14,13,-1,-1,0
1533864678200477,-8,-6,-20,-66,-43,-9,-5,-3
1533864678201440,-3,0,1,9,12,3,-1,0
1533864678201440,-2,1,-2,-1,2,1,-1,-1
1533864678223382,0,0,7,0,-1,-1,-2,0
1533864678223382,2,6,4,23,12,4,1,0
1533864678224382,0,0,-6,-9,-1,-3,0,-2
1533864678224382,0,-2,-3,-12,-13,-1,-2,0
1533864678238342,0,-2,7,4,2,3,1,-1
1533864678238342,-1,1,0,22,7,-2,0,0
1533864678239340,-3,-3,-6,-18,-7,-1,-2,0
1533864678239340,0,-2,3,10,7,-1,-1,-1
1533864678260287,-3,-1,2,-14,-11,-2,0,1
1533864678260287,2,-1,-1,9,8,2,-3,-2
1533864678261294,-1,0,-2,3,3,-6,-1,-3
1533864678261294,0,-1,-3,-10,-2,-3,-2,-1
1533864678284262,-2,-3,0,-3,-2,-3,-2,1
1533864678284262,1,2,1,-4,-10,1,0,0
1533864678284262,-5,-5,-8,17,5,-2,-3,-2
1533864678284262,-2,1,-2,-13,-5,-1,-2,0
1533864678298198,-2,1,2,-3,-6,-1,-1,-2
1533864678298198,2,17,-8,14,6,3,1,0
1533864678299193,1,-6,3,-10,5,3,2,0
1533864678299193,-2,-1,0,38,4,-1,-1,-2
1533864678321120,-1,-1,-2,-35,-6,1,2,-2
1533864678321120,-3,-4,-6,-7,-4,-7,-4,-3
1533864678321120,0,3,-2,1,-5,2,-1,-1
1533864678321120,-1,-1,-3,-10,0,1,-1,0
1533864678344062,0,-1,3,14,11,2,0,-1
1533864678344062,-2,-5,3,6,-3,0,0,1
1533864678344062,-2,-1,-2,-12,-8,-4,-1,-2
1533864678344062,1,-2,3,7,7,1,0,-1
1533864678358025,0,-3,-2,-4,-9,-5,-4,-4
1533864678358025,-2,-4,1,-4,1,-3,-1,0
1533864678359019,-1,1,0,8,1,-1,0,-1
1533864678359019,-2,1,-4,-8,-4,-5,-3,-2
1533864678380960,1,-1,-2,-3,-7,-2,-2,-2
1533864678380960,0,-5,1,-3,9,-1,0,-2
1533864678380960,0,-1,-3,7,-6,-4,-3,-2
1533864678380960,-1,-1,-2,-14,-6,0,1,0
1533864678403919,-4,-5,-5,28,-2,-4,-2,-2
1533864678403919,-3,-4,-1,-11,-9,-2,-2,-2
1533864678404897,-2,-3,-5,-13,-4,0,-1,-2
1533864678404897,0,-1,1,-9,-5,-2,0,-1
1533864678417862,-2,-5,-20,-2,5,3,2,-1
1533864678417862,0,4,36,21,9,-3,0,2
1533864678418859,3,1,4,-1,3,5,1,-1
1533864678418859,-1,10,-2,2,-15,-10,-2,0
1533864678440804,-6,-2,-3,-37,-10,-3,-1,0
1533864678440804,-2,-3,-11,15,5,-1,-2,-2
1533864678441806,-2,-4,1,-4,-1,0,0,0
1533864678441806,1,0,2,8,4,0,-3,0
1533864678463743,1,2,6,4,-3,1,-1,-2
1533864678463743,2,0,-7,-9,2,-2,-1,-2
1533864678464736,-1,3,-1,-1,1,0,0,-1
1533864678464736,-3,-4,-7,3,1,0,0,-1
1533864678485686,-1,-1,3,-3,-7,-5,-2,1
1533864678485686,1,-3,-5,-14,-5,-1,-1,1
1533864678486692,-4,-6,-6,14,5,-4,-3,0
1533864678486692,-4,-4,-1,-8,-1,0,-1,-3
1533864678500645,-2,-2,4,4,3,1,-1,0
1533864678500645,-1,2,0,-1,3,1,0,-1
1533864678501643,-1,0,0,-8,-8,-3,-2,-2
1533864678501643,-2,-2,-2,-5,0,-2,0,-1
1533864678523579,-3,0,1,6,-3,-6,-2,0
1533864678523579,-1,-3,-5,3,4,5,2,-1
1533864678524583,1,1,4,25,7,2,1,-2
1533864678524583,-4,-7,-5,-40,-11,-3,-2,-2
1533864678537541,3,3,3,21,10,-1,0,0
1533864678537541,-5,-4,-7,-25,-10,-4,-1,-1
1533864678545524,-2,-1,0,15,3,-1,-1,1
1533864678545524,0,-2,-1,-10,-3,-1,0,-1
1533864678560492,-1,-3,0,13,3,0,0,-2
1533864678560492,-1,-3,-3,10,-5,-4,0,-1
1533864678561505,-1,2,-1,-9,-3,-1,-2,1
1533864678561505,-2,0,0,10,3,2,-2,-1
1533864678583431,0,-2,-1,-18,-7,-3,-1,1
1533864678583431,2,1,0,0,-3,1,0,0
1533864678584426,-2,-2,-4,2,2,-3,-1,-1
1533864678584426,-2,-2,-2,-3,4,-2,-1,-1
1533864678597394,-1,-2,1,20,1,0,0,-1
1533864678597394,-1,0,-3,-21,-9,-1,-1,1
1533864678605370,-1,-3,1,-17,-9,-2,1,-1
1533864678605370,1,-2,1,11,10,2,-1,-2
1533864678620332,-1,-1,-1,-2,1,-1,-2,-1
1533864678620332,-1,-3,0,9,0,-2,-1,-2
1533864678621327,1,0,-1,-7,-2,0,0,-2
1533864678621327,0,-1,0,6,3,-6,-1,-1
1533864678644268,2,3,3,-7,6,5,1,0
1533864678644268,-4,-3,-9,-1,-16,-5,-2,-1
1533864678644268,-3,-6,-6,4,12,-1,-4,-2
1533864678644268,-4,-1,-2,-2,-18,-3,0,1
1533864678657230,0,-1,0,2,-1,-2,-2,-1
1533864678657230,1,2,3,1,5,4,0,0
1533864678665209,0,0,-2,-8,-4,0,0,-1
1533864678665209,-2,-2,0,6,1,-1,-1,-1
1533864678680180,-1,0,-3,-12,-4,-1,0,0
1533864678680180,-2,-2,-2,3,5,-1,-1,-3
1533864678681209,1,1,0,6,-3,-5,-2,-1
1533864678681209,1,-3,-5,-11,8,-2,-2,-2
1533864678704329,-5,-6,-5,-19,-21,-5,-1,-2
1533864678704329,-1,-4,-5,0,1,-3,-2,-1
1533864678704329,-5,-4,-2,8,-7,-4,-1,-1
1533864678704329,2,0,0,14,-1,0,-2,-2
1533864678717074,-1,0,1,1,9,-2,0,-1
1533864678717074,0,2,1,-2,-3,-1,-2,1
1533864678726050,1,2,3,-9,-5,0,0,-1
1533864678726050,0,1,1,2,6,3,0,-1
1533864678741006,-5,-2,-5,6,4,-1,-3,-1
1533864678741006,1,0,0,-3,-1,1,0,-1
1533864678741006,0,0,-2,-5,0,0,0,-2
1533864678741006,-2,-2,-2,-4,-4,-1,0,-2
1533864678763949,0,0,-2,-4,-4,0,-2,0
1533864678763949,-2,-3,1,9,5,-3,-1,-2
1533864678764943,-1,-1,3,-3,4,1,0,0
1533864678764943,0,-2,-2,-17,-8,-1,-2,0
1533864678777911,-2,-4,-4,0,-14,-5,-1,0
1533864678777911,-2,-1,-2,3,4,-2,-2,-3
1533864678785888,-1,-1,-1,-11,-4,-2,1,-1
1533864678785888,-1,-1,2,13,-2,1,-1,-1
1533864678800849,0,-1,0,6,-4,-2,-2,0
1533864678800849,1,-1,-1,-28,-7,1,-1,0
1533864678800849,0,-2,-2,7,1,-2,-4,-2
1533864678800849,0,-1,-3,-19,7,1,1,3
1533864678823786,-5,-4,-2,4,-3,-3,-3,-1
1533864678823786,-2,1,0,5,1,2,2,0
1533864678824784,-2,0,-2,5,2,1,-1,-1
1533864678824784,-1,0,0,9,-3,-4,-1,-1
1533864678837764,1,1,1,-5,-5,1,-1,-1
1533864678837764,1,1,2,15,5,1,1,0
1533864678845726,-2,-2,-4,-20,-9,-4,-3,-1
1533864678845726,-2,-4,-7,0,-7,-5,-3,-5
1533864678860690,0,2,0,-19,-5,-1,0,-1
1533864678860690,-1,-1,0,12,3,-1,-2,-2
1533864678867671,4,0,5,14,6,3,0,3
1533864678867671,-4,-1,-5,-20,2,0,-1,-2
1533864678883628,-2,-2,-5,-2,2,1,1,-2
1533864678883628,-3,-3,-6,1,6,-3,-1,-3
1533864678884623,1,2,5,8,2,-2,0,1
1533864678884623,-3,-1,1,14,-8,-1,0,0
1533864678906564,2,-2,1,-11,-1,0,1,-2
1533864678906564,-1,-1,1,9,3,0,-3,0
1533864678906564,-1,-2,-5,-13,0,1,-2,-2
1533864678906564,-1,3,2,6,3,-2,-3,1
1533864678920526,-2,-2,-1,-12,-1,0,-2,-2
1533864678920526,-1,-4,-3,11,1,-4,-2,-1
1533864678921524,-1,-2,-6,-34,-7,-1,1,-3
1533864678921524,0,0,2,7,-1,1,0,-1
1533864678943469,0,0,-1,7,6,-1,-1,-1
1533864678943469,-2,-1,2,-13,-17,-4,0,-1
1533864678944478,-2,-2,-2,3,1,-1,-1,-1
1533864678944478,-2,-1,0,8,-2,-2,0,-1
1533864678966426,2,0,1,0,17,4,0,-1
1533864678966426,-2,-1,-2,9,5,-4,0,0
1533864678967402,-3,2,-3,-32,-43,-3,-3,0
1533864678967402,-5,-5,-9,-9,9,-3,-4,-3
1533864678980375,-2,-1,1,2,-14,-3,-2,0
1533864678980375,-1,0,-1,-7,2,-1,-1,-3
1533864678981364,1,0,4,13,8,-1,1,-1
1533864678981364,2,0,1,7,3,0,-1,-1
1533864679003309,-1,0,-4,-11,-5,-2,0,1
1533864679003309,1,0,0,7,9,-1,-1,-1
1533864679004302,1,-1,-1,25,15,0,0,-1
1533864679004302,-3,-1,-1,-41,-20,-2,-1,-3
1533864679026244,-1,-2,0,12,-1,-2,-2,-2
1533864679026244,0,-3,-1,-12,-8,0,-2,-1
1533864679027242,-3,-2,-3,9,9,-1,-4,-1
1533864679027242,1,0,3,9,10,4,0,0
1533864679040213,-2,-1,-1,4,-14,-6,0,-3
1533864679040213,-2,-1,-2,3,0,1,-2,-1
1533864679041210,-2,-3,-5,-8,-2,-5,-2,-1
1533864679041210,0,-1,2,8,8,1,0,1
1533864679064148,-3,-1,-1,-10,-4,-2,0,-2
1533864679064148,2,1,3,2,2,1,-1,-1
1533864679064148,-4,-3,-6,11,4,1,-2,-2
1533864679064148,-2,0,-6,-6,-18,-6,-2,-3
1533864679086087,1,0,1,0,10,4,0,0
1533864679086087,-3,-1,1,7,-6,-2,-2,-1
1533864679087084,-1,1,2,-4,-7,0,-2,-2
1533864679087084,0,0,2,-6,-3,-2,1,0
1533864679100050,-1,-3,-7,2,3,-2,-2,-1
1533864679100050,-1,-2,-3,-11,-2,-1,2,-1
1533864679101044,-3,-1,-1,15,-2,-2,-1,-2
1533864679101044,-2,-4,-3,9,-2,-1,-2,-1
1533864679123982,0,-1,1,5,10,2,-1,-1
1533864679123982,-1,0,-1,-17,-11,-4,1,0
1533864679123982,-1,-4,1,-19,-15,-2,-2,-2
1533864679123982,-2,-2,0,18,4,2,-1,-1
1533864679146921,-2,-2,-3,4,6,1,-2,0
1533864679146921,0,0,-3,-12,5,1,0,0
1533864679146921,-1,0,-1,0,-10,-2,1,1
1533864679146921,3,1,3,-6,-4,-3,3,2
1533864679160887,-5,-4,-3,-4,4,-2,-2,-1
1533864679160887,-7,-4,-6,-7,-10,-2,-4,-1
1533864679160887,-4,-4,-7,-13,-9,-4,-1,-3
1533864679160887,0,-4,0,10,2,0,-2,-1
1533864679183824,3,1,1,3,1,0,1,0
1533864679183824,1,0,2,1,0,-3,-1,-1
1533864679184821,-2,1,-1,1,10,0,-1,-2
1533864679184821,-2,-3,-2,-3,2,-1,0,-1
1533864679205764,0,-1,-1,-7,-9,-5,0,0
1533864679205764,-4,-3,-4,3,-4,0,-3,-1
1533864679206761,-1,2,4,9,7,-2,-1,0
1533864679206761,-3,-4,-2,-5,-7,-2,0,-2
1533864679220727,0,0,2,8,7,4,1,0
1533864679220727,-4,-3,-4,-20,-7,-4,-2,-1
1533864679221721,-1,0,-2,10,-1,-3,-1,0
1533864679221721,0,0,-3,-11,8,2,-2,-1
1533864679243665,-5,-5,-8,-11,-2,2,-3,-3
1533864679243665,2,0,-1,2,-6,-3,1,-1
1533864679244660,-2,-3,0,-2,-6,-3,-2,-1
1533864679244660,-2,0,1,10,3,0,-1,-2
1533864679266604,-3,0,-1,-2,-16,-6,-1,-1
1533864679266604,1,0,-2,3,15,5,-2,-1
1533864679266604,-3,-2,-5,-5,7,2,2,-3
1533864679266604,0,0,3,0,6,-1,-1,-1
1533864679280581,0,-3,2,-2,-10,-3,0,-1
1533864679280581,-1,-2,3,-3,-1,-1,-1,0
1533864679281561,0,0,3,29,3,3,1,-2
1533864679281561,-1,-1,-5,-46,-1,1,-1,-1
1533864679303505,-2,-2,-9,-2,-1,-3,0,-2
1533864679303505,-1,0,3,-1,-6,-2,0,-2
1533864679304500,-1,-2,-4,2,-2,-3,-2,-1
1533864679304500,0,0,-6,25,10,1,-1,0
1533864679326445,-4,1,1,-39,-20,-4,-2,-1
1533864679326445,-1,0,-3,-11,-5,-3,1,-1
1533864679327438,1,-1,3,-4,12,2,-2,1
1533864679327438,-1,-2,0,9,-18,-4,-1,-1
1533864679340410,0,1,5,11,9,2,-1,0
1533864679340410,0,-1,-1,12,2,3,0,0
1533864679341402,-1,-2,-4,1,-3,0,0,-1
1533864679341402,-3,-6,-3,-9,-12,-4,-3,-2
1533864679363342,3,2,-3,-10,0,2,2,0
1533864679363342,-2,-2,-3,12,2,1,0,-2
1533864679364340,2,0,6,12,6,-1,-1,-2
1533864679364340,-2,0,1,-14,0,1,-2,0
1533864679386284,-2,-4,-2,20,3,-6,-3,-1
1533864679386284,-3,-2,0,16,6,-1,0,-2
1533864679387278,0,0,1,-22,-6,-2,0,0
1533864679387278,-1,2,4,12,-2,-1,-1,-2
1533864679400244,-1,1,0,-2,0,-1,-1,-1
1533864679400244,0,-2,-3,-3,0,-3,-2,0
1533864679401241,-2,-2,-2,-12,5,1,0,0
1533864679401241,-1,0,0,-10,-12,-2,-1,0
1533864679424186,0,-3,0,17,10,3,0,-2
1533864679424186,-1,0,-6,6,-4,-4,-4,-1
1533864679424186,1,-2,5,-13,-6,1,0,-2
1533864679424186,0,0,-1,-1,2,-3,-2,-1
1533864679446122,-1,-1,-2,1,-3,1,-1,1
1533864679446122,0,0,2,10,9,2,0,-1
1533864679447121,-1,0,-5,-33,-20,-2,-2,-2
1533864679447121,-1,-2,-2,9,9,-1,-2,1
1533864679460277,-4,-2,-3,-1,-11,0,-1,-2
1533864679460277,-4,-1,0,4,0,-2,-1,-2
1533864679468065,0,0,-4,4,-3,-2,1,0
1533864679468065,1,-1,-2,-6,0,-3,1,-4
1533864679484022,-1,0,1,1,3,-1,-1,0
1533864679484022,1,0,1,0,0,2,-1,-1
1533864679485017,-2,-4,-6,-11,-1,-4,-4,-3
1533864679485017,-1,-2,-1,3,1,0,0,-1
1533864679505961,1,-2,1,1,-4,-6,-2,-1
1533864679505961,-1,-3,1,-12,-5,-1,-1,1
1533864679506959,-1,-1,-2,8,1,-1,-2,-1
1533864679506959,-1,0,0,16,-1,-3,-2,0
1533864679519926,-4,-3,-6,-29,-3,-3,-2,0
1533864679519926,0,-2,-1,0,1,1,-2,-1
1533864679527905,-2,-3,-4,-12,-12,-2,-1,-1
1533864679527905,-1,-2,-2,-2,0,0,1,-1
1533864679543862,1,0,3,9,1,0,0,-2
1533864679543862,-1,-2,-2,-1,-3,-1,-1,-1
1533864679544857,-1,-1,0,1,11,2,2,2
1533864679544857,1,1,4,2,-1,-1,1,0
1533864679573779,1,-1,-4,16,6,2,0,1
1533864679573779,-8,-5,-3,-20,-12,-7,-2,-3
1533864679574778,1,0,-1,7,-2,-1,-1,0
1533864679574778,-2,-1,-3,0,1,0,-4,-2
1533864679579767,2,2,1,-11,0,0,-1,-2
1533864679579767,0,1,1,-2,1,-1,-2,-1
1533864679587745,-3,-1,-1,-1,1,-5,-1,0
1533864679587745,-1,0,1,-3,2,0,1,-1
1533864679603702,-1,0,3,14,6,2,2,2
1533864679603702,-4,-3,-7,-21,-14,-1,0,2
1533864679604697,-1,-2,-3,-6,-5,0,-3,-1
1533864679604697,-3,-4,-3,19,2,-4,-4,-2
1533864679626638,-3,-2,-3,-20,-1,-1,-1,-2
1533864679626638,0,2,0,3,3,-2,1,-1
1533864679626638,1,-1,-1,2,3,0,-1,-2
1533864679626638,0,-1,-4,-4,-10,0,0,-1
1533864679639603,-1,0,2,10,9,1,-1,-1
1533864679639603,-1,-1,-1,-16,-4,-5,1,-2
1533864679647619,-2,-1,2,11,2,-1,1,0
1533864679647619,-5,-3,-5,-1,-12,-5,-2,-3
1533864679663577,-2,-2,-3,-16,-8,-2,-2,-2
1533864679663577,3,1,1,13,10,3,1,-1
1533864679664538,-1,-2,-3,-22,-5,-2,-2,-1
1533864679664538,-2,-1,0,-4,0,-1,-2,-1
1533864679686507,-3,-2,-3,6,2,-1,-2,-2
1533864679686507,1,0,-2,-1,0,-2,-2,0
1533864679687476,-2,-1,-1,9,0,-3,-1,-1
1533864679687476,1,-2,0,-5,4,2,-1,1
1533864679699479,2,-1,1,4,-11,-4,1,0
1533864679699479,-3,-2,0,-42,-20,4,-2,-1
1533864679708488,-2,-3,-7,25,2,-6,-3,-4
1533864679708488,-3,-2,0,-7,2,0,0,-1
1533864679724397,1,0,0,6,4,0,-3,-4
1533864679724397,1,0,-1,4,2,-1,-1,0
1533864679724397,2,2,0,-6,-2,1,0,-1
1533864679724397,-1,-2,-1,-4,2,-1,-2,0
1533864679746321,0,-1,0,16,2,-2,0,1
1533864679746321,-2,-3,-2,-9,-2,0,-1,0
1533864679747316,-3,-1,-2,1,-1,0,-2,1
1533864679747316,0,-1,0,-16,-8,-1,0,-1
1533864679760284,1,-1,1,8,-3,-1,0,-1
1533864679760284,-1,-2,-3,6,0,1,-1,-1
1533864679768259,-2,-2,-2,38,20,3,-2,-1
1533864679768259,-4,-2,-8,-37,-29,-7,-2,-2
1533864679784219,-4,-3,-4,-14,-2,-2,0,-1
1533864679784219,-4,-1,1,17,6,-1,-3,-2
1533864679784219,-2,-1,-1,-16,-8,-1,-1,-3
1533864679784219,1,3,6,9,3,2,2,0
1533864679806158,0,2,2,7,13,-1,-2,-1
1533864679806158,-1,0,-4,-2,0,-1,-2,-1
1533864679807163,-3,-4,-3,2,-11,-5,-2,-2
1533864679807163,1,-2,-2,5,6,1,-2,-3
1533864679829099,-5,-2,-4,-19,-13,-4,-2,-2
1533864679829099,0,0,1,16,6,4,2,1
1533864679829099,0,0,1,-12,-4,-1,0,1
1533864679829099,0,1,0,8,1,3,0,1
1533864679851041,0,-2,-3,-2,0,-2,-1,0
1533864679851041,-1,-2,0,-1,1,-3,-2,0
1533864679852037,-1,0,1,-6,-4,-1,0,0
1533864679852037,1,-3,-4,2,2,-3,-1,-2
1533864679866001,1,-1,-5,3,-6,0,0,-2
1533864679866001,-1,-2,-1,-7,-4,0,-2,-2
1533864679866996,2,-1,1,-6,-2,-3,0,-2
1533864679866996,-2,-2,1,6,4,1,-2,-2
1533864679888936,-2,0,-1,2,-1,-2,-1,1
1533864679888936,0,-1,1,-3,-1,-2,1,-2
1533864679889934,0,0,0,0,2,2,-2,-2
1533864679889934,-2,-1,0,-8,-3,-1,-2,0
1533864679903898,0,-1,3,13,11,2,-1,-2
1533864679903898,-2,-3,-5,-3,-7,-6,-3,-3
1533864679904896,-3,-2,-4,-2,-9,-1,-3,-1
1533864679904896,-5,-3,-5,5,-7,-7,-2,-2
1533864679925839,-1,-2,-1,-7,-2,1,-1,-2
1533864679925839,1,0,2,9,3,0,-1,0
1533864679926836,2,-1,2,16,17,-1,1,-2
1533864679926836,-1,1,-1,-29,-13,-1,-1,-1
1533864679948777,-1,0,1,23,5,-1,0,0
1533864679948777,-2,-3,-6,-13,-6,-2,-1,-1
1533864679950771,-3,-1,-3,-7,-1,-1,-2,-2
1533864679950771,-1,0,3,8,4,1,0,-1
1533864679962739,1,-2,0,-10,-7,-2,-2,-1
1533864679962739,0,2,-1,-1,-6,-1,-1,-2
1533864679971715,-1,-2,-1,-3,-7,-3,0,2
1533864679971715,1,0,-1,3,11,4,1,0
1533864679986689,-4,0,-3,-13,-8,-1,-1,-1
1533864679986689,-1,-3,-4,15,6,1,-2,-2
1533864679987674,-1,-1,1,4,-4,-2,0,-1
1533864679987674,-4,-1,-4,-28,-7,-3,-2,-4
1533864680008617,-2,0,-3,0,-4,-4,-1,0
1533864680008617,-1,-1,2,-1,2,2,0,-1
1533864680010612,0,-1,2,5,3,-1,-1,-1
1533864680010612,0,0,-1,10,4,-2,-1,0
1533864680022582,-1,-2,-2,-4,8,-3,-2,-1
1533864680022582,-3,0,-3,3,-15,-3,-2,0
1533864680031556,1,-1,1,-21,-9,1,-2,-2
1533864680031556,-5,-2,-4,17,3,-4,-2,-3
1533864680046549,-5,-4,-3,16,5,4,0,-2
1533864680046549,-1,0,2,-12,3,-2,-1,-2
1533864680047548,-1,-4,-6,-10,-7,-3,-2,-2
1533864680047548,1,-2,2,-24,-2,0,0,-1
1533864680068456,2,1,3,0,-5,-2,0,0
1533864680068456,0,-2,-1,2,3,0,-3,0
1533864680070458,-1,1,-1,3,1,0,0,0
1533864680070458,1,-1,0,9,0,-2,0,0
1533864680082422,-1,-1,-2,-8,-5,-2,-3,0
1533864680082422,-1,-1,2,8,0,-1,0,-2
1533864680091399,0,-1,-3,-9,2,2,0,-1
1533864680091399,-2,-2,-3,12,-4,-2,-3,1
1533864680106355,0,-3,-3,-7,-3,-1,-1,-4
1533864680106355,-2,-2,0,-3,-1,0,0,1
1533864680107367,0,1,1,4,-5,1,-1,1
1533864680107367,0,1,1,4,10,1,-1,-3
1533864680128296,-4,-4,-6,-9,-13,-6,-2,-7
1533864680128296,-2,-2,-2,9,-8,-3,-2,0
1533864680130294,-4,-2,-6,-43,-4,-5,-3,-2
1533864680130294,0,1,1,9,-13,-3,3,1
1533864680143259,0,0,-1,-14,7,-1,-1,2
1533864680143259,-2,-1,-2,7,-6,-6,-1,-5
1533864680150241,0,-1,0,10,2,-1,0,-1
1533864680150241,-1,-1,0,-1,3,2,-1,-1
1533864680166198,-1,0,-2,-9,-4,-1,-1,-3
1533864680166198,0,0,3,12,10,2,0,0
1533864680168210,-2,-3,-2,-17,-8,1,-1,-1
1533864680168210,-1,-2,-1,-2,1,-1,-1,-1
1533864680189154,-2,1,0,3,1,-1,1,-3
1533864680189154,1,-2,-1,-9,6,0,-2,-1
1533864680190137,-2,0,1,16,-5,-4,0,-2
1533864680190137,0,-3,-4,-1,2,1,-2,0
1533864680203099,-3,-2,-3,-32,-14,-3,-2,0
1533864680203099,-1,0,-3,1,8,-1,-1,-1
1533864680210081,-2,-2,-2,-10,-11,-2,-1,-1
1533864680210081,-2,-1,-3,-6,-13,-3,0,-1
1533864680226038,0,0,1,9,4,0,-1,0
1533864680226038,0,1,0,8,5,-3,0,-2
1533864680228030,0,0,0,5,-1,0,-1,-1
1533864680228030,1,-1,-1,-22,-3,-1,0,-1
1533864680249191,-3,-4,-1,13,6,-3,-3,-2
1533864680249191,-1,2,2,-11,-7,1,1,-1
1533864680249972,-1,-5,-6,15,8,0,-3,-2
1533864680249972,0,1,0,1,2,-2,-1,0
1533864680261939,1,-1,-1,-1,-4,3,1,2
1533864680261939,-4,-4,-7,-12,-7,-3,-1,-1
1533864680270918,0,1,3,9,-3,-1,0,0
1533864680270918,-2,0,-3,-5,8,-1,-1,-3
1533864680286872,0,2,2,23,-4,-1,-1,-2
1533864680286872,1,0,0,-7,2,2,1,1
1533864680287870,2,0,-2,-11,2,-2,-1,-1
1533864680287870,-2,-5,-2,17,-1,-1,-1,-3
1533864680308833,0,0,1,-4,-2,-3,0,-1
1533864680308833,1,0,-1,34,2,0,-2,-1
1533864680310815,-5,-3,-3,-45,-10,-1,-2,-2
1533864680310815,2,0,0,11,2,0,-3,1
1533864680322779,-3,-1,-5,-24,2,0,-2,-1
1533864680322779,-3,-3,-3,6,3,-1,-1,-2
1533864680331752,-1,1,1,37,4,-1,2,-3
1533864680331752,-5,-4,-4,-29,-13,-3,-3,-2
1533864680346715,1,-2,0,3,-2,1,-1,0
1533864680346715,1,-2,-2,-24,-14,-3,-2,-1
1533864680347711,2,-1,1,17,7,1,0,0
1533864680347711,-2,-1,-4,-12,-5,-1,1,0
1533864680368656,-1,-1,0,-3,-3,0,0,-1
1533864680368656,0,-3,0,4,1,0,0,0
1533864680370663,2,0,0,-15,1,-2,-1,0
1533864680370663,-2,-2,-2,4,-2,-4,-2,0
1533864680382619,1,-2,-2,4,7,1,-2,-1
1533864680382619,-4,1,-4,-3,-2,0,-2,-3
1533864680391592,-2,0,0,2,-2,-2,-2,-1
1533864680391592,3,1,5,2,3,1,-1,2
1533864680406554,-4,-4,-4,11,3,-4,-3,-1
1533864680406554,-1,0,0,-7,2,-3,1,-1
1533864680408547,-2,-2,-3,-7,-9,1,0,-1
1533864680408547,-2,-3,-4,-1,1,-3,-1,-2
1533864680428497,-1,0,1,5,-1,1,-1,-1
1533864680428497,1,1,3,1,4,2,-1,-2
1533864680430488,-2,-1,-2,4,5,-2,0,-1
1533864680430488,0,0,1,0,-2,-1,1,-1
1533864680442459,1,0,-2,-7,-4,1,-2,1
1533864680442459,-3,-1,-2,-6,-2,-1,-2,-2
1533864680451432,0,-1,-1,2,-1,0,-2,0
1533864680451432,0,-3,-4,-6,-2,-2,-3,-3
1533864680466395,-1,-2,-1,2,-9,-5,0,-1
1533864680466395,-1,-1,-1,-18,4,1,-2,0
1533864680467389,-1,-2,-2,17,-3,-4,-1,0
1533864680467389,-3,-1,-3,19,0,0,-2,-2
1533864680488333,-2,-2,-3,-12,-2,-1,0,-1
1533864680488333,0,-1,2,17,2,-2,-2,-2
1533864680490328,-3,-3,-3,-34,-5,-3,-3,-3
1533864680490328,1,2,-1,5,-2,0,-1,-1
1533864680502299,-3,-1,0,5,4,-1,-1,0
1533864680502299,-1,-1,0,-1,-7,0,0,0
1533864680511272,2,0,0,11,9,0,-1,-1
1533864680511272,-2,-2,1,-1,1,-4,0,-1
1533864680526248,2,0,0,7,0,-1,-2,-1
1533864680526248,-1,0,-4,-8,-1,-2,-2,-1
1533864680528231,-3,0,0,-7,-8,1,0,-1
1533864680528231,-2,1,-2,-2,6,-1,1,-2
1533864680549174,-3,-3,-6,6,-6,-5,-3,-3
1533864680549174,-2,-2,-3,-1,-4,-2,-3,0
1533864680550168,0,-2,-3,-1,-2,1,-1,-1
1533864680550168,0,1,1,-1,-6,1,0,0
1533864680562388,1,0,0,5,7,3,2,0
1533864680562388,0,-2,-1,-6,-3,-3,-2,-1
1533864680571363,-1,-1,0,2,6,2,-2,-1
1533864680571363,1,0,3,14,3,1,-2,-1
1533864680586324,-3,-3,-6,-12,-11,-7,1,0
1533864680586324,-2,-3,-3,-6,-11,1,-1,-1
1533864680588339,-1,-2,-2,-4,2,2,0,-1
1533864680588339,-2,-2,-1,11,3,1,-1,-1
1533864680609265,1,0,3,-5,6,-1,-1,-3
1533864680609265,3,3,5,-10,4,1,1,1
1533864680610260,-6,-3,-5,38,16,-5,-3,-1
1533864680610260,-3,-6,-10,-37,-23,-4,-3,-3
1533864680622228,1,0,-1,-1,5,2,-1,0
1533864680622228,-2,-1,-2,4,-5,-5,-1,-1
1533864680631203,1,-1,3,-15,-8,-1,-1,-1
1533864680631203,-2,0,0,14,4,-2,0,0
1533864680646166,-1,1,-2,3,-6,1,-1,-1
1533864680646166,-3,-4,-4,-30,2,-5,-2,-1
1533864680648158,0,1,0,-1,-1,-1,-1,0
1533864680648158,-3,-1,1,6,-4,-4,-2,0
1533864680669107,2,0,2,7,8,3,1,-2
1533864680669107,-3,0,-2,-13,-14,-1,-1,-3
1533864680670100,-2,-1,-1,-7,-5,-1,-1,-1
1533864680670100,0,-2,0,-2,0,-2,-1,0
1533864680683283,-1,0,0,-5,-1,1,-2,0
1533864680683283,0,-1,-2,17,11,2,-1,-1
1533864680691252,-3,-3,-3,-16,-17,-7,-1,-1
1533864680691252,-3,-1,-2,-8,-1,0,-1,-1
1533864680706003,-1,0,-2,-4,-7,0,1,-1
1533864680706003,-1,-2,-1,7,3,-3,-1,-1
1533864680708018,1,0,-2,-9,3,3,0,-1
1533864680708018,-1,-5,0,24,12,0,0,0
1533864680728945,-1,-2,-1,-8,-3,-3,-2,-2
1533864680728945,0,-1,-1,7,-9,-2,0,0
1533864680729944,-1,-2,-5,-34,-2,-1,-2,-2
1533864680729944,1,-1,0,-1,11,1,-1,0
1533864680742906,-5,-3,-2,6,-6,-4,-2,-2
1533864680742906,0,-1,2,28,-5,-2,0,-1
1533864680750883,-2,-1,-3,-5,-7,-4,-1,0
1533864680750883,1,2,1,-13,-6,0,-2,0
1533864680766874,-1,-4,-2,-4,4,-1,-1,-2
1533864680766874,2,-1,1,-1,9,4,0,-1
1533864680767838,0,-1,-1,15,-7,-1,0,-2
1533864680767838,-2,-1,-1,-4,3,-1,-1,-3
1533864680788782,-1,1,0,14,1,-2,0,0
1533864680788782,-2,-2,-3,-27,1,-3,-4,0
1533864680790794,0,-2,-1,4,3,1,-1,0
1533864680790794,1,0,3,3,-5,-1,1,0
1533864680811724,-1,-5,-6,-12,-3,-1,-2,-1
1533864680811724,-1,-2,-2,7,-2,2,0,-1
1533864680812718,-1,-1,0,-6,-5,-2,-2,-1
1533864680812718,-1,0,0,-2,3,1,0,-2
1533864680826715,0,-1,2,9,1,1,-1,0
1533864680826715,0,1,0,-15,-5,-2,-1,0
1533864680827684,-3,-2,0,26,1,-2,-4,-2
1533864680827684,-1,-1,-9,-23,-5,1,0,-1
1533864680848625,-1,-1,-9,-15,2,2,0,0
1533864680848625,-2,5,13,18,2,-2,-1,-2
1533864680850622,1,-1,15,-13,-9,-1,1,-2
1533864680850622,-2,-3,-7,14,3,1,1,-3
1533864680871561,-2,-2,-10,-7,7,-5,-4,-3
1533864680871561,-2,-6,-7,0,-8,0,1,-1
1533864680872557,-1,2,-1,6,7,0,-1,1
1533864680872557,-1,-3,0,-1,-5,-1,-1,0
1533864680886523,-1,-3,-2,-3,-2,-1,-2,-1
1533864680886523,-1,1,-3,-3,-3,-2,-2,-2
1533864680887518,-1,-4,0,12,12,-4,-2,0
1533864680887518,0,1,0,-6,-6,-2,-3,-2
1533864680908465,-2,2,2,6,-1,-1,-1,0
1533864680908465,-3,-3,-2,-13,-1,0,-4,0
1533864680910478,-2,-3,-5,8,-2,-1,0,-1
1533864680910478,0,-1,-2,6,6,1,1,0
1533864680931403,-1,1,4,3,-12,-3,2,-1
1533864680931403,-1,-3,-6,-34,3,-2,-1,-2
1533864680932398,-1,1,-1,1,-6,0,-1,0
1533864680932398,0,2,-3,16,18,3,-1,-3
1533864680945363,0,1,20,3,-19,-7,-4,-3
1533864680945363,-2,-6,-10,-4,-2,1,-1,0
1533864680952348,0,-8,-11,1,6,-2,-2,-3
1533864680952348,-2,0,-2,-15,-23,-5,-2,0
1533864680968306,-2,0,-4,4,8,0,-1,0
1533864680968306,0,1,2,21,-1,-2,0,-1
1533864680970296,0,12,-10,-15,4,0,0,0
1533864680970296,-3,-20,7,5,2,2,0,1
1533864680991240,1,-4,-4,4,3,1,1,0
1533864680991240,-3,-1,1,-6,1,0,-2,-1
1533864680993235,-1,-1,-3,-10,-2,0,-2,0
1533864680993235,-1,5,-2,-3,2,-2,-3,-1
1533864681006202,-1,-3,-6,-6,-12,-7,-5,-2
1533864681006202,-2,-2,-2,0,3,1,-1,0
1533864681012200,0,1,10,37,-1,0,0,-1
1533864681012200,-5,-1,-1,-50,-12,-8,-4,-3
1533864681029176,-4,-5,-4,-22,-14,1,-2,0
1533864681029176,0,3,-6,8,-3,-4,-1,0
1533864681030152,-1,-4,4,3,-2,-1,-2,-1
1533864681030152,4,11,-6,8,13,5,0,-2
1533864681051084,-3,-18,-1,0,1,-1,-2,-2
1533864681051084,-3,-5,-1,8,7,-1,-1,-2
1533864681053075,-2,0,-2,-12,-10,0,-1,-1
1533864681053075,-2,1,3,0,-6,0,-2,-1
1533864681066041,3,5,1,7,9,0,1,-2
1533864681066041,0,1,-3,5,-4,-2,1,0
1533864681072024,0,-3,0,-15,5,1,-1,-2
1533864681072024,-1,-3,-6,-23,-10,-6,-4,-4
1533864681088994,-2,1,-3,5,1,-1,0,0
1533864681088994,-1,-1,1,8,-5,-3,-2,0
1533864681089976,-1,-1,-5,-1,5,0,-1,-3
1533864681089976,-3,-1,-3,-1,-13,-6,-1,1
1533864681110924,0,3,0,-5,-3,-1,-1,-1
1533864681110924,1,-3,-1,-2,7,1,-1,-1
1533864681112916,-1,-3,-2,1,1,-2,-2,-1
1533864681112916,-1,-1,1,15,-1,0,0,2
1533864681125883,-1,-1,0,-7,1,0,0,2
1533864681125883,-1,-1,0,8,6,0,-1,-2
1533864681131868,0,0,6,-4,6,5,2,-2
1533864681131868,-2,-4,0,-7,-16,-5,-2,-2
1533864681148819,-5,-1,-3,-1,-10,-6,0,-3
1533864681148819,0,-3,-4,-3,5,2,-2,-2
1533864681149816,-1,1,2,2,-4,-4,-2,2
1533864681149816,0,0,0,8,12,1,-1,0
1533864681171758,1,-3,-2,18,4,0,-1,-2
1533864681171758,-2,-2,-4,-35,-14,-2,-1,-1
1533864681172756,-3,-3,-2,7,3,1,0,-2
1533864681172756,-3,0,-2,7,9,0,-3,-3
1533864681185720,1,1,-1,0,-1,2,-2,0
1533864681185720,2,16,-7,-6,-6,-2,-3,-3
1533864681192702,0,-3,2,-9,-6,2,0,2
1533864681192702,0,-1,-1,4,5,2,2,-1
1533864681208678,-3,-1,-1,-5,-6,-4,-2,-2
1533864681208678,1,0,6,8,4,0,0,-1
1533864681210655,-2,-2,-4,6,1,-3,-2,-1
1533864681210655,-1,-1,1,6,-6,0,-1,-1
1533864681238579,-2,1,-5,-6,-9,-5,-2,0
1533864681238579,-4,-4,-3,-24,4,-2,-1,0
1533864681240574,0,1,1,4,-8,-3,-2,-2
1533864681240574,1,-5,3,3,11,-1,-2,-1
1533864681244567,-1,2,-3,-2,-15,-2,1,0
1533864681244567,-1,-4,2,8,-2,-1,-1,-1
1533864681253547,1,0,-8,-7,8,0,1,-2
1533864681253547,-2,-20,8,-5,-1,-2,-1,0
1533864681268708,0,-2,-4,-4,8,2,-2,1
1533864681268708,0,-5,-1,8,-3,-2,-3,-2
1533864681270495,0,0,-2,-8,-3,-1,-1,-2
1533864681270495,-2,7,-3,8,-8,-1,-1,0
1533864681291438,-1,-4,-3,-5,4,2,-2,-4
1533864681291438,-3,-10,0,3,-2,0,-1,0
1533864681292435,-3,1,-2,-19,-8,-2,-1,-1
1533864681292435,0,5,0,-2,-3,0,-1,-1
1533864681305401,-4,-3,-1,5,4,0,-1,-2
1533864681305401,0,4,3,48,7,-2,0,-2
1533864681314377,-6,-6,-10,-61,-27,-7,-3,-2
1533864681314377,1,2,-4,0,3,1,-1,0
1533864681328342,0,-1,0,-10,-2,0,0,0
1533864681328342,-4,-1,1,12,1,-1,-1,-1
1533864681330334,-1,-1,-3,22,11,2,0,0
1533864681330334,0,-5,4,-23,-18,-4,0,-1
1533864681351281,-4,0,1,3,0,0,-2,-2
1533864681351281,-2,-2,1,-13,-3,-3,-1,-2
1533864681353272,1,-6,4,15,1,-2,1,-1
1533864681353272,0,4,-8,-8,0,-2,-1,-2
1533864681365383,2,-2,-3,-14,6,0,0,-1
1533864681365383,-2,-3,1,-9,-8,-3,-1,-1
1533864681374216,0,4,-1,-3,-2,0,-2,-1
1533864681374216,-4,1,1,17,11,0,-1,-2
1533864681388448,0,0,-1,8,2,-2,-1,-2
1533864681388448,0,-2,-7,-35,-2,1,-1,0
1533864681390443,-2,-2,8,6,-3,0,-2,-1
1533864681390443,1,-3,-20,2,-5,-2,0,-1
1533864681411386,-1,2,10,9,0,-2,0,1
1533864681411386,-3,-4,-4,-4,-6,-1,-2,-1
1533864681412384,1,17,-16,5,2,-1,-2,-3
1533864681412384,-4,-31,-57,-4,-5,-2,-1,-1
1533864681425479,-1,1,28,-3,4,2,-1,0
1533864681425479,-2,0,6,10,2,0,0,-2
1533864681434348,-2,-2,-3,-17,-5,-4,-1,0
1533864681434348,-3,6,-8,2,-2,-2,-3,0
1533864681449323,-1,-1,-11,-7,0,-1,1,1
1533864681449323,-1,-3,0,15,1,0,-2,-1
1533864681450299,0,-5,5,-5,-3,-1,-1,-1
1533864681450299,-1,5,9,-13,-1,-2,-3,-2
1533864681471228,1,-3,-3,-1,-3,0,-2,-2
1533864681471228,6,4,3,3,-3,0,2,2
1533864681473222,-8,-9,-7,-2,5,-6,-6,-2
1533864681473222,1,5,17,-2,-3,1,0,1
1533864681485193,-4,0,-8,-1,-3,-4,-2,-2
1533864681485193,-1,9,-4,31,-1,-2,-2,-2
1533864681494169,0,-3,-2,-25,-7,1,-3,-3
1533864681494169,2,0,15,0,0,1,0,0
1533864681508128,0,-5,-3,0,8,0,-2,-1
1533864681508128,-2,2,-4,-8,-9,-1,0,0
1533864681516106,0,-14,17,39,11,-3,1,-1
1533864681516106,-5,0,5,-34,-14,-2,-2,0
1533864681531066,1,5,-8,3,5,1,-1,0
1533864681531066,0,-7,-1,-9,1,0,-1,-1
1533864681533061,0,4,-1,-9,2,1,1,1
1533864681533061,-2,-2,0,6,0,-1,-2,-2
1533864681545030,0,-1,0,15,11,4,0,-2
1533864681545030,-2,-1,7,-38,-11,-4,-2,0
1533864681554035,-3,-3,-4,-16,-19,-3,-1,1
1533864681554035,0,3,3,16,5,-1,-1,-1
1533864681568966,0,11,-24,-9,-10,-4,-3,-1
1533864681568966,-1,-6,39,-6,3,2,0,-1
1533864681570985,1,2,-1,23,15,0,-2,-1
1533864681570985,-2,1,6,21,-7,0,3,3
1533864681591903,-6,-2,-11,-46,-13,-6,-5,-3
1533864681591903,-1,-1,-16,10,5,3,-1,-1
1533864681592901,5,0,-2,5,12,2,1,0
1533864681592901,-3,-2,6,-3,-7,-4,-2,-3
1533864681604880,1,-3,8,4,-2,0,2,1
1533864681604880,-2,-1,-12,4,-1,-3,-1,-3
1533864681613855,-2,0,5,-3,-8,1,2,1
1533864681613855,-2,2,-4,4,6,-1,-2,-1
1533864681629019,-3,-1,6,4,-4,-1,-2,0
1533864681629019,-1,-7,-7,-9,1,-2,-2,-1
1533864681630807,0,2,-7,20,2,-1,-2,-2
1533864681630807,0,-4,-3,3,1,-1,0,-1
1533864681650747,-3,-1,4,-20,0,-3,-1,-2
1533864681650747,-1,-1,-3,15,-7,-2,-2,-1
1533864681652741,-4,-6,-13,-35,0,-2,-2,-1
1533864681652741,2,3,3,-10,1,0,1,0
1533864681664709,-3,-8,0,8,-3,-3,-1,-2
1533864681664709,-1,5,0,21,11,1,0,-3
1533864681673686,0,1,-1,-34,-10,-3,0,-1
1533864681673686,-2,-2,1,10,-19,-4,-4,-2
1533864681688861,-4,-5,-10,-4,-8,-3,-1,-1
1533864681688861,-1,-1,-7,-19,-5,-3,-3,-1
1533864681689858,-1,16,-7,16,5,-1,0,-3
1533864681689858,0,-3,4,-2,16,4,0,0
1533864681710804,0,-3,4,8,-5,0,1,-1
1533864681710804,-2,-2,-3,-6,0,-1,-2,0
1533864681712802,0,1,-4,4,0,0,1,-1
1533864681712802,-3,-7,14,-3,-2,-2,0,-1
1533864681733741,2,-2,14,4,7,4,1,-1
1533864681733741,-3,-6,-8,5,-6,-2,-2,-2
1533864681735763,-2,-9,6,-5,3,2,0,0
1533864681735763,1,1,-10,6,3,-3,-3,-2
1533864681748700,2,0,4,9,-2,-1,-1,-2
1533864681748700,0,-1,1,0,-7,1,2,-1
1533864681750695,-3,-7,-13,-37,-22,-7,-5,-3
1533864681750695,-5,-2,-4,17,14,-1,-4,-3
1533864681771639,-1,-2,-7,-9,3,-1,-1,1
1533864681771639,3,3,3,4,12,1,-1,1
1533864681772637,-1,-3,2,16,0,-1,-1,-1
1533864681772637,-1,5,0,-2,-7,-3,0,-2
1533864681793580,-1,-2,-3,-1,2,1,0,-1
1533864681793580,-2,-2,-13,-7,-3,1,1,0
1533864681795575,-3,-1,2,12,6,0,0,2
1533864681795575,1,-1,10,-10,0,-2,-2,-2
1533864681808546,-2,1,2,16,-6,-1,0,-2
1533864681808546,1,6,-10,-7,-3,-2,-1,-1
1533864681815521,-1,-18,5,-1,7,1,-1,1
1533864681815521,-2,-2,-4,13,-9,-3,-1,0
1533864681831482,-3,-1,-3,3,-14,-3,-2,-3
1533864681831482,-2,-1,-1,0,12,0,-1,-3
1533864681832476,-3,2,-7,-7,-10,-8,-3,-3
1533864681832476,-3,1,-6,-3,-4,0,0,-1
1533864681853423,0,-5,4,-2,7,4,1,1
1533864681853423,-3,-3,2,33,6,-2,0,-2
1533864681855415,2,6,14,-36,-16,-1,2,1
1533864681855415,0,-1,-1,-7,6,0,0,0
1533864681868383,0,2,-3,-3,-2,-1,0,-1
1533864681868383,-1,-1,7,-6,-6,-5,-1,1
1533864681875362,-2,-2,-10,21,6,0,-2,-2
1533864681875362,-2,1,0,-13,-4,1,-1,0
1533864681891319,-1,2,-1,9,1,-1,-3,-1
1533864681891319,1,2,-9,-35,-5,1,1,-1
1533864681893314,-2,-27,16,21,6,1,0,-1
1533864681893314,1,-1,29,-13,-1,1,0,0
1533864681914257,-2,-1,-3,5,-4,-2,0,-1
1533864681914257,-1,-6,4,3,-3,-2,-3,-2
1533864681915254,0,11,12,-1,-3,-3,-1,0
1533864681915254,2,-2,-16,-11,1,-3,-1,-2
1533864681928220,-2,-7,0,-2,6,-2,-1,1
1533864681928220,0,4,12,-1,-9,-4,-2,-2
1533864681935204,0,6,-10,-29,-9,0,-1,-1
1533864681935204,-4,-8,-5,17,7,-1,-2,-2
1533864681951158,3,14,-23,11,-7,-3,-1,-1
1533864681951158,-3,-9,12,-42,-6,-2,-1,1
1533864681953153,-1,-3,-4,15,5,4,1,-2
1533864681953153,1,0,-2,-14,1,3,0,1
1533864681974097,-4,1,-9,-8,-6,-4,-3,-4
1533864681974097,-3,-2,5,12,4,-3,-2,-3
1533864681975095,0,4,-7,6,-10,-1,-1,-3
1533864681975095,-2,1,-8,-3,5,0,0,-1
1533864681988060,-1,-5,-3,0,-9,-5,0,1
1533864681988060,0,-1,-10,-13,-4,-2,-1,0
1533864681995044,-1,0,3,10,8,-1,-2,0
1533864681995044,-2,-2,-26,9,-2,-2,-2,-3
1533864682010998,3,1,11,36,8,-1,-3,-2
1533864682010998,-4,-21,10,-20,-10,-2,-1,0
1533864682012994,-2,-1,-8,-1,-1,-3,-1,-1
1533864682012994,0,-2,-1,-5,1,0,-1,-2
1533864682033941,-3,-1,2,-9,6,3,-1,1
1533864682033941,0,7,-10,13,0,0,-1,0
1533864682034934,0,2,2,7,7,2,-1,-1
1533864682034934,-2,-3,2,3,-16,-5,1,-1
1533864682047903,-1,-3,0,-11,2,-3,-1,-2
1533864682047903,0,5,-9,1,1,1,2,-2
1533864682054890,-2,-7,-13,12,-2,-3,-3,-2
1533864682054890,1,7,35,-19,-1,-1,1,1
1533864682071836,1,-4,6,6,-6,0,-1,-1
1533864682071836,-2,-19,-20,-18,11,-1,-3,-3
1533864682072833,-3,-1,16,7,-12,-4,-2,-1
1533864682072833,-1,-1,-6,-9,-15,-3,-1,-1
1533864682093780,-2,-7,-6,-9,-2,-1,-1,0
1533864682093780,-1,6,1,5,1,0,0,-1
1533864682095772,-2,0,-6,17,6,-1,-2,-1
1533864682095772,0,-2,-11,-2,3,-1,-1,-1
1533864682107739,0,4,8,-15,1,0,1,-1
1533864682107739,0,2,0,2,-13,-1,-2,0
1533864682114724,-1,-1,-6,14,7,-2,-1,-2
1533864682114724,-3,2,-7,1,-6,0,-2,-1
1533864682131675,-3,-1,-4,-6,3,-2,1,-1
1533864682131675,-2,0,-2,22,1,-1,-2,1
1533864682132673,1,-4,-3,-36,-8,1,0,-1
1533864682132673,-1,-1,-4,5,9,1,-2,-1
1533864682153616,-2,-2,-11,-16,-4,-1,-2,-2
1533864682153616,-3,-16,15,15,-10,-4,-1,-3
1533864682155613,-2,0,1,1,2,-1,0,-1
1533864682155613,-3,-3,-4,10,0,-1,-1,-1
1533864682168577,-1,-3,2,0,6,2,1,-1
1533864682168577,-1,7,-7,-20,-12,-1,-1,-1
1533864682174561,5,4,34,2,12,0,1,-2
1533864682174561,-4,-11,-8,6,-19,-8,-3,-3
1533864682190519,0,2,-4,5,-2,1,0,-2
1533864682190519,-3,3,0,6,6,-3,0,-1
1533864682198651,-3,1,-3,-6,-5,-2,-2,-1
1533864682198651,2,3,0,6,10,2,0,-1
1533864682213457,3,12,-2,-13,-9,0,0,0
1533864682213457,0,-3,-11,12,5,-2,-3,-1
1533864682215452,-6,-5,-18,1,4,-2,-3,-4
1533864682215452,0,-2,2,3,7,-1,-1,0
1533864682227425,-1,-3,0,22,-11,-3,1,-1
1533864682227425,1,3,-5,-46,-3,0,-2,-1
1533864682236396,-1,1,-4,4,-3,-2,0,-1
1533864682236396,-1,0,-4,-1,2,0,0,-2
1533864682251359,-2,-11,6,-1,3,1,-2,0
1533864682251359,-1,5,11,29,5,-1,0,0
1533864682252353,0,-3,-2,-3,-3,0,-3,0
1533864682252353,-2,-2,-2,-14,-16,-2,-1,0
1533864682273297,-1,-1,-1,-9,6,-1,-2,-1
1533864682273297,0,0,3,17,4,0,-1,-2
1533864682275293,-1,-4,-13,-15,2,-1,-2,-1
1533864682275293,3,8,4,-8,-2,1,1,0
1533864682287263,-2,-3,-5,2,4,-6,-4,-3
1533864682287263,-8,-4,-6,-2,-10,-6,-3,-3
1533864682296236,-2,1,-1,6,-1,1,2,1
1533864682296236,2,-1,-1,-5,-5,-2,-2,-2
1533864682311199,-1,-1,2,2,2,-1,-3,0
1533864682311199,5,14,-18,-18,7,1,-1,-1
1533864682313190,-1,2,-11,-18,-14,-8,-2,-2
1533864682313190,-4,-24,-25,2,2,2,1,1
1533864682334137,-1,-3,4,8,3,0,-1,-2
1533864682334137,0,2,0,10,0,3,-1,-1
1533864682335132,1,0,5,14,5,2,-1,-1
1533864682335132,2,5,3,-4,6,0,-2,-1
1533864682347099,-2,-1,-7,-11,-1,0,-2,1
1533864682347099,-3,-6,0,13,3,-1,1,-1
1533864682356078,-1,0,1,-11,-2,-1,-2,-2
1533864682356078,-3,-2,-3,-11,-5,-6,-4,0
1533864682371036,-1,-3,-6,-3,-12,1,-1,0
1533864682371036,0,3,6,11,3,-1,0,0
1533864682373033,-4,-2,-2,-26,-11,-2,-1,-2
1533864682373033,0,5,7,1,8,-2,-3,-3
1533864682393978,-1,-2,-1,-5,6,-1,1,-1
1533864682393978,-1,-4,31,5,-4,0,0,1
1533864682394993,-1,1,-2,4,-8,0,0,0
1533864682394993,-3,-3,0,20,7,-2,-1,-2
1533864682406942,-1,-2,-2,-19,1,-2,-2,-4
1533864682406942,-2,-4,-10,-23,-11,0,-2,-1
1533864682415915,0,-2,-1,-1,-5,0,1,1
1533864682415915,0,3,8,3,4,-3,-1,-3
1533864682430920,-2,-2,1,11,-1,-2,-1,-2
1533864682430920,0,0,-10,-8,3,-1,-2,-1
1533864682432870,1,3,-4,-7,-6,1,0,-1
1533864682432870,-2,-18,9,1,-4,0,0,0
1533864682453821,-1,-2,-3,-2,-1,-1,-1,-2
1533864682453821,0,-1,-5,10,3,-2,0,-1
1533864682455810,0,-4,-3,2,4,0,0,0
1533864682455810,-2,4,-7,-13,-6,-3,-4,-2
1533864682467778,-1,4,1,-10,-4,-1,0,-1
1533864682467778,0,0,-6,-6,-1,1,0,0
1533864682476753,-4,-18,4,44,8,-3,-3,-3
1533864682476753,-4,0,-6,-12,-11,-2,-2,-2
1533864682491802,-1,-1,10,4,-1,-1,-1,-1
1533864682491802,0,6,-9,-2,3,1,0,-3
1533864682492734,2,8,-1,-18,-11,-5,-2,-3
1533864682492734,2,5,37,5,5,0,-2,1
1533864682513658,0,-6,0,7,3,0,-2,0
1533864682513658,0,-4,0,-1,-3,-2,0,0
1533864682515649,-3,-2,1,-1,7,-3,-2,-3
1533864682515649,0,10,-8,-5,-4,-1,2,-2
1533864682527620,-1,0,-5,1,-2,-1,2,-1
1533864682527620,-2,-4,7,0,1,-2,-2,0
1533864682536592,0,-1,1,12,5,1,-1,1
1533864682536592,0,3,-16,-20,-10,-2,0,-1
1533864682551556,1,-1,-2,-7,2,-3,-1,1
1533864682551556,-7,-10,-14,4,-10,-7,-4,-2
1533864682553547,-3,3,-1,1,-6,1,-1,-1
1533864682553547,0,-2,-5,9,0,2,1,1
1533864682573494,0,-1,4,-1,2,0,0,0
1533864682573494,1,-1,3,-14,0,-3,-1,0
1533864682575488,2,1,0,7,6,-1,-1,-1
1533864682575488,0,0,-2,-5,0,-1,0,-3
1533864682587457,-1,-3,-11,-11,-4,-3,0,-1
1533864682587457,-1,14,-12,4,2,0,-2,-2
1533864682596432,-2,-3,4,-1,1,0,-1,0
1533864682596432,-2,-7,-8,0,-1,2,0,0
1533864682611396,-1,-3,-2,-2,-7,-4,-3,-1
1533864682611396,-1,-3,-28,-11,-2,-3,-1,-3
1533864682612390,1,0,0,-2,-2,-2,-1,-1
1533864682612390,-1,-1,0,25,4,1,-2,-1
1533864682634332,4,24,-3,-26,7,2,2,-1
1533864682634332,-11,-17,-7,-2,-14,-8,-4,-2
1533864682635331,-4,-4,4,12,6,1,-2,0
1533864682635331,-1,-4,-6,-15,-14,-2,0,-1
1533864682656275,0,2,-6,1,-10,-4,-2,0
1533864682656275,3,1,10,-5,4,5,0,-1
1533864682658267,1,1,-5,-13,-1,-2,-2,-2
1533864682658267,-2,1,-1,18,7,1,-1,-2
1533864682671233,-2,-4,5,4,-3,2,-1,0
1533864682671233,1,-3,8,-7,1,-1,-1,0
1533864682673229,-2,-3,-1,-8,-5,1,-2,-2
1533864682673229,1,1,0,16,8,0,0,1
1533864682693228,0,-4,5,14,8,3,0,0
1533864682693228,-3,-5,-6,-59,-29,-5,-2,-1
1533864682695168,-5,-1,-8,29,3,-4,-2,-4
1533864682695168,-2,-2,-4,-29,-10,-4,-2,-1
1533864682716116,-3,-4,3,13,-13,-3,-1,-2
1533864682716116,1,0,7,22,14,3,1,1
1533864682718111,1,0,1,-1,-2,1,1,2
1533864682718111,-4,-1,-2,-15,-6,-3,-2,-1
1533864682731076,-1,-5,-2,-9,-2,-4,-1,-2
1533864682731076,1,1,-2,3,18,1,1,0
1533864682733068,-4,1,-5,-4,-19,-7,-4,-2
1533864682733068,0,-1,-8,10,5,-2,-1,-2
1533864682754144,-4,-3,0,-17,-4,-1,-4,-3
1533864682754144,2,2,5,8,-1,3,1,-1
1533864682755008,0,-3,-2,-16,2,0,-1,0
1533864682755008,0,-1,-4,2,3,-1,-2,0
1533864682775953,1,16,-6,9,-5,-3,-2,-1
1533864682775953,2,-1,7,12,7,-2,0,0
1533864682777947,-6,-4,-15,-20,-3,-1,-2,-1
1533864682777947,-1,-4,0,-5,-8,-3,0,-2
1533864682790913,-1,-2,0,-5,2,1,-2,-1
1533864682790913,-2,1,3,17,0,3,0,1
1533864682792910,1,0,2,9,2,1,-2,1
1533864682792910,0,1,-2,-1,7,0,-1,-1
1533864682813851,-2,-6,4,16,5,0,-1,1
1533864682813851,1,-1,0,-16,-21,-3,1,-2
1533864682815846,0,-14,12,-11,8,0,2,0
1533864682815846,-2,0,-1,-6,-12,-3,-2,-1
1533864682835793,-5,-8,-5,-1,6,-3,-1,-2
1533864682835793,-2,-4,0,4,-3,-3,-2,-1
1533864682837787,0,5,-4,-6,0,0,0,0
1533864682837787,0,-1,2,7,3,1,-1,0
1533864682850753,0,-3,0,9,-3,0,1,0
1533864682850753,0,2,5,-10,5,-1,-2,-2
1533864682857758,-2,-2,-14,-23,-12,-2,-1,-2
1533864682857758,-4,0,3,-9,-5,-2,-3,-2
1533864682873713,-3,-5,-20,11,-3,-3,-3,-2
1533864682873713,-3,-4,-3,4,0,-1,-2,-1
1533864682875702,3,3,-2,7,12,3,-2,-1
1533864682875702,-1,-2,7,7,-4,0,-1,-2
1533864682903640,-2,10,-2,-16,-1,-3,-1,-1
1533864682903640,-5,-4,-6,14,-4,-2,-2,0
1533864682905622,-3,-2,3,2,0,-2,-1,0
1533864682905622,0,-1,-10,-8,0,3,0,-1
1533864682910642,1,0,7,-2,9,0,-2,-5
1533864682910642,1,-1,-1,39,6,-2,-1,1
1533864682917612,3,3,6,-75,-36,-1,0,1
1533864682917612,-1,3,-2,18,16,-1,0,-1
1533864682933538,-3,-6,-3,-24,-4,2,-1,-1
1533864682933538,-1,-4,5,7,8,0,-2,-2
1533864682935526,-2,-1,-1,31,2,-3,0,-2
1533864682935526,1,-1,3,3,1,1,1,-1
1533864682956471,3,7,-7,-20,-4,-1,1,0
1533864682956471,0,-30,16,-17,3,2,0,-1
1533864682957468,-1,0,0,29,-5,-2,-4,-2
1533864682957468,0,1,0,-1,1,0,0,0
1533864682970432,-3,-2,1,9,3,-1,1,0
1533864682970432,-3,8,-13,-9,-10,-3,-2,-1
1533864682977415,1,-1,-3,8,8,-1,-1,0
1533864682977415,-2,-7,4,-2,5,-1,-2,-1
1533864682993371,1,-4,0,16,-10,-1,-2,0
1533864682993371,-2,5,-23,-46,-9,-3,-2,-2
1533864682995365,-3,0,25,1,4,1,-1,0
1533864682995365,1,1,-3,8,4,-1,-2,-2
1533864683016353,2,-1,8,12,-3,-3,0,0
1533864683016353,-10,-1,-15,-5,9,-1,-3,-3
1533864683017307,-2,-1,-8,0,-2,-1,-2,-2
1533864683017307,-2,-1,-2,-1,4,2,-1,1
1533864683030273,0,-2,14,0,-3,-1,0,-1
1533864683030273,2,0,6,6,-8,0,0,-1
1533864683037254,0,2,-10,-14,8,0,-2,-2
1533864683037254,-3,-3,3,10,-1,-1,0,-2
1533864683053445,-3,-4,-8,6,-10,-5,-1,-1
1533864683053445,1,6,4,-1,-1,2,3,1
1533864683055205,0,-2,-7,-9,-6,-2,0,-1
1533864683055205,-2,-3,-8,-11,1,-3,-1,-1
1533864683076360,-2,-3,2,-9,3,0,-1,0
1533864683076360,2,3,2,7,9,1,-1,0
1533864683078145,-2,1,2,14,-12,-3,1,-2
1533864683078145,0,-2,-1,-21,-8,-3,-2,1
1533864683091113,-2,-4,-1,1,3,-4,-3,-4
1533864683091113,2,3,4,11,6,2,-3,-1
1533864683097097,1,-1,-3,3,-6,-2,-1,0
1533864683097097,-2,0,-4,-4,-4,-3,-2,-2
1533864683114051,-5,-3,-1,-12,-4,-1,-2,-1
1533864683114051,0,13,-18,-3,-3,-1,-1,0
1533864683115046,-2,-11,-9,-4,6,0,0,-1
1533864683115046,-1,-1,-3,5,-6,-2,-1,-2
1533864683135993,-1,1,-1,4,-4,0,0,1
1533864683135993,0,0,1,-7,0,-2,-1,-1
1533864683137985,-5,-2,-3,0,3,-2,-2,-2
1533864683137985,2,1,1,0,-7,0,1,-1
1533864683149957,-4,-6,-5,-12,11,-1,-4,-4
1533864683149957,-2,-3,2,-1,-1,0,-1,0
1533864683158929,1,2,-26,18,3,-1,1,0
1533864683158929,-2,-4,17,1,-14,-4,-2,0
1533864683173892,-3,-5,-8,-48,-19,-2,-2,-2
1533864683173892,-1,-3,1,-2,2,0,-1,-2
1533864683174885,1,2,3,-2,10,3,-2,-3
1533864683174885,1,1,-6,1,-6,-2,1,-1
1533864683195830,2,1,-2,12,4,1,0,0
1533864683195830,-1,-2,5,9,-6,-4,-1,-1
1533864683197835,-3,-1,3,-26,-10,-3,-3,-1
1533864683197835,-3,-2,-8,7,4,-1,-3,-2
1533864683209796,0,-3,4,7,0,-2,-2,-1
1533864683209796,-1,-5,0,6,6,1,1,-2
1533864683218768,0,0,5,13,0,-1,-1,-1
1533864683218768,-1,-2,-1,-9,3,0,-1,0
1533864683233731,0,17,-16,-8,-4,3,-2,-2
1533864683233731,-3,-8,2,-5,-8,-4,-1,-1
1533864683235723,0,0,4,0,4,-2,-2,-1
1533864683235723,-2,-2,-3,-5,-5,-3,-2,-2
1533864683256667,0,1,2,1,1,0,0,1
1533864683256667,1,1,-2,12,0,-3,-1,0
1533864683257674,-3,-3,1,-18,-5,-2,-2,1
1533864683257674,1,2,-3,30,14,1,-3,-1
1533864683269635,-3,-7,3,1,-1,0,0,0
1533864683269635,2,2,3,-10,1,-1,-2,-1
1533864683278686,0,-4,1,18,7,3,-1,0
1533864683278686,2,1,-2,-19,-6,-4,-1,0
1533864683293568,-1,-4,-1,-2,-5,-3,-3,-2
1533864683293568,-2,-1,1,0,8,2,0,-3
1533864683295564,1,2,5,5,-12,0,1,-1
1533864683295564,0,2,0,-20,5,1,2,-1
1533864683316510,-6,-8,-7,31,5,-4,-3,-3
1533864683316510,-3,-3,-7,-13,-15,-4,-1,-1
1533864683317505,0,2,38,17,10,1,-1,0
1533864683317505,-1,1,0,-11,-2,3,-1,0
1533864683329472,2,-4,1,-17,-6,-3,0,1
1533864683329472,-1,2,2,6,-1,-2,-2,-1
1533864683339449,0,-3,-11,-7,-2,-3,0,-1
1533864683339449,0,-5,-5,-9,-6,-2,-1,-1
1533864683353408,2,1,8,28,3,1,-1,-1
1533864683353408,-3,-13,5,-31,2,0,-2,0
1533864683355403,-3,0,-5,-5,-8,0,1,-1
1533864683355403,-3,-5,-15,-31,-12,-3,-4,-2
1533864683376347,-2,-4,2,13,5,1,1,-1
1533864683376347,0,2,-1,5,0,-1,-1,-1
1533864683378342,3,-2,-4,3,15,0,0,-2
1533864683378342,-1,-1,2,12,-17,-3,-2,-1
1533864683390316,-3,-1,-7,-9,1,-5,-3,-1
1533864683390316,0,2,-3,-11,-14,-1,-1,0
1533864683399286,-5,-3,-7,2,8,0,-3,-4
1533864683399286,0,2,3,5,12,2,0,-2
1533864683414246,-1,-2,2,-8,-4,0,0,0
1533864683414246,2,3,5,10,1,1,-1,0
1533864683415243,-1,-4,-7,13,2,-2,-1,0
1533864683415243,-2,-2,-5,-29,6,1,0,-2
1533864683436187,-1,1,3,-16,-16,-4,0,-2
1533864683436187,-6,-4,-9,7,-6,-3,-3,-4
1533864683438181,1,5,-2,1,-6,-2,0,-1
1533864683438181,-2,10,10,17,2,-3,-2,-2
1533864683459126,0,-16,5,-4,13,4,2,1
1533864683459126,-2,-2,-1,6,5,-3,-4,-3
1533864683460124,-2,1,5,-5,-11,-2,1,-2
1533864683460124,0,-2,-5,6,-3,0,-1,0
1533864683474086,1,4,-3,-23,-1,1,0,0
1533864683474086,-1,-1,-8,-4,-1,-2,-2,-1
1533864683475083,-2,-6,-7,-6,0,2,-1,-3
1533864683475083,-1,-5,0,10,1,-2,-1,-1
1533864683496027,0,5,1,20,-2,-1,-2,-2
1533864683496027,1,-4,-8,-20,2,1,2,-1
1533864683498021,-2,4,-1,-16,-7,-5,-2,0
1533864683498021,-1,-4,-3,6,0,-2,-1,-1
1533864683509990,0,1,5,-5,2,0,-1,-1
1533864683509990,-1,0,0,18,-2,0,1,0
1533864683518966,-3,-1,-5,-5,-9,-3,-2,0
1533864683518966,1,-2,5,-30,3,1,1,-1
1533864683533925,-5,-3,-12,6,-12,-4,-4,-2
1533864683533925,0,0,0,-4,-10,0,-2,0
1533864683534923,-1,2,-6,8,2,0,-2,0
1533864683534923,-3,-22,6,12,2,0,-1,1
1533864683555871,-1,1,1,10,13,1,0,-2
1533864683555871,-2,-2,3,-8,-5,-3,0,0
1533864683557866,-4,-4,-5,-17,-9,-2,0,-2
1533864683557866,-4,2,-8,5,0,-1,0,-2
1533864683569829,-1,1,6,-5,-3,1,-1,-2
1533864683569829,-1,-2,5,7,4,1,0,-2
1533864683578807,2,-3,-3,5,6,-2,-3,0
1533864683578807,0,3,-2,3,-3,-3,-2,-2
1533864683593777,-2,-3,-12,-5,-3,-2,-1,-2
1533864683593777,-1,3,0,6,12,0,1,-2
1533864683595760,2,2,6,10,0,-1,1,-1
1533864683595760,-7,-2,-14,-23,-27,-3,-2,-3
1533864683616703,-2,1,7,-2,4,-1,-2,-2
1533864683616703,-2,0,-3,-9,-5,0,-1,-2
1533864683617701,-2,-1,6,11,13,-2,-2,-1
1533864683617701,2,3,2,14,5,-1,-1,0
1533864683638646,0,1,-6,-4,-5,0,0,1
1533864683638646,-1,-3,-3,-2,-2,-4,-2,-1
1533864683640640,0,1,-2,-7,-3,0,-1,1
1533864683640640,0,3,2,10,9,2,0,-2
1533864683653605,3,7,0,-1,11,4,-1,-1
1533864683653605,-9,-7,-10,-18,-27,-12,-5,-3
1533864683655600,-5,-4,-1,-2,-16,-2,-1,-2
1533864683655600,-2,-2,3,3,5,1,-2,0
1533864683676585,0,-1,-3,-8,-7,-1,0,-1
1533864683676585,2,2,3,11,7,1,-1,0
1533864683677543,1,-1,-3,-5,2,3,0,-1
1533864683677543,-1,5,-3,3,-1,-2,-1,-2
1533864683698487,1,-2,-26,17,0,0,-1,0
1533864683698487,0,0,12,-17,-1,0,-1,1
1533864683700481,-4,-4,-6,6,-5,-6,-3,-3
1533864683700481,0,-3,-1,2,0,0,0,-1
1533864683713446,-1,-3,-5,3,5,-1,0,-1
1533864683713446,1,-2,0,4,-11,-2,-1,-1
1533864683715440,-1,0,3,-6,4,2,-2,0
1533864683715440,0,-3,-9,1,1,-2,-2,-2
1533864683736420,0,-1,5,0,-4,-2,-2,-2
1533864683736420,-2,-12,1,-10,5,0,0,0
1533864683738387,-7,-5,-3,-22,-12,-2,-4,-3
1533864683738387,-1,-1,-1,8,0,-2,-2,0
1533864683758325,-3,-8,3,-16,-13,-4,-1,-2
1533864683758325,3,4,-2,9,9,4,1,-1
1533864683760326,4,1,-8,6,10,1,-2,0
1533864683760326,-4,-2,0,0,-8,0,0,-1
1533864683773286,-4,2,3,-21,-8,-5,0,0
1533864683773286,-2,0,-4,0,-3,1,-2,0
1533864683780266,2,-2,2,0,1,0,0,0
1533864683780266,3,5,0,-1,4,-2,-3,-1
1533864683796225,-1,-2,-3,17,3,-1,-1,-1
1533864683796225,0,2,29,-25,-1,-3,-1,0
1533864683798221,-4,-1,0,13,11,-2,-2,-1
1533864683798221,-1,-1,1,-6,-8,-2,0,-3
1533864683819164,-1,-3,-1,9,2,-1,-1,0
1533864683819164,-4,-3,-14,12,-11,-3,-3,-3
1533864683820166,3,1,-2,-11,0,-1,-1,-2
1533864683820166,0,-2,7,0,1,-1,-2,1
1533864683833169,-1,-2,-1,-2,-1,-2,-3,-2
1533864683833169,1,2,-10,7,3,2,-1,-1
1533864683847090,-3,6,2,10,17,-2,-2,0
1533864683847090,-3,-3,-3,-31,-31,-6,-1,0
1533864683856079,1,-2,5,-9,0,4,0,-2
1533864683856079,-1,-5,-5,35,9,-1,-1,-4
1533864683858074,-3,0,-10,-28,-10,0,1,-2
1533864683858074,0,1,3,19,14,1,0,0
1533864683879003,-3,0,-1,-10,-13,-7,-2,0
1533864683879003,3,6,-5,1,-1,3,0,-2
1533864683880004,0,-1,9,4,-5,-2,1,-1
1533864683880004,-2,-2,-5,18,5,-1,-1,-2
1533864683892997,0,-1,3,-25,-5,-2,0,0
1533864683892997,-2,-5,-14,-4,2,-3,0,-2
1533864683899947,0,-3,1,-2,-5,-2,0,-1
1533864683899947,0,-2,3,-1,-6,-2,-1,0
1533864683915904,-4,0,-5,10,16,-2,-3,-3
1533864683915904,-2,0,-5,-5,-21,-3,1,1
1533864683917899,-2,-4,-3,-27,1,1,0,-2
1533864683917899,-2,1,9,-7,-2,-1,-1,0
1533864683938843,3,-5,-7,10,4,-1,-2,-2
1533864683938843,-1,-5,-5,6,11,1,-3,-3
1533864683940838,3,1,3,5,-4,-2,-1,0
1533864683940838,-1,-4,-11,-5,-6,-4,0,-2
1533864683953803,-3,3,7,2,-3,0,1,-1
1533864683953803,-2,-2,-1,-7,0,-2,-2,0
1533864683959805,0,-1,-1,11,1,2,0,0
1533864683959805,-3,-2,-4,-13,-2,-1,-1,-1
1533864683976745,-1,0,1,17,-1,0,0,-2
1533864683976745,-2,0,-3,-28,-2,-2,1,0
1533864683977739,-1,-2,-1,7,-1,-1,-1,-3
1533864683977739,0,2,1,14,2,-1,-1,0
1533864683998694,-4,-8,-9,-4,7,-2,-3,-1
1533864683998694,0,-4,-2,-13,-9,1,-1,-1
1533864684000677,-1,-4,-3,8,1,1,-1,0
1533864684000677,0,3,-1,-5,-2,3,1,1
1533864684012648,0,-1,3,2,-3,-1,-1,-2
1533864684012648,-2,3,6,1,7,-3,-2,2
1533864684019627,-4,-3,-6,16,-3,-4,-3,-2
1533864684019627,1,21,-3,-4,0,-1,-1,-3
1533864684036584,-1,-3,0,-4,3,1,0,0
1533864684036584,-2,1,4,-15,-14,-2,1,-3
1533864684037578,1,-5,-26,-3,-6,-2,-1,-3
1533864684037578,0,-3,-3,0,3,-2,-3,0
1533864684058544,-3,-3,-5,-16,-9,-2,0,-1
1533864684058544,-1,1,12,27,7,-3,-2,0
1533864684060516,-2,-3,-3,15,-2,0,-1,0
1533864684060516,-1,-1,-39,-44,1,-2,-4,-4
1533864684073482,1,-7,21,8,-3,1,1,0
1533864684073482,-2,-2,-9,12,2,0,-2,-2
1533864684079466,-2,10,-20,-13,-6,-3,-3,0
1533864684079466,-2,-6,9,11,1,1,-1,-1
1533864684096421,2,0,17,-7,-2,-4,-2,-2
1533864684096421,1,-3,-30,1,0,-1,-3,-1
1533864684097418,-3,1,21,-2,-1,0,3,1
1533864684097418,-1,-6,14,5,1,0,0,-1
1533864684118365,0,3,-6,-3,0,0,-3,0
1533864684118365,0,-3,1,2,-2,0,1,-2
1533864684120357,1,-2,3,-13,-5,-1,0,1
1533864684120357,0,-6,-8,17,15,-1,1,0
1533864684132328,-1,10,-18,4,-18,-4,-3,-3
1533864684132328,-3,-13,2,-28,-8,-3,-2,-1
1533864684141301,-4,-5,2,-18,-3,-3,-2,-2
1533864684141301,-2,-2,10,8,1,-1,-1,-1
1533864684156261,2,5,-8,-6,-3,3,1,0
1533864684156261,0,1,6,7,6,-3,-2,-1
1533864684158256,-3,-3,3,26,5,1,-2,-2
1533864684158256,-2,-8,-13,-25,-7,-1,-3,-2
1533864684179199,-1,-4,-12,6,1,-2,-1,-2
1533864684179199,0,6,40,-1,-6,0,0,0
1533864684180197,-1,-5,9,5,2,-1,-1,-1
1533864684180197,0,10,-57,10,2,-1,-3,-4
1533864684192357,-5,-5,19,-18,-14,-2,-1,-1
1533864684192357,-3,0,0,-7,3,0,1,-2
1533864684201175,-2,0,-4,-7,-2,-2,0,-1
1533864684201175,-2,-2,15,10,0,-2,-1,0
1533864684216104,-2,-4,-8,-3,2,-3,-2,0
1533864684216104,2,4,-9,3,1,-1,-1,-1
1533864684218096,0,0,8,2,-1,2,1,-1
1533864684218096,-1,-4,8,-2,-4,0,1,2
1533864684239039,-1,-5,-4,4,4,-1,-2,2
1533864684239039,-1,1,-4,5,0,-1,-2,0
1533864684240056,1,-4,-18,-7,-3,-3,-4,0
1533864684240056,-2,-6,17,0,-3,0,2,-2
1533864684253005,-5,-2,-2,0,-2,-4,-7,-7
1533864684253005,2,0,-10,5,7,1,1,-2
1533864684260984,-2,-2,-1,-13,-9,-2,-1,0
1533864684260984,1,-2,-6,-2,-3,2,-2,0
1533864684275944,1,3,26,3,3,0,2,5
1533864684275944,-3,-2,-11,10,1,-2,-5,-9
1533864684277935,2,1,3,-11,-2,2,-2,0
1533864684277935,-8,-8,-2,-5,-11,-9,-7,-2
1533864684298880,-4,-2,-12,15,0,1,3,-1
1533864684298880,0,1,3,15,-4,3,4,4
1533864684300874,-1,-1,3,-13,-20,-3,-3,-3
1533864684300874,1,-1,4,-3,12,1,-1,-2
1533864684312842,5,2,-4,-16,4,-1,-1,0
1533864684312842,-7,-6,-10,11,0,-5,-4,1
1533864684321820,-5,-3,0,23,16,0,-3,-3
1533864684321820,-3,-1,3,-23,-15,-3,-1,0
1533864684335826,-2,-2,-7,-3,9,-2,-2,-4
1533864684335826,4,11,-4,-14,-9,4,0,-1
1533864684337775,1,-16,6,7,8,0,1,2
1533864684337775,0,-3,6,8,2,0,-1,1
1533864684358719,1,-2,-1,6,0,1,0,0
1533864684358719,1,14,-22,-14,-3,-1,-2,-1
1533864684360730,-1,3,-2,-2,-7,-1,2,6
1533864684360730,-1,0,5,13,8,0,-2,-12
1533864684372682,2,3,55,-7,-10,-2,4,5
1533864684372682,-4,-25,-19,-3,1,-3,-8,-8
1533864684381658,1,4,-15,-3,4,-1,4,5
1533864684381658,0,4,20,-1,-7,0,-3,5
1533864684396618,-2,-2,-20,3,3,-1,-4,-7
1533864684396618,-2,-3,-2,-9,-1,-3,-1,-1
1533864684397628,1,3,9,-1,3,-1,-2,-4
1533864684397628,-2,-5,-13,2,1,0,3,2
1533864684418562,-4,-2,-19,1,-5,-2,-5,-1
1533864684418562,-6,0,14,5,0,-1,-1,-2
1533864684420554,0,-1,-5,-6,-5,-2,-1,-1
1533864684420554,1,4,0,-5,-4,0,1,1
1533864684432533,-1,-2,-5,23,12,-1,-2,-4
1533864684432533,-1,0,11,-13,-15,-2,-2,0
1533864684441497,-1,0,-3,-24,4,-2,-2,-1
1533864684441497,-5,-6,-9,23,-2,-5,-3,-3
1533864684456461,-2,-1,0,-3,7,0,-1,-1
1533864684456461,-3,-8,-3,-28,-21,-4,0,3
1533864684457455,0,1,-1,2,-8,3,-1,-3
1533864684457455,3,4,0,-11,-2,4,2,0
1533864684478427,4,-12,4,0,5,4,4,3
1533864684478427,-6,-6,-1,29,30,-4,-2,-1
1533864684480420,-6,-3,-4,9,-12,-6,-5,-5
1533864684480420,-1,-1,33,-16,-15,-1,-2,0
1533864684492362,-1,-7,4,-1,-11,0,0,1
1533864684492362,1,0,3,-2,-1,2,2,1
1533864684501338,-1,-1,10,21,13,0,-1,-1
1533864684501338,2,-4,-8,2,19,3,2,1
1533864684516299,-5,1,-21,-17,4,-5,-4,-4
1533864684516299,2,2,9,-11,4,2,0,0
1533864684518294,-1,-3,-7,-3,-6,-3,-1,-3
1533864684518294,0,5,-4,3,-6,0,0,-2
1533864684539237,0,4,-4,-2,-2,2,-1,-1
1533864684539237,-1,-2,-9,5,6,1,-2,0
1533864684540234,-1,2,4,3,-2,-1,0,-1
1533864684540234,-1,-3,-4,5,7,-2,-1,0
1533864684560184,-5,-3,-7,-10,-16,-5,-3,-3
1533864684560184,-2,-3,0,6,-6,0,2,-1
1533864684569174,-1,-1,-3,1,-3,-3,-1,-3
1533864684569174,-1,-1,0,-2,2,-2,-2,-2
1533864684576140,-3,-1,-9,13,-5,-3,-2,-1
1533864684576140,1,3,0,-27,-2,1,2,-1
1533864684578137,-1,-3,1,-10,-14,-3,1,0
1533864684578137,-3,-1,-5,6,3,-1,-1,-2
1533864684599080,-1,1,-4,5,-4,-3,-3,0
1533864684599080,1,-1,-3,-19,-2,0,-1,0
1533864684600078,-1,2,-1,-12,1,2,-2,0
1533864684600078,1,-26,-1,-1,4,0,1,1
1533864684621030,-4,-4,-5,7,-2,-4,-2,-3
1533864684621030,-1,-2,0,11,-5,-4,-1,0
1533864684623013,-2,0,2,-3,0,-1,0,-1
1533864684623013,-1,3,-9,-6,-7,-1,-3,-1
1533864684635981,1,3,-2,-4,5,3,-1,-1
1533864684635981,-1,-12,22,4,-5,-5,0,-2
1533864684642962,3,1,-2,24,24,4,1,0
1533864684642962,-5,-1,-9,-33,-11,-3,-3,-3
1533864684658920,-6,-5,1,-13,-24,-7,-3,0
1533864684658920,-1,6,-5,8,4,2,-1,-3
1533864684659914,-1,-2,-1,-5,-15,-2,0,0
1533864684659914,0,0,6,6,8,1,0,0
1533864684681858,0,1,-4,-3,7,1,-1,-2
1533864684681858,-2,2,-5,0,-6,-3,-1,-1
1533864684682853,0,-2,-1,-2,9,1,-2,-1
1533864684682853,-3,2,-4,6,0,-3,1,-1
1533864684696833,-1,2,0,4,0,-1,-1,-2
1533864684696833,0,2,0,-6,3,1,0,1
1533864684697812,-2,-6,-8,-20,-3,-6,-4,-4
1533864684697812,0,7,6,-8,-3,2,1,1
1533864684718760,-4,-21,6,15,-2,-4,-2,0
1533864684718760,-1,-3,1,6,0,1,-1,-1
1533864684720751,-1,1,-1,-2,-5,-2,-1,-2
1533864684720751,1,-1,0,8,-4,-2,0,-1
1533864684741698,3,6,-3,-8,9,0,0,-1
1533864684741698,-1,0,-29,7,0,-2,-2,0
1533864684742701,-3,-2,15,-10,-4,1,-2,1
1533864684742701,-1,4,-2,18,1,1,-3,-3
1533864684755658,0,2,-3,-32,2,1,-1,1
1533864684755658,-6,-3,-9,8,-8,-5,-3,-2
1533864684762642,-1,2,-4,-3,-7,-4,-2,-1
1533864684762642,0,-2,-1,-4,3,-1,-2,-1
1533864684778596,-1,3,2,10,-6,-1,-2,-3
1533864684778596,0,-2,8,15,12,2,0,1
1533864684780591,-2,-7,3,-11,0,0,0,0
1533864684780591,-2,-3,-6,2,-11,-5,-2,-1
1533864684801569,2,0,-4,-4,1,0,0,0
1533864684801569,1,-4,4,6,0,0,0,0
1533864684802583,-1,2,-1,10,-2,-1,0,1
1533864684802583,-4,-3,-9,-6,4,-1,0,-3
1533864684815498,0,1,-9,7,3,1,-2,-3
1533864684815498,-1,-16,9,-10,-9,-2,1,1
1533864684822483,0,1,7,4,5,0,0,-2
1533864684822483,-1,-1,5,31,-6,-1,0,1
1533864684838442,-2,-1,-9,-38,-10,-5,-1,-3
1533864684838442,-2,4,-14,-20,3,1,-1,-2
1533864684846414,-2,-4,-8,26,1,-2,-1,-2
1533864684846414,-3,-4,-2,-33,-7,-5,0,0
1533864684861470,1,-2,9,18,1,2,1,-1
1533864684861470,-1,1,-7,15,-2,-3,-2,0
1533864684863372,-3,-3,-10,2,-2,-1,-2,-2
1533864684863372,0,5,0,11,7,4,-2,0
1533864684875337,-1,-1,-5,-13,2,-3,0,-1
1533864684875337,1,0,4,-25,-19,-2,0,-3
1533864684882322,-1,0,-2,10,15,-2,-1,-2
1533864684882322,-1,-1,2,-2,-12,-3,-2,-1
1533864684899277,-4,0,-4,5,2,0,-2,1
1533864684899277,1,18,-8,5,1,1,-2,-1
1533864684900270,0,-19,23,-14,-4,4,1,0
1533864684900270,-2,-6,-1,-4,-5,-3,-2,-2
1533864684921216,1,-4,0,-16,0,1,0,-1
1533864684921216,-1,8,4,14,-1,-2,-3,-1
1533864684923210,-2,2,-43,-6,3,-3,-2,-2
1533864684923210,-1,2,3,-17,-5,-1,0,0
1533864684936206,0,0,8,23,-3,1,-2,0
1533864684936206,-1,-3,3,-11,-6,-4,-1,-2
1533864684942344,0,1,-18,8,11,-1,-1,0
1533864684942344,-2,-4,-3,-2,-11,-1,0,0
1533864684959117,1,6,-1,27,6,0,0,0
1533864684959117,-3,-6,-1,-38,-9,-2,-2,-3
1533864684960124,-2,-2,10,8,-5,-2,-3,-4
1533864684960124,1,3,-3,-12,1,0,-2,-2
1533864684981055,-1,-4,2,12,1,-1,-3,-2
1533864684981055,2,-1,5,17,5,3,1,1
1533864684983049,-4,0,5,-12,-5,0,0,-1
1533864684983049,-5,7,-3,6,1,-2,-3,-3
1533864684996017,3,2,-4,11,10,3,1,0
1533864684996017,-4,-6,5,-42,-14,-5,-4,-1
1533864685002020,-5,-4,-12,-15,-32,-8,-1,0
1533864685002020,0,1,6,-17,-11,0,0,-2
1533864685018955,-4,-1,-6,2,5,-3,2,1
1533864685018955,0,0,0,28,23,3,-3,-1
1533864685019951,4,7,9,22,18,1,-2,-2
1533864685019951,0,-4,-1,2,-25,-2,0,-1
1533864685040897,-1,-2,2,-41,-15,-2,0,0
1533864685040897,-3,-4,-12,4,3,0,-2,-2
1533864685042898,2,4,25,-7,2,0,1,-1
1533864685042898,-2,-18,13,14,20,0,1,-1
1533864685054878,0,-1,2,-8,-8,-3,-2,-2
1533864685054878,-3,-1,-7,-5,-7,-4,-1,-2
1533864685063834,0,0,-8,1,-2,3,-1,0
1533864685063834,-1,1,-8,12,10,-1,-1,0
1533864685078796,-3,3,14,-7,-12,-2,-1,0
1533864685078796,-2,3,-19,-4,5,-1,-1,-3
1533864685080788,-1,-13,17,8,-4,0,0,0
1533864685080788,1,-2,-6,36,23,0,-2,-2
1533864685101731,-4,-6,-14,-47,-29,-4,-3,-3
1533864685101731,2,2,8,22,11,2,2,-1
1533864685102730,-2,5,-8,-12,-7,-4,-1,-1
1533864685102730,-1,-1,-8,-8,-3,-3,-1,-1
1533864685114697,-1,-5,3,14,7,-2,-2,-2
1533864685114697,1,-4,4,7,3,0,-1,1
1533864685123678,0,4,-5,-18,-12,-3,1,-1
1533864685123678,-1,-1,11,-9,2,1,0,0
1533864685138636,-1,0,-4,13,4,0,-1,-1
1533864685138636,0,-6,1,-2,-5,-1,-1,-1
1533864685140628,-2,-3,-8,-5,4,-2,-1,0
1533864685140628,-1,4,-3,-4,-3,0,-2,-1
1533864685161576,0,3,-2,-5,-1,0,0,-1
1533864685161576,-2,-5,0,7,3,-1,-1,0
1533864685162570,1,-2,-7,14,5,3,-1,-1
1533864685162570,-1,-2,-30,-27,-3,-1,-1,-2
1533864685174538,-2,-1,9,-6,-8,0,-1,-1
1533864685174538,1,-3,3,6,1,-3,1,-2
1533864685183520,-2,-1,-7,-7,-12,-3,1,-1
1533864685183520,0,-1,-3,2,11,-1,-1,-2
1533864685198476,4,1,-2,3,9,-1,-1,-1
1533864685198476,-2,1,3,0,-8,-3,-1,0
1533864685200468,0,1,2,9,5,1,-2,-1
1533864685200468,-5,-4,-2,14,-1,-5,-4,-3
1533864685221412,-2,-2,-4,-13,1,0,-1,-1
1533864685221412,-1,-1,10,0,0,-1,-1,-1
1533864685223408,1,0,-3,-6,-2,1,0,-1
1533864685223408,1,-1,3,-8,-2,-2,-2,-2
1533864685234524,-1,0,-4,8,-3,-3,-3,0
1533864685234524,1,0,-3,-2,-3,-3,-3,0
1533864685243539,-4,-2,-6,-4,-2,-2,-2,-1
1533864685243539,1,8,-2,-5,12,7,0,0
1533864685258457,-1,-17,5,27,-1,-3,1,2
1533864685258457,0,-2,-2,-42,-25,1,-1,-1
1533864685260452,-1,-1,0,12,7,-1,0,-1
1533864685260452,0,3,1,-8,-8,1,2,2
1533864685281407,-1,2,-2,9,9,2,-1,-2
1533864685281407,-2,-1,-2,7,2,-1,-2,-3
1533864685283390,1,-3,-8,-17,-9,-1,1,-2
1533864685283390,-6,-6,-8,12,6,-2,-4,-4
1533864685295361,-2,3,0,8,-2,0,0,1
1533864685295361,-1,-3,3,2,1,0,-3,-1
1533864685304347,-1,-2,-2,-15,6,2,0,-1
1533864685304347,2,-1,7,2,-14,-6,0,0
1533864685319295,-4,-3,-11,-11,0,-5,-2,-2
1533864685319295,-1,0,-4,6,8,-1,0,-1
1533864685320303,-2,2,6,-4,-2,-4,-4,-1
1533864685320303,-1,-1,6,-7,-2,2,1,-1
1533864685341235,1,14,25,21,-2,-2,-2,1
1533864685341235,-3,-5,2,-26,4,0,0,0
1533864685343231,0,0,-4,-11,-8,-2,-2,0
1533864685343231,-1,-6,5,4,-4,-5,-1,-1
1533864685355204,1,3,-3,-6,0,1,1,-1
1533864685355204,-4,1,-10,11,10,1,-1,-1
1533864685364174,-1,0,5,29,4,1,0,-1
1533864685364174,1,1,-7,-39,-1,1,1,1
1533864685379138,-4,-5,-6,21,3,-1,-3,-3
1533864685379138,1,4,8,4,-9,-1,2,1
1533864685380132,-3,-11,-21,-3,-3,-2,-4,-4
1533864685380132,1,-1,5,2,-4,0,0,-1
1533864685401076,1,-4,-8,-13,1,-3,0,-1
1533864685401076,0,-2,0,4,0,-2,-1,-1
1533864685403070,-2,3,-1,0,-1,-3,-2,-3
1533864685403070,-1,3,3,0,-3,0,-1,-1
1533864685415038,1,-3,-5,0,7,2,1,-1
1533864685415038,0,-1,-2,12,-8,-2,-2,-2
1533864685424030,2,2,4,-23,-6,-2,1,0
1533864685424030,-2,-3,-10,-10,3,-3,-3,-2
1533864685438974,-3,-1,2,-14,-9,-1,-1,-1
1533864685438974,-1,-2,0,28,-5,1,-1,-2
1533864685439975,-1,-3,-4,-26,-3,-1,-2,-1
1533864685439975,-2,-2,2,6,-9,-4,-2,-1
1533864685460918,-1,-2,-3,9,3,0,-2,-3
1533864685460918,0,2,-3,1,4,1,0,-2
1533864685462910,-2,-5,1,-5,2,-1,-2,-3
1533864685462910,-3,-1,-7,15,-10,-3,-2,-1
1533864685474878,-3,0,3,-3,-1,0,0,1
1533864685474878,-1,-5,-7,-30,0,-3,-3,-2
1533864685483854,-1,-1,-4,8,2,-1,-1,1
1533864685483854,1,1,3,2,11,3,1,-1
1533864685498814,1,1,-5,-15,-18,-4,-1,1
1533864685498814,-4,-1,4,10,11,-4,-2,-2
1533864685500809,-3,-2,-7,7,-14,-1,-2,2
1533864685500809,-1,-3,0,2,-1,0,-2,-3
1533864685521791,0,5,-3,-2,-4,-2,1,-2
1533864685521791,0,-14,0,15,9,2,0,-1
1533864685522751,-1,-11,12,-29,0,-1,1,2
1533864685522751,-4,-1,-1,5,-12,-3,-1,-1
1533864685543700,-1,-1,0,-18,-10,-1,-1,-1
1533864685543700,0,6,-4,11,-2,-2,0,0
1533864685545692,-1,1,-15,-3,5,-4,-2,-2
1533864685545692,0,-4,0,0,-2,-1,-1,1
1533864685558654,-2,-5,-8,-1,6,0,0,1
1533864685558654,2,1,1,0,7,2,-1,-1
1533864685560651,-1,1,3,13,-9,-2,-2,-3
1533864685560651,-3,5,5,-4,1,-3,-2,-1
1533864685581625,0,-3,-7,-4,4,0,-1,-1
1533864685581625,-3,-5,-4,-13,0,-2,-3,-1
1533864685582606,0,0,3,15,1,1,-1,0
1533864685582606,-1,0,-7,-7,-3,0,-1,-2
1533864685603535,-3,-4,1,7,6,-7,-2,-2
1533864685603535,-1,-2,1,-16,-19,-1,-2,0
1533864685603535,-1,1,1,-2,7,1,0,-2
1533864685603535,-1,-1,-8,18,1,0,-3,0
1533864685618505,-2,-2,16,-16,1,0,-3,0
1533864685618505,1,-2,-9,-28,6,1,1,-1
1533864685618505,-2,2,-1,26,1,-3,0,-1
1533864685618505,0,0,2,18,10,1,0,0
1533864685640438,-4,3,7,-16,-24,-4,-2,-2
1533864685640438,1,-3,-9,3,5,1,-2,-1
1533864685641436,-1,1,5,-4,-2,-1,0,-1
1533864685641436,1,-4,-5,1,5,0,1,1
1533864685663406,-3,-5,-12,0,1,-4,-6,-2
1533864685663406,0,2,5,1,-7,-4,-1,0
1533864685664374,0,1,-3,14,9,0,-1,-1
1533864685664374,1,-1,10,-15,-7,1,-2,-1
1533864685678337,0,0,-2,-1,-5,0,0,-2
1533864685678337,-2,-1,0,3,-2,2,-1,-2
1533864685679331,-1,-1,-5,-8,-2,-1,-1,0
1533864685679331,0,1,2,2,2,-1,-1,0
1533864685700278,1,-2,-2,-13,1,5,2,1
1533864685700278,-1,-15,8,47,0,-1,-1,-1
1533864685701273,-4,-5,-3,-37,-10,-2,-1,-1
1533864685701273,-2,0,-4,-13,-1,-1,-2,-1
1533864685723227,0,-4,2,21,9,-1,-3,0
1533864685723227,-2,-2,11,-26,-13,-3,-3,-1
1533864685724228,-1,1,4,-7,-6,-1,0,-1
1533864685724228,1,-5,6,-4,2,-2,0,-2
1533864685738175,-1,-3,-7,15,-3,-1,-2,-2
1533864685738175,-3,3,-10,-20,5,-2,-1,-3
1533864685739172,0,2,-1,3,-7,-1,-4,-1
1533864685739172,-2,1,-11,-8,-1,-2,-1,-1
1533864685760115,1,1,1,4,8,0,2,0
1533864685760115,-4,2,-3,0,-25,-6,-2,0
1533864685761112,1,-3,-3,6,-1,0,0,-1
1533864685761112,0,4,-9,4,-1,0,-1,-3
1533864685783057,1,-19,9,2,6,0,0,0
1533864685783057,-1,4,10,1,8,1,-1,-2
1533864685784051,-2,0,0,-11,-3,-2,-1,-2
1533864685784051,-3,-13,-15,8,-2,-2,-3,-3
1533864685798017,-1,5,7,-3,-2,0,0,0
1533864685798017,-1,-2,-17,-16,-1,-2,0,-1
1533864685799011,3,1,20,17,3,-2,-1,-1
1533864685799011,-2,4,4,-3,-2,-2,-2,0
1533864685820953,-1,0,-16,-2,-4,-2,-3,-1
1533864685820953,-1,5,54,3,-3,-1,1,0
1533864685820953,2,13,-18,1,3,1,-1,-3
1533864685820953,-2,-8,3,-5,-4,-3,-1,-1
1533864685842897,-3,10,-44,-5,-2,-2,-3,-3
1533864685842897,0,-11,-2,6,3,-1,2,7
1533864685843891,-3,-2,-4,-2,1,-2,-2,-7
1533864685843891,-1,1,6,-9,-4,1,0,1
1533864685858124,-2,2,-5,3,1,-2,3,4
1533864685858124,-2,0,-17,-2,3,-1,-4,-9
1533864685859100,0,-5,4,-4,-1,-2,13,20
1533864685859100,-4,0,2,2,-2,-3,-20,-21
1533864685881068,1,-1,9,-1,0,1,7,2
1533864685881068,0,4,-10,-2,-3,-2,-9,-4
1533864685882025,-8,-6,13,4,-1,-2,-9,-25
1533864685882025,4,0,-6,6,1,0,6,12
1533864685903163,-1,0,1,-3,-1,-3,0,-3
1533864685903163,1,2,-3,4,-1,0,1,2
1533864685903966,1,1,-13,-15,0,-1,0,8
1533864685903966,1,4,3,3,3,0,4,2
1533864685917929,-6,-6,1,1,-3,-5,-7,-5
1533864685917929,-1,-1,-13,-23,-10,-5,0,1
1533864685925950,-1,-2,3,12,-7,1,-4,-2
1533864685925950,4,4,5,-29,3,2,5,1
1533864685940868,-3,-5,33,24,-7,-7,-5,-4
1533864685940868,-7,0,-7,-18,-18,-2,0,0
1533864685941883,-1,-1,0,30,42,5,0,1
1533864685941883,-6,-5,1,-31,-39,-6,-4,-3
1533864685962812,3,2,-7,-16,0,2,1,2
1533864685962812,-1,-3,-6,43,15,1,0,-2
1533864685963818,3,-2,0,-2,26,1,-2,-2
1533864685963818,0,-1,-6,5,2,0,1,2
1533864685977772,0,-2,-4,-10,7,-2,-2,-3
1533864685977772,1,11,-11,3,-9,-4,0,-5
1533864685978767,-1,-15,2,1,-7,1,2,0
1533864685978767,-1,8,-12,10,13,0,-3,-2
1533864686000708,0,0,-1,-5,-9,0,8,4
1533864686000708,-2,3,9,6,5,-1,-10,-12
1533864686001705,0,2,-10,-24,-13,-3,-1,1
1533864686001705,-3,-9,-39,1,4,-3,-2,2
1533864686022663,-6,-2,9,5,-3,0,-2,-7
1533864686022663,-3,-6,-7,-5,3,1,2,4
1533864686023647,-3,5,-3,-2,-10,-3,-1,-4
1533864686023647,-1,-7,-27,2,-7,-2,4,3
1533864686037609,2,1,2,-5,2,0,-6,-4
1533864686037609,1,-2,0,5,9,0,-1,2
1533864686045591,-3,-3,-2,-8,-12,-4,-4,-3
1533864686045591,-2,0,10,4,0,0,0,-3
1533864686060548,2,-3,-3,14,5,1,-1,7
1533864686060548,1,13,-5,-22,-4,-2,-1,2
1533864686061590,1,-11,-3,-3,-10,-1,-2,-9
1533864686061590,-3,0,12,1,2,-1,1,0
1533864686083675,-5,0,-3,0,6,0,-2,-2
1533864686083675,-2,-4,-1,-8,-10,-2,1,1
1533864686083675,1,5,0,9,5,-1,0,3
1533864686083675,0,-1,10,-13,8,0,-2,-2
1533864686097478,-4,-2,-2,8,-14,-2,-4,-2
1533864686097478,-1,-4,-3,-6,-5,0,1,-1
1533864686105428,-3,0,-1,7,6,-3,-2,1
1533864686105428,-3,-4,10,4,-8,0,-1,-4
1533864686120425,2,1,-2,1,4,2,-1,-1
1533864686120425,0,-3,1,-5,0,2,0,0
1533864686121385,6,7,3,-15,-15,1,1,1
1533864686121385,-4,-7,12,14,12,-6,-5,-4
1533864686143327,-4,-2,-2,-8,20,-1,-1,-1
1533864686143327,-3,-6,-2,7,-15,-2,0,-2
1533864686144324,-3,0,8,-8,-8,-2,-2,-1
1533864686144324,-1,1,-10,-25,-36,-3,-1,-1
1533864686157289,1,0,-1,15,-4,2,0,0
1533864686157289,0,-5,4,1,41,-1,-4,-1
1533864686165268,2,2,-3,-4,-2,1,0,1
1533864686165268,0,0,7,24,-3,-3,0,-1
1533864686181225,-9,-6,-7,-21,8,-6,-6,-4
1533864686181225,0,0,-4,1,-7,2,2,2
1533864686181225,-2,2,34,-5,4,2,-2,0
1533864686181225,1,1,5,-3,11,1,-1,-1
1533864686203170,0,-1,-5,0,-15,-2,0,-1
1533864686203170,-2,-7,10,-1,-4,-2,-2,-2
1533864686204163,-3,-1,-13,9,2,-3,-3,-1
1533864686204163,-1,0,1,-3,-8,2,-1,-1
1533864686234087,1,-4,2,2,1,-2,-2,-2
1533864686234087,-1,1,-3,3,0,0,0,-3
1533864686235081,-4,-3,-10,-13,-21,-3,-1,-2
1533864686235081,1,1,-6,13,12,0,-1,-1
1533864686241085,-2,4,-8,-17,-1,-1,-2,-6
1533864686241085,0,0,3,0,-1,0,-1,-2
1533864686241085,-7,-6,-16,24,0,-2,-2,-3
1533864686241085,3,17,-9,6,15,-1,-1,-1
1533864686263010,0,-4,4,-40,-28,-1,0,0
1533864686263010,0,-3,-5,9,-2,-3,2,9
1533864686264021,-1,11,-10,-11,-3,0,3,-5
1533864686264021,-1,-8,41,15,6,-1,-7,-4
1533864686285948,1,-1,0,12,5,0,-3,-3
1533864686285948,-2,-1,0,-11,-3,-3,-3,-5
1533864686286941,1,5,10,9,2,-2,-2,1
1533864686286941,0,-1,-14,-5,3,-2,3,2
1533864686300908,-1,1,-4,-10,-10,-2,0,-1
1533864686300908,-3,-5,1,-6,-6,-2,-3,-2
1533864686300908,-3,-8,-19,4,5,-1,0,2
1533864686300908,-2,-2,-2,-10,-10,-1,-1,-3
1533864686322855,2,-2,3,3,0,-1,1,2
1533864686322855,1,1,-10,-17,-13,-1,1,-3
1533864686323843,-3,-4,0,20,16,0,-2,-1
1533864686323843,-7,-5,-2,-6,-3,-2,-2,-3
1533864686337837,0,3,3,11,0,1,-2,-1
1533864686337837,1,1,0,10,4,1,1,-2
1533864686345786,4,-1,2,-5,-4,0,-1,-2
1533864686345786,-4,-9,-8,-45,-18,-5,-3,-3
1533864686360745,5,3,-5,-12,-2,0,2,2
1533864686360745,-1,1,1,28,22,-1,-1,-2
1533864686361766,-4,-9,-4,-8,-14,-5,-3,-2
1533864686361766,-1,2,-5,18,7,0,-1,-2
1533864686383688,0,-2,-1,-11,-1,2,1,0
1533864686383688,-1,-4,-9,10,-7,-3,-2,-3
1533864686383688,0,2,5,2,7,0,-1,-1
1533864686383688,-4,-3,-6,-6,-6,-2,2,0
1533864686397696,-2,-1,-1,12,6,0,-1,0
1533864686397696,1,0,-1,-6,12,1,-1,0
1533864686405624,-1,-3,-6,-11,-16,-8,-2,-1
1533864686405624,-1,0,1,-2,-4,1,1,-3
1533864686420585,1,-3,-7,0,8,1,0,-1
1533864686420585,-5,8,-36,6,-9,-7,-4,-4
1533864686421581,-1,-1,10,6,-2,0,-1,0
1533864686421581,2,1,1,-22,6,0,-1,2
1533864686443523,-4,-6,0,4,4,-1,0,-3
1533864686443523,-1,-1,-1,-12,-11,2,-3,-1
1533864686443523,-1,5,-3,-5,1,0,-1,-2
1533864686443523,-1,-2,1,14,-2,-3,1,-1
1533864686466465,-1,4,-5,6,0,-4,-1,-1
1533864686466465,4,-3,15,-19,-5,0,1,-1
1533864686467459,-3,0,-1,17,7,-1,-2,-1
1533864686467459,-1,-2,0,8,14,0,1,1
1533864686480425,-4,-4,-8,-8,-15,-6,-4,-3
1533864686480425,-4,0,1,1,-6,-3,-1,1
1533864686481422,0,-5,5,-17,-5,1,1,1
1533864686481422,1,0,-5,3,0,3,0,-1
1533864686511342,-1,-2,1,7,8,2,-1,0
1533864686511342,-1,-3,4,1,4,0,1,-2
1533864686512340,-1,1,-4,-8,0,-1,0,-2
1533864686512340,0,-3,1,-1,-5,-2,-2,-2
1533864686526305,-1,-3,-1,4,-3,-1,-3,0
1533864686526305,-1,-2,3,-4,1,-1,-2,-3
1533864686527300,-1,-5,-3,-6,-3,-3,-2,-1
1533864686527300,3,6,4,6,5,1,0,-1
1533864686540273,0,2,-2,-16,-11,-5,-2,-1
1533864686540273,-4,14,-14,-20,-13,-3,0,-1
1533864686541262,-7,-14,-7,4,-9,-1,-3,-2
1533864686541262,-3,-4,-4,2,-2,-1,-3,-2
1533864686563207,2,2,7,-7,5,3,0,0
1533864686563207,2,-2,-10,5,7,2,1,-2
1533864686564200,1,2,-2,-3,7,1,-1,0
1533864686564200,-1,-1,-2,-3,-13,-1,-1,1
1533864686586141,-3,-1,0,-1,6,1,0,0
1533864686586141,-2,-6,6,8,0,-3,-1,-4
1533864686587139,2,-2,-5,0,-1,1,0,-2
1533864686587139,-2,-6,-2,14,1,-4,-2,-1
1533864686601134,-2,-3,-10,-4,-3,-3,-1,-2
1533864686601134,-1,-5,5,3,-7,1,0,3
1533864686601134,0,1,5,-3,3,-2,-1,1
1533864686601134,-2,2,-3,-12,4,1,-2,-1
1533864686623063,-2,-1,-1,1,-23,-7,0,-1
1533864686623063,-1,-1,13,22,21,2,-1,-3
1533864686624041,-1,-3,5,-21,0,0,-3,-3
1533864686624041,1,-1,-7,4,-10,-4,-1,-3
1533864686646184,-4,-2,-2,21,-5,-10,0,2
1533864686646184,-2,-4,0,-33,-7,3,-1,-2
1533864686646980,-3,0,-8,-11,-1,-2,-1,0
1533864686646980,-3,-1,3,4,7,1,-2,-1
1533864686660945,-2,-4,-1,12,5,-1,-3,-3
1533864686660945,1,-1,2,-2,-7,-3,0,-2
1533864686660945,0,1,-4,22,3,1,0,0
1533864686660945,-1,2,-5,-44,-7,-2,-1,0
1533864686682886,-2,2,14,14,3,-1,-3,-3
1533864686682886,-2,-9,-7,-5,-4,-5,-3,-1
1533864686683884,2,3,3,-1,0,-1,-1,-1
1533864686683884,1,-2,3,23,1,-1,-1,-1
1533864686706820,0,-1,-6,-12,9,1,-2,-1
1533864686706820,-1,-1,3,-4,-5,2,1,1
1533864686706820,-3,2,-3,0,-12,-5,1,-1
1533864686706820,-1,1,7,-12,-11,-2,-1,-1
1533864686720822,-1,-4,-5,-1,-1,1,-4,-2
1533864686720822,1,4,-6,22,7,-1,-1,0
1533864686721779,-1,-1,2,-11,1,-1,0,0
1533864686721779,-3,0,0,-6,-1,-1,1,-2
1533864686742726,3,3,7,3,19,5,3,0
1533864686742726,-10,-11,-14,-19,-24,-11,-6,-1
1533864686743720,-4,-2,-4,9,-14,-1,-4,-1
1533864686743720,0,-5,0,8,10,2,-1,-2
1533864686766662,-2,3,-2,-13,-7,-1,-1,-1
1533864686766662,4,-1,6,21,9,-1,-1,-3
1533864686766662,2,-1,0,-21,-4,2,0,-4
1533864686766662,-4,-1,-3,9,1,-6,-4,-1
1533864686788601,-3,-4,-7,-3,3,2,1,0
1533864686788601,-1,-1,-1,-12,-3,0,0,0
1533864686789604,-2,-3,-4,7,-1,-1,-1,0
1533864686789604,1,-1,-6,2,1,3,-1,1
1533864686803564,1,8,53,4,-1,-1,0,1
1533864686803564,0,-3,-3,-7,-3,-3,-1,-1
1533864686803564,0,-3,-2,2,6,2,-2,-1
1533864686803564,0,-8,1,-3,-5,-1,-1,-2
1533864686826502,-2,-2,-26,4,0,-2,-1,-1
1533864686826502,2,4,39,1,0,1,0,0
1533864686827496,-2,12,-10,5,4,-4,-2,-1
1533864686827496,-1,-2,-1,-3,-2,-2,0,1
1533864686840470,-2,-5,-5,-8,-8,-3,-2,-1
1533864686840470,1,-1,-5,7,1,1,-2,0
1533864686841459,4,10,-40,2,-2,-2,1,4
1533864686841459,-10,2,25,-18,-7,-1,-2,-8
1533864686863400,-1,-5,-11,0,-4,0,-3,-5
1533864686863400,0,-5,-6,-6,3,0,1,3
1533864686864398,-1,-6,-2,-5,-2,-3,-5,-5
1533864686864398,2,2,-8,6,1,-1,13,16
1533864686886343,-3,-3,0,-4,-2,-1,-11,-15
1533864686886343,-1,6,-8,-4,0,1,-4,2
1533864686887337,-2,-3,12,3,1,-2,0,-10
1533864686887337,-1,-1,-4,3,-2,-1,-2,1
1533864686900301,0,-4,-2,-4,-1,-3,-1,-2
1533864686900301,0,0,-6,0,0,0,2,2
1533864686901299,-2,-2,3,0,0,-1,-2,-2
1533864686901299,0,-14,17,5,0,0,-1,2
1533864686923245,-1,0,-31,-7,-3,-1,1,3
1533864686923245,-3,1,-5,12,4,0,-2,-4
1533864686924240,2,-19,25,11,10,2,3,5
1533864686924240,-9,2,-5,1,-10,-8,-9,-8
1533864686946187,-1,1,-5,-25,-15,1,0,4
1533864686946187,-2,-8,-1,-8,0,-2,-2,-5
1533864686947178,0,3,3,8,5,2,2,-1
1533864686947178,5,1,-23,12,9,2,2,0
1533864686960141,-1,-4,6,8,3,-2,0,-1
1533864686960141,-3,2,-8,-15,-10,-3,0,-1
1533864686961139,0,1,3,-22,-21,-1,-2,0
1533864686961139,0,1,-4,-7,-2,-1,-4,-6
1533864686983114,-5,0,-4,15,24,-1,2,2
1533864686983114,-1,2,18,-2,-7,-1,1,-4
1533864686984078,-1,-2,0,20,0,-2,0,3
1533864686984078,1,-3,-4,-39,-7,-1,-4,-5
1533864687006021,1,-1,2,4,19,0,-1,1
1533864687006021,1,-2,-11,-7,-8,-1,-1,0
1533864687007016,-4,-3,-2,-6,4,-1,-1,-4
1533864687007016,2,3,-1,12,-7,-2,1,0
1533864687021002,-1,1,3,-1,-1,0,2,2
1533864687021002,-1,-2,-4,14,-11,-4,-3,-3
1533864687021002,-1,1,6,-43,-10,-3,-3,-2
1533864687021002,-3,0,-1,4,4,-4,-5,-3
1533864687042921,0,3,-4,13,5,4,1,0
1533864687042921,-1,-26,6,-7,-3,-1,-1,-1
1533864687043918,3,0,-22,26,20,0,0,0
1533864687043918,-8,-6,-15,-40,-21,-10,-4,-3
1533864687066931,-5,-3,-1,-17,-14,-2,-3,-3
1533864687066931,-2,6,7,-16,9,-1,-1,-2
1533864687066931,1,2,-12,34,-3,1,0,0
1533864687066931,6,-14,13,28,14,6,3,1
1533864687079825,1,2,4,-10,-8,-5,-1,-1
1533864687079825,1,2,-4,19,18,2,-1,-3
1533864687087806,-1,-4,27,-16,-8,-5,-4,0
1533864687087806,2,7,0,8,0,-1,0,-1
1533864687102839,-1,-4,-2,-1,-11,0,-1,-2
1533864687102839,0,4,13,18,14,-1,0,0
1533864687103768,-6,-3,-18,-21,-2,-4,-2,-4
1533864687103768,2,-17,19,13,-10,1,-2,2
1533864687126718,0,0,-1,12,1,1,1,-1
1533864687126718,-3,1,-10,-39,-6,-3,-1,0
1533864687126718,-5,2,14,18,9,-2,-1,-1
1533864687126718,1,4,-22,-5,8,1,-1,-3
1533864687139665,0,-4,-3,-11,-11,-4,1,-1
1533864687139665,1,-2,-8,4,-5,1,0,1
1533864687148649,-4,-5,-9,11,2,-3,-4,-2
1533864687148649,0,7,9,19,47,4,-1,-1
1533864687163601,0,-2,4,-11,-39,-6,1,1
1533864687163601,-5,2,-10,16,-5,0,-2,-1
1533864687163601,-2,1,2,-30,-18,0,1,0
1533864687163601,-1,0,-21,-4,-3,0,-2,-2
1533864687186536,6,-2,25,21,18,0,-1,0
1533864687186536,0,-1,-3,-14,9,-1,-1,0
1533864687187533,-2,-1,-5,-9,-6,0,-1,0
1533864687187533,-4,2,-4,-11,2,0,0,0
1533864687200502,-1,-1,9,1,-4,0,-1,1
1533864687200502,-2,-3,-8,-5,-5,-4,-1,-1
1533864687208477,1,-1,6,3,4,-1,-1,1
1533864687208477,-1,1,-3,-6,-16,0,0,-3
1533864687223437,0,1,-6,-8,-1,-3,-1,0
1533864687223437,-1,15,-3,3,-3,-5,-4,-3
1533864687223437,-1,-5,-4,-5,-3,-3,-1,-1
1533864687223437,-2,-3,-7,-7,-12,-2,-1,0
1533864687246380,2,-3,-18,-3,0,0,1,9
1533864687246380,-4,0,-3,2,3,1,-4,-14
1533864687247374,-1,-2,-2,0,-2,-2,-2,-2
1533864687247374,-1,3,8,-2,-5,-1,5,1
1533864687269318,-4,-1,-4,7,5,-2,1,7
1533864687269318,0,-6,2,-23,-7,-2,0,9
1533864687269318,-1,0,-2,-3,-2,-1,-12,-14
1533864687269318,-2,-3,-25,4,-2,-2,0,-13
1533864687283483,-3,-1,17,0,1,-1,-10,-4
1533864687283483,0,-3,4,4,-3,-2,4,4
1533864687284292,3,-2,1,2,1,-1,4,7
1533864687284292,2,2,-2,4,-3,-2,0,5
1533864687306222,-3,-1,-14,-18,-3,0,6,-3
1533864687306222,-1,19,2,13,-2,-3,-3,0
1533864687307219,-2,0,4,-10,2,0,2,-1
1533864687307219,-3,1,7,-8,-6,-1,-2,1
1533864687320179,1,-4,-1,-12,-2,-2,3,-4
1533864687320179,0,-8,-8,17,5,-2,-2,-4
1533864687328160,-6,-1,-8,5,-2,0,1,2
1533864687328160,3,0,10,5,0,-2,-2,-1
1533864687343124,2,4,-8,1,0,0,-6,-4
1533864687343124,4,-6,-12,-20,-7,1,1,0
1533864687344115,4,0,8,31,14,5,1,0
1533864687344115,-8,-9,-12,-38,-40,-11,-7,-2
1533864687366057,-2,4,11,3,-2,2,0,-2
1533864687366057,1,-7,3,10,-1,-1,1,-1
1533864687367055,-9,-9,-8,-15,4,-4,-3,-1
1533864687367055,1,6,7,5,7,3,0,0
1533864687380019,1,-3,-6,2,16,1,0,-2
1533864687380019,-6,-4,-1,0,-22,-5,0,0
1533864687387998,-1,2,1,-6,4,0,1,-3
1533864687387998,-1,-1,0,1,-27,0,0,0
1533864687402961,-3,-4,-10,-8,16,-3,-2,-1
1533864687402961,1,-1,12,38,26,8,1,1
1533864687403954,-3,-3,-6,-55,-12,-2,-2,-1
1533864687403954,-4,-3,-2,-6,13,-1,-5,-3
1533864687425896,2,-1,0,6,2,0,0,-1
1533864687425896,-4,-2,-4,-13,-17,-6,-3,-2
1533864687426893,1,2,-1,11,0,-1,0,1
1533864687426893,-1,2,5,18,8,2,0,-1
1533864687448834,-3,-2,-5,-14,-4,0,0,-1
1533864687448834,-1,-5,-3,-1,3,-1,-3,0
1533864687449832,1,0,-1,-4,-11,0,1,-2
1533864687449832,-2,-2,0,20,11,-2,-1,0
1533864687462798,-4,0,0,8,-5,-4,-1,-1
1533864687462798,0,-2,-2,-15,-3,0,-2,-7
1533864687463795,4,-2,3,10,-5,-2,0,1
1533864687463795,3,-5,0,4,-2,2,5,3
1533864687486744,-8,-4,-8,-8,-5,-6,-12,-7
1533864687486744,1,2,-2,-7,0,0,2,17
1533864687486744,2,3,2,11,0,1,8,18
1533864687486744,-6,2,2,23,19,-2,1,-32
1533864687508682,-4,-5,-8,-48,-38,-5,-17,1
1533864687508682,-1,-1,2,-3,5,0,-4,-20
1533864687509672,-1,11,-12,12,1,-2,-3,0
1533864687509672,-1,-6,-2,3,5,-2,-1,9
1533864687522639,2,-2,6,20,1,3,9,7
1533864687522639,-3,-6,-1,-28,-13,0,1,-1
1533864687523634,1,1,-1,12,6,0,-3,-1
1533864687523634,0,1,-2,-8,1,-1,-1,7
1533864687546614,-3,-1,-3,8,3,-3,-1,-6
1533864687546614,-4,-2,0,7,5,-3,-3,4
1533864687547572,0,-5,2,0,-6,-2,0,-7
1533864687547572,0,-1,1,-20,-4,-3,-5,1
1533864687568564,3,0,4,22,17,1,5,0
1533864687568564,-3,-2,-4,-20,-26,-2,0,-4
1533864687569512,-4,-6,-3,-18,-9,-3,-1,-3
1533864687569512,-2,-1,4,3,1,-3,-3,-1
1533864687583475,-1,-1,-3,16,0,1,0,0
1533864687583475,4,0,1,-9,12,1,2,1
1533864687583475,-2,-4,-4,-34,-22,-4,-3,-5
1533864687583475,-5,-3,-7,32,0,-1,-4,1
1533864687606417,-1,-1,-1,-25,4,-4,-1,-3
1533864687606417,1,0,1,-5,-21,0,1,2
1533864687607413,-3,-7,0,20,6,-1,-4,-3
1533864687607413,-2,-3,-6,-44,-36,-4,-2,-1
1533864687628383,-4,-4,-4,14,8,-3,-1,-5
1533864687628383,2,2,1,-10,10,-4,0,0
1533864687629354,-1,-1,-1,4,-4,-2,-2,0
1533864687629354,0,3,2,8,-15,2,-1,2
1533864687643316,0,0,-1,6,17,2,-1,-1
1533864687643316,1,17,-10,-7,3,0,-4,-2
1533864687644313,0,-7,2,11,4,0,2,-2
1533864687644313,1,-1,-1,-8,13,-1,-2,0
1533864687666255,1,0,-34,-7,-9,0,0,-1
1533864687666255,-2,-1,4,31,12,-3,-3,-3
1533864687667252,0,2,-2,4,4,-1,0,-2
1533864687667252,0,-2,0,-8,9,2,1,0
1533864687689246,-4,-2,-4,-14,-13,-2,-1,-1
1533864687689246,-4,-8,-1,9,-7,-5,0,-1
1533864687689246,-1,0,-1,-8,-5,-2,-3,-2
1533864687689246,-1,-1,-1,6,4,1,0,1
1533864687703366,1,1,4,-9,-3,0,1,-2
1533864687703366,1,-6,-2,3,3,0,-3,0
1533864687704152,-3,-2,7,16,8,-3,-2,-2
1533864687704152,0,2,-3,12,38,3,0,-2
1533864687726093,1,2,12,-26,-58,-5,2,0
1533864687726093,-6,-8,0,9,-5,-4,-1,-3
1533864687727090,-2,-3,-11,-16,-8,0,0,-2
1533864687727090,0,-1,-2,24,21,-2,-3,-2
1533864687749039,-3,-2,4,-10,-23,-1,-4,-1
1533864687749039,2,3,5,22,14,2,1,0
1533864687750032,-1,16,-7,-23,6,2,-3,-2
1533864687750032,-1,-12,4,-47,-49,-7,-2,-1
1533864687762994,-4,-8,-3,31,19,-5,0,1
1533864687762994,-1,-3,-5,-9,-6,0,-1,1
1533864687763991,-2,0,-9,7,0,-2,-2,-2
1533864687763991,3,10,0,-2,1,-1,-1,-1
1533864687785977,-1,1,8,3,13,-1,-1,-1
1533864687785977,-2,1,14,1,-5,-5,-1,-3
1533864687786930,1,-8,-8,6,12,0,1,-1
1533864687786930,-1,-3,-6,-11,-7,1,2,0
1533864687808873,1,0,-4,2,-1,4,0,-1
1533864687808873,-3,-2,-4,23,12,2,-3,-1
1533864687809877,-2,-1,8,-35,-7,2,-1,-1
1533864687809877,-3,-2,0,4,-15,-4,-3,-2
1533864687822838,0,-2,-2,5,19,-2,-1,-1
1533864687822838,0,-1,-23,-12,2,0,-2,-2
1533864687823833,-2,-4,8,19,-28,-6,0,0
1533864687823833,0,2,1,-17,10,3,0,-1
1533864687846771,0,1,4,7,2,3,3,2
1533864687846771,-7,-9,-12,-16,-23,-3,-4,-4
1533864687846771,-5,-8,-6,20,6,-3,-3,-1
1533864687846771,3,5,3,9,13,3,1,-2
1533864687868713,-1,0,6,20,7,-1,-2,-2
1533864687868713,4,3,5,-11,22,2,1,1
1533864687869709,-6,-1,-3,-44,-28,-3,-3,0
1533864687869709,-3,-2,1,10,2,-4,-2,0
1533864687883672,0,-2,-2,13,4,-1,0,-1
1533864687883672,0,-2,5,-2,-9,-2,1,-1
1533864687883672,4,2,4,1,11,1,-3,-1
1533864687883672,-3,-1,-6,4,3,-2,-1,0
1533864687906647,-2,-3,-2,-15,-13,-4,-2,-1
1533864687906647,-2,8,0,-5,3,-1,-1,-1
1533864687906647,-1,-3,0,10,9,1,-1,1
1533864687906647,0,1,0,-8,-10,-2,0,-1
1533864687928552,-5,-1,-2,11,2,-3,-4,-2
1533864687928552,-2,-1,2,-18,-5,0,-2,-1
1533864687929550,1,-2,3,12,0,-1,-2,-2
1533864687929550,0,-2,-4,8,2,1,1,0
1533864687942515,0,3,-2,-16,-15,-1,-1,-1
1533864687942515,-2,-5,-5,-30,3,1,-1,-2
1533864687950495,-2,-3,-2,-3,-13,-3,-3,-2
1533864687950495,3,-3,-1,6,2,-1,1,11
1533864687966452,-3,-1,-2,4,4,-2,-3,-10
1533864687966452,-1,10,-9,4,-6,-3,0,-3
1533864687967452,-1,8,-11,-2,4,1,-3,1
1533864687967452,-5,-11,7,0,-2,-1,-5,-8
1533864687988409,6,-2,-7,-4,0,0,6,27
1533864687988409,-9,-7,-10,11,-1,-4,-15,-35
1533864687989393,0,5,7,-8,3,-2,3,0
1533864687989393,-4,1,-3,-3,-4,-1,-2,-4
1533864688002354,-3,0,-1,-4,1,2,-1,2
1533864688002354,1,-6,-7,5,0,0,5,15
1533864688010334,0,-5,-2,8,2,-1,1,-1
1533864688010334,-4,0,3,-5,-6,-2,-3,-3
1533864688025293,-2,-1,0,-5,3,-1,-1,-3
1533864688025293,2,-2,3,3,-4,-1,3,7
1533864688026327,-1,-7,2,4,0,-2,-2,-4
1533864688026327,4,4,0,-43,-12,-1,1,2
1533864688049229,-7,-5,-8,45,33,-5,-4,-8
1533864688049229,-4,-3,2,-42,-48,-1,-2,0
1533864688049229,0,-4,-1,5,7,3,-1,2
1533864688049229,-1,-3,-7,14,-11,0,1,-1
1533864688062195,4,2,4,-39,-12,2,0,-3
1533864688062195,8,-1,13,36,43,2,0,3
1533864688070173,-10,-6,-14,-26,-48,-10,-3,-3
1533864688070173,-1,0,-4,-17,19,2,1,-2
1533864688086131,-3,-2,2,7,-8,-1,-1,-6
1533864688086131,-1,-3,1,13,-13,-2,3,2
1533864688087127,3,3,8,10,11,5,3,0
1533864688087127,-2,-3,-6,20,3,-5,-5,-4
1533864688109255,-2,-3,-5,-24,7,-2,-3,-2
1533864688109255,1,-2,1,-12,5,0,-1,3
1533864688110067,0,-2,1,14,7,-1,-1,0
1533864688110067,0,0,3,-2,-7,-1,0,1
1533864688122034,0,-1,0,0,1,1,0,-1
1533864688122034,-2,-1,0,8,-2,-5,-1,0
1533864688131010,-1,0,0,-5,4,2,0,-4
1533864688131010,0,6,-11,8,1,-3,-2,0
1533864688145970,1,-11,5,-5,-10,-1,-1,-2
1533864688145970,-2,-3,-1,3,0,-1,-2,0
1533864688146968,1,2,9,2,3,0,0,1
1533864688146968,0,0,-4,-5,-1,0,1,-1
1533864688168912,-3,2,-4,6,-4,-3,-3,-6
1533864688168912,-1,-1,-1,-4,-3,-1,-1,-1
1533864688169906,2,-3,-1,-2,9,0,-1,0
1533864688169906,0,-2,18,7,-5,-2,1,0
1533864688182872,2,0,7,5,7,0,-1,-2
1533864688182872,-3,-4,-3,3,1,-1,0,-1
1533864688190853,-4,1,5,-23,-14,-2,0,-3
1533864688190853,-5,-5,-5,14,11,-2,-2,1
1533864688206862,0,4,-8,-18,-24,2,-1,0
1533864688206862,0,2,1,6,32,3,1,-1
1533864688206862,-6,-4,-12,16,-8,-5,-2,-2
1533864688206862,-1,-1,-3,21,8,0,0,-2
1533864688228748,4,1,1,-44,-44,-4,0,1
1533864688228748,0,-3,-7,10,7,3,0,-1
1533864688229746,-2,-2,-5,-1,6,-6,-3,-2
1533864688229746,-1,-4,-1,-7,3,0,-3,-1
1533864688251694,0,2,5,10,12,0,1,0
1533864688251694,0,-1,2,-15,-18,-3,-1,-1
1533864688252686,2,0,-2,-3,4,-1,1,-1
1533864688252686,-1,0,0,-3,-3,-2,0,-3
1533864688266651,-1,0,-4,0,7,-1,-2,0
1533864688266651,-2,-2,-2,0,-10,-3,-4,-1
1533864688266651,0,0,0,7,12,1,-1,-2
1533864688266651,1,14,-5,-7,-9,-1,-2,-1
1533864688288608,-4,-4,-2,4,-1,-3,-1,-1
1533864688288608,-2,-1,1,31,12,-1,1,-2
1533864688290583,0,-2,2,-51,-18,-3,2,-1
1533864688290583,-3,-3,-3,-17,-12,0,-2,-2
1533864688302555,-2,-1,-2,3,2,1,-1,0
1533864688302555,-4,-2,-5,-3,-3,-2,-3,-3
1533864688311527,5,6,-5,7,12,2,0,0
1533864688311527,-1,-3,2,-3,-4,-4,-1,0
1533864688325493,-5,-3,-5,18,3,-4,-2,-2
1533864688325493,0,-2,1,-7,-9,0,0,2
1533864688332488,-2,-3,0,4,1,-1,1,0
1533864688332488,-1,-6,-1,-12,-11,0,-1,-1
1533864688349433,5,0,4,6,9,3,-1,0
1533864688349433,-2,1,-2,4,13,-1,-3,-1
1533864688350423,-3,-5,-3,20,4,-2,-3,-1
1533864688350423,-2,-1,1,3,-13,0,1,-2
1533864688371367,-4,-2,21,-28,-5,-3,-2,-1
1533864688371367,0,1,-2,-1,-4,1,1,-2
1533864688373362,1,-1,0,-5,4,2,-1,-2
1533864688373362,-1,-2,2,2,2,-2,0,-1
1533864688385333,-2,0,-8,9,5,-1,-2,-2
1533864688385333,0,0,-2,6,-5,-1,-2,-2
1533864688392314,2,3,8,-4,3,1,-1,0
1533864688392314,-4,7,-23,-18,-6,-5,-4,-2
1533864688409269,-6,-16,-7,-5,-5,-2,0,0
1533864688409269,-1,-2,3,-5,-2,0,0,-1
1533864688410262,-2,0,-5,21,1,-2,-2,-1
1533864688410262,1,3,-1,-12,-14,0,0,-1
1533864688431210,2,2,-1,0,5,0,-1,-1
1533864688431210,0,-1,2,-17,-10,-6,0,-1
1533864688433202,-2,-3,0,14,9,-3,-2,-1
1533864688433202,0,-6,0,9,11,-1,0,-1
1533864688445173,-3,0,-5,-4,-18,-1,1,1
1533864688445173,-3,-2,-2,-17,-4,0,-1,-3
1533864688452154,0,2,-1,12,-1,2,-1,-2
1533864688452154,-2,-6,0,-16,1,-2,-2,-2
1533864688469105,1,3,-8,12,-2,-2,-2,-2
1533864688469105,0,3,-28,11,11,-1,1,0
1533864688470103,-6,-8,18,-21,-24,-3,-1,-1
1533864688470103,-1,-3,4,-16,-12,-1,-1,0
1533864688491050,1,1,-3,4,-7,-2,0,-2
1533864688491050,-2,-9,-4,4,4,-1,-3,0
1533864688493042,1,1,-9,-9,0,-2,-2,-2
1533864688493042,-1,-1,1,12,2,1,-1,0
1533864688506010,-2,-1,0,-5,4,0,-1,-1
1533864688506010,-2,1,3,-7,-8,-2,-2,-2
1533864688512006,1,1,-3,-3,-5,-3,0,-1
1533864688512006,-2,-5,0,12,12,-1,-1,1
1533864688528945,1,1,-2,15,0,-2,1,-2
1533864688528945,2,-3,2,-23,8,3,0,0
1533864688529943,-6,-2,-7,-16,-23,-1,-4,-4
1533864688529943,-2,-3,-7,6,6,-2,-2,-3
1533864688550923,-3,-2,9,-4,4,0,-1,0
1533864688550923,1,-3,0,-2,-6,-2,-1,-1
1533864688552882,1,1,-2,-8,-11,-2,0,-1
1533864688552882,-4,-2,-5,5,7,-4,-4,-1
1533864688565847,-3,1,-2,3,1,2,-1,0
1533864688565847,0,2,8,14,-1,-1,-2,-1
1533864688572828,-1,-1,-3,2,6,1,0,-2
1533864688572828,1,-2,3,8,3,2,2,0
1533864688588786,-1,-2,-5,-2,4,-2,-2,-1
1533864688588786,-4,-4,-5,-3,-8,-2,-2,1
1533864688590780,0,2,2,1,5,-2,-1,-1
1533864688590780,-2,-1,4,-3,0,0,-1,-4
1533864688611724,0,2,3,-3,8,-1,-1,-1
1533864688611724,-2,-4,-23,-3,-15,-2,0,-1
1533864688612722,-1,-4,10,6,4,1,1,0
1533864688612722,2,1,4,10,0,3,1,0
1533864688625691,-4,-2,-9,-15,-5,-4,-4,-2
1533864688625691,-3,3,0,-3,-3,-3,-2,-3
1533864688632669,3,0,4,11,5,0,1,1
1533864688632669,-1,-2,-3,-3,-6,-1,0,-1
1533864688648626,-3,-1,-1,-21,5,1,-1,-2
1533864688648626,1,-1,9,-12,-1,-2,-2,1
1533864688650620,-5,-4,-9,16,-8,-6,-5,-2
1533864688650620,1,29,-13,-2,5,1,-1,-1
1533864688671564,-3,-14,-3,2,-15,-2,0,0
1533864688671564,1,0,6,20,13,3,1,-1
1533864688672569,1,-2,-3,-49,-5,-3,-1,0
1533864688672569,-2,1,-9,11,3,-4,-3,-3
1533864688685527,1,3,-3,3,7,-2,-2,-1
1533864688685527,-1,1,2,-5,-8,-2,0,0
1533864688692512,0,-2,-3,13,5,0,-2,-2
1533864688692512,-2,-12,-7,-12,-5,-3,-1,0
1533864688709463,-1,1,5,1,2,1,-1,-2
1533864688709463,-2,-4,14,11,-6,2,-2,-1
1533864688710461,1,1,27,7,20,-1,1,0
1533864688710461,-2,-8,6,37,4,-2,-4,-1
1533864688731404,-1,-2,-5,-58,-28,-1,-1,0
1533864688731404,-5,0,-6,15,0,-4,-4,-3
1533864688733400,4,-3,10,-2,-1,5,4,1
1533864688733400,-1,-6,1,26,5,-5,-2,0
1533864688745389,-4,-1,0,55,29,-2,-2,-2
1533864688745389,1,13,5,-61,-23,3,1,-1
1533864688752361,-8,-7,-24,16,-2,-5,-3,-2
1533864688752361,2,-4,8,-24,-25,1,1,0
1533864688768313,2,1,0,4,3,1,-1,-1
1533864688768313,-1,-4,-26,-1,12,-4,-2,-1
1533864688770318,-1,0,-6,7,1,1,-2,-3
1533864688770318,0,0,0,-16,-3,0,-1,0
1533864688791244,1,3,-5,3,2,-3,-2,-2
1533864688791244,0,-3,7,9,0,-1,0,-1
1533864688793239,2,7,30,-25,-5,-2,1,1
1533864688793239,-5,-9,-7,47,22,0,-1,-1
1533864688806204,-5,-6,-9,-74,-43,-6,-4,-3
1533864688806204,-2,-4,0,-2,-1,-1,-2,-2
1533864688812191,-3,2,-5,10,-1,-2,-4,-1
1533864688812191,2,15,-18,-9,2,0,-1,-1
1533864688829143,2,-12,6,26,5,0,2,0
1533864688829143,-5,-6,5,8,-3,-4,-4,-2
1533864688830140,-2,-4,-21,0,-4,-1,-2,-3
1533864688830140,-3,-3,-5,-32,-12,-1,0,-2
1533864688851084,0,4,5,23,3,0,-2,-1
1533864688851084,1,-8,-14,-17,0,-2,1,-1
1533864688853079,-2,-1,0,20,3,3,-3,0
1533864688853079,-2,-4,10,-13,-5,-1,-2,0
1533864688865047,1,2,5,8,3,-2,1,-1
1533864688865047,-2,0,1,17,7,-1,-1,-1
1533864688874031,0,1,-8,-4,-1,-2,-1,-2
1533864688874031,-1,-4,-2,-27,-10,-1,0,-1
1533864688888983,-1,2,-4,-4,2,0,0,-1
1533864688888983,1,4,4,11,-1,-1,1,-2
1533864688889980,-2,-6,-24,-14,-8,-2,-2,-3
1533864688889980,-2,-3,9,0,-2,-3,-2,0
1533864688911952,1,1,-3,12,13,1,-2,-1
1533864688911952,-3,0,8,-8,-10,-2,0,1
1533864688913924,-2,-2,-10,-15,-1,-3,1,-1
1533864688913924,2,-1,6,7,1,0,1,-1
1533864688924886,0,-1,-4,-7,-4,-3,0,-1
1533864688924886,0,2,-2,2,3,0,-2,-2
1533864688933862,-2,-8,-15,-2,-1,-1,-1,-3
1533864688933862,2,4,7,-9,2,1,0,-2
1533864688948826,-6,-4,-11,7,2,-4,-1,-2
1533864688948826,-3,-2,9,-5,-6,-1,-2,0
1533864688950817,1,14,-7,2,-2,2,-1,-1
1533864688950817,3,-13,10,24,33,4,1,-1
1533864688971762,-5,-4,-7,-24,-38,-8,-2,-1
1533864688971762,0,9,-8,7,0,0,-1,1
1533864688972760,-2,0,-1,-14,-7,-6,-2,0
1533864688972760,-6,-19,-11,-1,-3,-2,-3,-2
1533864688984727,4,6,10,23,21,5,2,0
1533864688984727,-6,-8,-7,-6,-9,-3,-3,-3
1533864688993702,2,18,1,3,-2,5,1,1
1533864688993702,-1,-4,3,-7,2,0,0,-2
1533864689008662,0,-4,-2,-3,0,-1,-1,0
1533864689008662,-1,-1,0,1,-2,-5,0,-2
1533864689010659,0,0,16,32,32,5,0,1
1533864689010659,-5,5,-9,-26,-31,-7,-2,-1
1533864689031605,0,-2,-5,-44,-17,-2,-3,-2
1533864689031605,1,-1,-3,20,5,-1,-2,-1
1533864689032600,-1,-9,2,13,7,-1,-2,-2
1533864689032600,-2,1,1,1,3,0,0,-1
1533864689044566,-2,1,6,-2,4,-2,-1,-2
1533864689044566,2,-2,3,-13,-5,1,0,1
1533864689054540,-1,-6,1,-13,-11,-2,-1,0
1533864689054540,-4,-1,10,7,-9,-4,-5,-1
1533864689069500,0,6,-4,12,5,2,1,1
1533864689069500,-1,-3,-4,-2,2,1,0,-1
1533864689070497,-1,-4,9,16,2,3,0,-1
1533864689070497,2,8,-10,-26,-9,-2,1,-2
1533864689091442,-3,-4,-2,16,7,-3,-3,-2
1533864689091442,-1,-3,3,3,18,0,-2,-1
1533864689093437,-2,-5,-7,1,-22,-2,0,-1
1533864689093437,1,1,-2,6,6,0,1,0
1533864689105405,5,1,7,8,2,3,3,2
1533864689105405,-1,-3,-5,-19,0,-5,-3,-4
1533864689114380,-9,-5,-9,-6,-7,-5,-3,-3
1533864689114380,1,0,2,23,12,4,1,0
1533864689129339,-8,-5,-3,-13,-18,-4,-5,0
1533864689129339,1,2,2,11,-9,0,-1,1
1533864689130339,-2,-5,-7,-24,-11,-5,1,-1
1533864689130339,-1,-1,5,9,-8,-2,-1,-3
1533864689151281,1,15,-18,-10,7,-2,0,-4
1533864689151281,-1,-9,-4,-17,-1,1,-1,-2
1533864689153276,-3,-4,-5,15,20,-3,-5,-2
1533864689153276,-2,-1,-4,-4,10,2,-1,0
1533864689165244,1,3,6,1,-13,2,0,0
1533864689165244,-8,-3,-8,22,7,-6,-4,-1
1533864689174226,3,10,5,-9,-14,0,1,0
1533864689174226,0,-13,15,18,14,-4,-2,0
1533864689189213,0,-4,2,-5,-6,1,0,-2
1533864689189213,4,2,0,-24,-8,3,1,2
1533864689190177,0,-1,11,-6,13,1,1,0
1533864689190177,-9,-5,-24,-20,-12,-9,-6,-5
1533864689211146,-2,-7,-3,6,-2,1,0,-4
1533864689211146,-2,-3,11,5,-14,0,0,-1
1533864689213116,3,2,-8,7,12,0,-1,0
1533864689213116,4,6,0,-12,-17,2,1,1
1533864689225131,-7,-6,-5,7,-4,-4,-3,-3
1533864689225131,2,1,-7,1,6,1,0,0
1533864689234063,-2,-3,1,-12,-10,1,0,0
1533864689234063,-1,0,-1,4,1,-2,-1,0
1533864689249021,-1,-3,2,7,7,-3,-2,-1
1533864689249021,-2,1,4,-2,-2,0,0,0
1533864689250017,-1,-4,2,-6,-2,-2,-1,-2
1533864689250017,-2,0,-5,-6,-4,-2,0,-2
1533864689270964,2,2,5,5,5,1,-2,1
1533864689270964,-4,1,0,13,-1,-1,-1,0
1533864689272961,-2,-4,-3,-19,-2,-1,-4,-1
1533864689272961,1,14,2,6,-1,1,-1,-2
1533864689285921,1,-4,-4,-4,-2,1,0,-1
1533864689285921,-2,-2,-4,4,0,-2,0,-3
1533864689293900,-5,-7,3,-5,-5,-1,0,0
1533864689293900,0,1,-3,1,-5,0,-2,0
1533864689308861,-1,-3,0,4,6,-3,-2,0
1533864689308861,0,1,-1,6,-3,-2,-1,-1
1533864689310854,-1,3,-7,-5,-4,1,-2,0
1533864689310854,-1,-6,-28,-10,-2,-1,-1,-3
1533864689331798,-3,-3,-8,6,1,-1,-1,-1
1533864689331798,0,-2,2,-11,0,-1,-3,0
1533864689332795,0,0,7,9,-1,-2,0,0
1533864689332795,0,-2,-3,-6,0,0,-2,1
1533864689353746,4,1,3,-4,9,3,0,2
1533864689353746,-1,-1,-4,-13,2,-4,0,-2
1533864689355742,-4,-6,-12,7,-20,-3,-1,-2
1533864689355742,-1,-6,3,0,2,-1,-2,-1
1533864689368729,-1,6,3,4,0,3,2,-2
1533864689368729,1,24,-20,-12,-1,-3,-1,-2
1533864689370695,-3,-21,0,25,15,-3,-3,-1
1533864689370695,-2,-4,2,-37,-29,-2,-1,-1
1533864689391642,-2,-2,5,-3,5,1,-2,-2
1533864689391642,-2,1,-3,-3,0,0,1,-1
1533864689392636,-1,5,-5,5,-5,-2,-3,-3
1533864689392636,2,2,3,11,8,-2,0,-1
1533864689413592,0,-7,-5,-3,-3,-2,2,0
1533864689413592,-8,-17,2,1,5,3,-2,-3
1533864689415576,1,6,-18,-20,-10,0,-2,-3
1533864689415576,-4,-5,6,3,1,1,0,0
1533864689428753,-2,4,-1,-5,-9,-6,-4,-2
1533864689428753,2,1,10,14,-10,1,2,2
1533864689430534,1,-3,-3,-21,10,-2,-2,-1
1533864689430534,-5,5,-4,-1,-3,-2,-1,-1
1533864689451478,-2,-2,-4,8,1,0,-1,-2
1533864689451478,-3,-5,-5,-8,-4,-1,-2,-2
1533864689453473,3,4,9,12,1,2,0,-1
1533864689453473,2,-1,4,9,0,-2,-1,0
1533864689473420,-4,-2,-3,-16,0,-3,-2,-2
1533864689473420,2,-11,7,19,6,0,-1,-1
1533864689475414,0,7,12,-9,-3,0,-1,0
1533864689475414,-2,-2,2,-2,-1,-2,-1,-1
1533864689488379,0,-5,3,12,-2,-2,0,-1
1533864689488379,0,4,-2,9,2,-2,0,-3
1533864689495361,0,1,-1,-17,4,-1,0,1
1533864689495361,-3,-3,-8,12,-2,-1,-2,-1
1533864689511318,1,4,-4,-7,-3,-2,-1,0
1533864689511318,-1,-1,-2,21,17,1,-1,-1
1533864689513313,-6,-3,0,-5,-29,-7,-1,-3
1533864689513313,5,-1,5,-23,0,5,4,0
1533864689534260,-7,-3,-6,6,-7,-7,-5,-3
1533864689534260,1,-3,0,-64,-19,3,1,-1
1533864689535254,-2,-3,-25,21,20,-1,-1,-1
1533864689535254,-2,2,16,5,0,-2,-1,-2
1533864689548223,0,3,-3,19,-3,1,-1,-1
1533864689548223,-2,-15,10,-1,-10,-4,-3,1
1533864689562184,2,0,-2,-13,-4,4,0,1
1533864689562184,0,-3,-7,8,20,0,-1,0
1533864689571158,-1,-1,3,-2,5,2,1,0
1533864689571158,-2,1,-4,28,0,-7,-4,-1
1533864689573154,2,2,8,-15,9,1,1,1
1533864689573154,-8,-27,-6,6,-25,-9,-7,-3
1533864689594097,-5,-4,6,5,3,1,-1,1
1533864689594097,0,3,-5,1,4,3,0,0
1533864689595094,-5,-4,6,30,17,0,-1,0
1533864689595094,1,9,-7,-24,-12,0,1,-1
1533864689608070,1,3,2,-28,-23,-2,-2,-2
1533864689608070,2,0,-1,-2,7,0,-1,1
1533864689615041,-3,2,14,21,4,0,0,-2
1533864689615041,-4,2,-6,12,13,0,-3,0
1533864689631026,-2,-5,-8,3,0,-1,-1,0
1533864689631026,1,3,-34,1,2,1,0,0
1533864689632992,-1,1,7,-21,-9,-1,-1,-2
1533864689632992,1,1,0,4,5,-1,0,-1
1533864689653938,0,-4,1,-10,-14,-2,2,-2
1533864689653938,-2,-3,-3,-3,3,-4,-4,-4
1533864689655933,0,-3,-8,0,-8,0,-2,0
1533864689655933,1,0,1,-3,2,-1,0,-1
1533864689667927,1,1,-7,0,4,0,-1,1
1533864689667927,-1,1,6,-6,-5,-1,1,0
1533864689674913,-3,-2,-5,-10,-5,-2,-1,-1
1533864689674913,2,4,15,3,10,1,2,0
1533864689690838,0,-1,-1,15,3,-2,-1,-1
1533864689690838,-4,-2,2,-34,-14,-3,0,-1
1533864689692833,0,1,0,15,1,-2,0,-2
1533864689692833,-2,-1,-12,-20,-1,-1,-2,-3
1533864689713778,0,-2,1,14,7,0,-1,-1
1533864689713778,-1,18,-7,-3,1,-6,-3,-2
1533864689715803,-5,-9,-8,21,8,-2,-2,-2
1533864689715803,-5,-2,-2,-17,-19,-1,-1,0
1533864689727952,-2,-2,1,-9,-8,0,0,-2
1533864689727952,-1,1,12,4,-3,0,0,-1
1533864689734752,1,0,-3,-9,0,0,0,-2
1533864689734752,-1,-2,-2,10,3,-3,0,0
1533864689751675,0,0,-2,-1,2,-1,-1,1
1533864689751675,0,-6,0,-23,1,4,1,0
1533864689752672,-1,-2,-10,17,10,-3,-1,0
1533864689752672,-2,-5,-18,-10,-34,-3,-2,-2
1533864689773630,-2,1,-3,-11,8,-2,-1,-2
1533864689773630,-3,-7,1,-14,3,0,-1,-3
1533864689775611,-1,0,10,-9,-17,-3,-1,1
1533864689775611,2,2,-5,2,8,1,0,-1
1533864689788584,0,0,-1,3,0,-4,-1,0
1533864689788584,0,-4,-1,17,-2,1,-2,-1
1533864689795592,1,1,-4,-12,-6,1,-2,-2
1533864689795592,1,3,5,10,7,-1,-3,-2
1533864689811722,-1,-3,3,-3,-4,-2,0,-1
1533864689811722,0,-2,5,3,6,-1,1,0
1533864689813513,2,19,-7,-9,4,-1,-3,-1
1533864689813513,-5,-13,5,2,-20,-7,-2,0
1533864689833460,-2,-3,1,3,0,2,0,-2
1533864689833460,-1,-1,-2,9,-10,-1,-2,-2
1533864689841434,-4,0,-4,-17,1,-3,-1,-1
1533864689841434,3,5,3,6,10,3,1,-1
1533864689847423,-4,-1,-11,-22,-7,-2,-4,-2
1533864689847423,-1,-1,5,23,0,-2,-2,-1
1533864689856395,-1,-5,1,-9,-2,0,-1,-1
1533864689856395,0,2,39,6,10,1,0,0
1533864689871354,1,-4,4,1,0,-2,0,-2
1533864689871354,1,-1,-2,-5,0,0,-2,-2
1533864689873350,0,-5,8,8,-6,0,-1,0
1533864689873350,0,1,-11,-5,3,-2,0,1
1533864689894297,1,3,-2,15,15,3,1,0
1533864689894297,-2,-2,4,-27,-14,-5,-2,-2
1533864689895295,-3,-8,-6,10,-9,0,1,-1
1533864689895295,-1,2,-6,-6,-8,2,1,0
1533864689907259,-7,-5,-6,-2,9,0,-3,-3
1533864689907259,0,0,-4,-4,-11,-2,1,1
1533864689916235,1,-3,2,-6,12,-1,-2,-1
1533864689916235,-2,-1,-8,18,0,-1,-2,-1
1533864689931195,2,-2,0,-31,-7,-3,-5,-1
1533864689931195,-3,-2,-2,1,1,0,2,0
1533864689933189,0,-1,0,-14,-23,-3,-2,-2
1533864689933189,1,0,0,14,4,-1,-2,0
1533864689954152,0,-2,2,14,7,1,-1,-1
1533864689954152,-3,-4,-5,-1,-4,-3,-3,-1
1533864689955153,-1,-1,1,8,6,-1,0,-1
1533864689955153,-2,-1,-8,-17,13,0,1,-3
1533864689967102,0,-10,8,0,-9,0,2,0
1533864689967102,-4,-4,2,18,6,-6,-3,-2
1533864689976075,-2,-2,1,-9,1,3,-1,-2
1533864689976075,-5,-8,-5,-10,-15,-8,-5,-3
1533864689991035,-1,5,-7,-8,-15,0,1,1
1533864689991035,0,1,3,3,-8,1,1,0
1533864689993050,1,-3,0,7,-9,-2,0,1
1533864689993050,0,3,3,5,40,7,-2,0
1533864690013973,-2,0,-10,-18,-32,-14,-3,-2
1533864690013973,-3,-1,-6,2,-3,1,0,1
1533864690014972,0,0,-13,-9,-4,-1,-1,-1
1533864690014972,0,0,42,4,1,2,0,0
1533864690027939,1,-1,-3,27,14,3,0,-2
1533864690027939,-2,-7,-4,-36,-1,-3,-4,-1
1533864690036913,-5,-3,-2,17,2,-5,-2,0
1533864690036913,0,6,-20,-7,-4,-3,-2,-2
1533864690050875,-2,-17,7,12,5,2,0,0
1533864690050875,3,2,5,4,0,3,0,0
1533864690052870,3,2,-3,11,13,1,-1,1
1533864690052870,-6,-1,-11,-8,-14,-3,-1,-2
1533864690073813,-1,6,5,-8,-11,-4,0,-1
1533864690073813,-1,5,4,-8,6,1,1,-1
1533864690075808,-1,-9,2,7,-6,-3,-2,-1
1533864690075808,0,-6,-14,9,7,3,-2,-2
1533864690087776,1,5,-8,-21,-5,-2,-1,-1
1533864690087776,-1,-3,-3,6,3,0,-1,0
1533864690096760,0,3,2,9,-1,1,0,-3
1533864690096760,0,2,1,-20,-17,-4,-3,0
1533864690111716,-4,-3,-6,-12,11,0,-2,-2
1533864690111716,-1,-2,-3,6,2,-1,-2,-2
1533864690112717,0,-1,-4,-10,-3,-4,-4,-1
1533864690112717,2,0,37,-8,-3,0,1,0
1533864690133654,0,1,4,14,2,-2,-1,1
1533864690133654,0,-1,-4,-3,-2,-2,-1,0
1533864690135648,-2,-3,1,-6,-8,-1,-2,-3
1533864690135648,-1,-4,-17,-3,5,0,1,0
1533864690147620,0,5,-1,10,13,1,2,1
1533864690147620,-2,-1,2,5,-4,0,-1,-3
1533864690156592,-3,-1,-8,-24,-19,-1,-1,-2
1533864690156592,-2,-2,-6,6,9,-1,1,0
1533864690171553,-1,-2,-1,-3,4,-1,-2,-2
1533864690171553,0,-2,-9,5,-5,-1,-1,-2
1533864690172550,3,0,7,11,9,2,1,0
1533864690172550,-3,10,-24,-31,-19,-6,-2,-2
1533864690193494,-3,-10,5,1,8,5,-1,-2
1533864690193494,-2,-6,-3,10,1,-3,-2,-1
1533864690195489,-2,1,-2,1,1,0,-1,0
1533864690195489,0,0,-3,19,4,0,0,0
1533864690207457,1,4,-3,-13,-8,1,-1,-1
1533864690207457,-2,1,3,-10,-4,-5,-1,-1
1533864690216432,-3,-7,0,-3,5,3,0,1
1533864690216432,-2,-5,-9,17,-7,-2,-4,-2
1533864690231396,-3,1,-5,-10,-25,-10,-3,-3
1533864690231396,2,-4,1,6,5,2,-1,-1
1533864690233387,0,5,3,-16,-7,-2,1,-2
1533864690233387,-1,-5,-1,-1,6,-1,0,-1
1533864690254339,-3,0,-7,-23,-10,-2,-4,-1
1533864690254339,-4,0,0,0,-14,-5,-2,0
1533864690255328,-2,1,-1,-8,6,-1,-2,-2
1533864690255328,0,-5,-1,9,-4,0,0,-1
1533864690276275,0,-1,-1,18,17,0,-1,-2
1533864690276275,0,-2,-5,-21,-6,0,1,0
1533864690278267,1,-1,-9,-7,2,-1,2,0
1533864690278267,3,4,50,8,-4,-2,-1,-2
1533864690290237,-5,0,0,7,3,-3,-2,-2
1533864690290237,0,-1,1,11,3,1,-1,-3
1533864690297271,-2,3,-4,-8,-9,-1,0,-2
1533864690297271,-2,-24,-6,-24,-4,1,1,0
1533864690314379,0,-5,1,10,2,1,0,0
1533864690314379,-3,-1,2,9,-1,-2,-1,-2
1533864690315168,-2,-4,-4,-28,-4,-1,-4,-1
1533864690315168,-1,5,-16,2,3,0,0,-1
1533864690336169,0,0,0,14,2,1,-1,-1
1533864690336169,0,-3,-8,-2,3,0,-3,1
1533864690338107,0,0,3,6,-1,-4,-3,-2
1533864690338107,-2,2,-9,-1,5,1,-1,-1
1533864690351072,-3,-2,-1,-8,-9,2,-1,0
1533864690351072,0,6,-2,9,3,2,-1,0
1533864690353066,-1,-3,4,2,-4,-3,0,-2
1533864690353066,1,1,-2,6,4,0,0,4
1533864690374011,1,-2,-5,8,27,1,0,-1
1533864690374011,1,5,-4,-17,-6,-3,3,1
1533864690375008,-6,-2,0,6,-19,-5,1,1
1533864690375008,-3,1,1,-12,-20,-2,-2,0
1533864690396949,0,-7,2,29,9,-1,-2,-4
1533864690396949,-2,-7,-15,-36,-3,-2,-2,-1
1533864690397947,-1,-1,0,20,13,0,0,0
1533864690397947,-2,2,-11,-27,-3,-3,-2,-1
1533864690410916,2,5,-1,-14,-9,0,-1,0
1533864690410916,2,1,8,14,9,1,-1,-1
1533864690417894,-1,-1,7,14,3,0,1,-1
1533864690417894,-2,0,-1,7,4,0,-1,-3
1533864690433873,-2,-5,-2,-2,-8,-3,0,-1
1533864690433873,-1,7,-2,1,-5,-4,-2,-3
1533864690435850,-1,-2,-3,-4,2,1,-1,0
1533864690435850,0,0,-4,10,2,-2,-2,-2
1533864690455804,-1,-2,1,-14,-7,-1,0,0
1533864690455804,-2,2,-1,7,-1,-2,-1,-1
1533864690457788,-1,-1,-2,29,13,0,-1,-1
1533864690457788,-4,-2,-5,-51,-15,-4,-3,-3
1533864690470753,-3,7,-1,12,-7,-4,-1,0
1533864690470753,-2,-6,-4,-8,1,1,-1,-1
1533864690477734,-1,-2,-8,-7,-13,-1,-2,1
1533864690477734,2,-1,14,11,14,4,2,-1
1533864690493694,-3,-7,-10,-29,-3,-4,-2,-5
1533864690493694,0,-5,-4,8,10,3,0,-1
1533864690495685,-1,-5,-5,-1,0,-4,-3,-4
1533864690495685,-3,0,-8,23,-1,-2,-3,-1
1533864690516633,2,4,5,-8,-5,0,1,1
1533864690516633,-2,-3,4,9,9,-3,-2,-1
1533864690518624,-3,-1,-9,-4,-1,-4,-1,0
1533864690518624,1,0,0,-8,-3,-4,0,0
1533864690530602,-1,-1,2,21,5,1,0,0
1533864690530602,-1,-3,-2,-6,-9,-2,1,-1
1533864690537579,1,0,4,-12,-1,1,0,-1
1533864690537579,-2,-3,-5,15,-2,-2,0,-1
1533864690553530,-2,-4,-1,15,3,-1,-2,1
1533864690553530,-1,-4,-2,-40,-8,0,-1,-1
1533864690555534,-1,2,4,-9,2,1,-2,-2
1533864690555534,0,-1,-6,20,9,-2,-2,-2
1533864690576732,-4,0,-10,-14,-22,-4,0,-1
1533864690576732,2,6,17,16,12,-1,1,0
1533864690578467,-2,-5,-4,-14,-9,-2,-1,-3
1533864690578467,-2,-9,-11,-3,-4,-5,-2,0
1533864690590432,1,1,-5,6,8,2,-1,-2
1533864690590432,-4,-3,-2,-2,-19,-6,-2,0
1533864690597608,4,0,-4,-7,7,5,2,1
1533864690597608,-2,-1,-7,12,1,-3,0,-3
1533864690613374,-4,-2,-5,-12,-5,-2,-2,0
1533864690613374,0,1,3,8,6,1,0,-1
1533864690615365,-1,0,3,2,2,-3,1,-1
1533864690615365,1,-1,-2,-7,-8,0,-1,-1
1533864690636315,-1,0,2,-1,5,2,-2,-1
1533864690636315,-1,6,-7,-1,-6,-1,-3,-3
1533864690638324,-2,-22,10,-1,-2,-1,1,1
1533864690638324,0,-4,3,2,-1,0,0,0
1533864690650275,-3,0,2,-6,-2,-3,-2,-2
1533864690650275,-2,-2,-4,5,3,-2,-2,-1
1533864690657264,-2,4,-5,1,-3,-2,-2,-2
1533864690657264,-3,3,-1,-4,-1,1,0,0
1533864690674211,-1,-4,-1,-3,-2,-2,-2,-3
1533864690674211,-1,-5,6,-2,-5,-1,1,-2
1533864690675205,-2,4,-2,13,5,-3,-2,-3
1533864690675205,0,-1,1,-15,1,1,-2,0
1533864690696153,-2,3,-6,5,4,-2,0,-1
1533864690696153,0,-3,35,3,0,-2,0,-2
1533864690698160,-5,2,0,17,-1,-3,-3,-2
1533864690698160,-4,-3,5,8,-1,1,-2,-1
1533864690711109,3,20,2,4,3,1,0,0
1533864690711109,-2,-14,-17,-5,-5,0,-3,-1
1533864690718146,3,2,0,-5,-2,-1,-2,2
1533864690718146,1,2,5,7,3,-2,-1,0
1533864690734051,-1,-1,-7,-11,-1,-1,0,-1
1533864690734051,0,1,-4,8,1,-2,-1,-1
1533864690735045,0,0,-5,-17,-2,1,-1,-3
1533864690735045,-2,3,-8,1,-2,-3,-1,-3
1533864690755998,1,-8,2,-9,-4,-1,1,-1
1533864690755998,-1,0,-7,-3,-1,0,0,6
1533864690757984,-3,-2,1,7,1,-1,-4,-9
1533864690757984,-2,0,-1,-8,-4,-2,-1,-1
1533864690769952,0,-6,4,1,-4,-2,0,-1
1533864690769952,-2,-1,-5,7,2,1,-1,-1
1533864690778928,-1,1,-4,-10,-2,-2,0,2
1533864690778928,-1,-2,-1,-2,-4,0,0,-1
1533864690793891,1,-4,-1,-4,-3,0,-2,-2
1533864690793891,-1,0,-12,0,-2,-2,-2,-2
1533864690795883,-3,2,3,-5,-2,0,0,2
1533864690795883,-1,-2,3,7,-1,-2,-1,-3
1533864690816830,2,11,-4,13,-4,-1,-2,0
1533864690816830,-7,-4,-4,-31,-3,-5,-2,-5
1533864690817823,-9,-12,-37,-15,-10,-4,-2,-3
1533864690817823,4,-7,3,9,4,-1,1,1
1533864690829795,-2,1,-1,-2,-1,0,-1,-1
1533864690829795,2,0,0,-17,-15,2,0,0
1533864690838767,-2,-1,0,-5,-3,-3,-4,-6
1533864690838767,-1,2,-10,-14,-5,-2,-2,0
1533864690853744,-2,-7,-3,6,5,-2,-3,2
1533864690853744,-4,-1,-8,15,5,-1,-3,-8
1533864690855722,1,1,10,7,-1,0,-1,1
1533864690855722,3,3,3,-31,-14,1,1,-2
1533864690876668,1,-1,8,21,21,0,2,3
1533864690876668,-4,-2,2,13,-8,-2,-1,-1
1533864690877666,0,3,1,-3,-1,-1,0,1
1533864690877666,1,3,4,24,-1,0,-1,0
1533864690889641,-3,-4,0,-46,3,3,0,-2
1533864690889641,3,3,3,42,-31,0,0,1
1533864690898611,-5,-9,-11,-31,83,-8,-7,-4
1533864690898611,-8,-4,-7,-30,-61,-6,-2,0
1533864690913571,-7,-9,-3,8,-3,-6,-6,-4
1533864690913571,0,0,0,4,0,2,0,-1
1533864690915563,4,6,10,6,-9,5,1,4
1533864690915563,0,-1,-2,10,24,0,-1,0
1533864690936506,-3,-2,-4,-4,-10,-1,-1,-2
1533864690936506,0,0,1,-11,10,-1,-1,1
1533864690938506,-1,-2,1,7,-19,1,1,0
1533864690938506,-1,8,5,2,16,-1,-5,-3
1533864690950663,-1,-1,2,4,-19,-3,0,-2
1533864690950663,1,-1,-18,-13,10,0,-1,1
1533864690959445,1,-1,34,8,-6,1,1,1
1533864690959445,-1,0,-3,7,-2,-1,1,0
1533864690974408,-3,0,-2,-7,2,-1,-5,-7
1533864690974408,-4,-4,-3,-3,9,-2,-2,-2
1533864690975402,1,2,-15,-6,-18,-2,0,-1
1533864690975402,-2,-3,-5,1,3,-3,-2,-2
1533864690996346,0,0,7,-2,0,-1,2,2
1533864690996346,-4,-4,3,11,9,-2,-3,1
1533864690998340,-11,-1,-4,-13,-16,0,-1,-7
1533864690998340,7,0,4,-3,7,2,-1,1
1533864691010308,2,-2,-5,10,-1,1,1,0
1533864691010308,-1,-1,-6,-35,-2,-4,-2,-1
1533864691019286,3,-1,2,21,15,1,1,3
1533864691019286,-8,-9,-12,-16,-33,-9,-4,-5
1533864691034245,-5,-4,-6,21,8,-5,-2,-2
1533864691034245,0,3,3,-23,-9,2,1,1
1533864691035242,0,0,-3,1,-1,0,-1,-3
1533864691035242,-4,-4,-2,3,12,2,-3,-2
1533864691056191,4,2,4,-17,-19,1,0,3
1533864691056191,-1,0,-3,5,22,-1,0,-3
1533864691058183,-1,-23,8,31,10,-2,-1,0
1533864691058183,-7,-4,-2,-4,-33,-5,-1,1
1533864691070195,-2,-6,-6,-27,0,-3,-2,-4
1533864691070195,2,-1,3,-8,-4,-1,0,-3
1533864691079125,-1,6,-8,-5,-5,-1,-2,-2
1533864691079125,1,2,2,19,20,2,-2,-2
1533864691094085,-2,-5,7,5,5,0,-1,0
1533864691094085,0,4,0,1,-9,-3,1,0
1533864691095082,2,5,2,-12,-11,2,3,0
1533864691095082,-1,-4,-1,19,15,1,0,-1
1533864691117027,-4,-1,-8,-10,9,-2,-2,-1
1533864691117027,-3,-2,4,8,-2,0,-2,-3
1533864691118062,-2,-1,-9,7,-8,-5,-2,-1
1533864691118062,1,-1,-3,-11,5,1,2,-1
1533864691129989,3,2,0,-17,-1,2,-1,-1
1533864691129989,-3,-3,2,62,25,-3,-2,-1
1533864691138966,-2,-1,-4,-41,-31,-6,-3,-1
1533864691138966,-2,0,0,17,11,1,0,-1
1533864691153925,-2,1,-3,-50,-20,-2,-1,-3
1533864691153925,0,-6,3,-12,-10,-1,-2,-2
1533864691154924,1,4,0,10,9,2,-1,0
1533864691154924,2,0,1,-1,10,1,-2,-2
1533864691176868,-2,-3,-3,16,0,-4,-3,-1
1533864691176868,0,0,-3,-3,0,2,-2,-1
1533864691177862,-1,-2,-2,-5,-5,0,-2,0
1533864691177862,-1,-2,0,-7,-1,-2,-1,-1
1533864691189830,-1,-1,3,23,11,0,0,-1
1533864691189830,-1,-2,-3,-24,-19,5,1,-2
1533864691198805,0,2,1,-5,-15,-3,-2,-1
1533864691198805,-8,-5,-10,18,14,-3,-4,-2
1533864691213766,-5,-1,1,6,-14,-5,-2,-2
1533864691213766,-1,-2,-2,-4,2,-5,0,-1
1533864691215777,1,1,0,-3,-1,0,0,-1
1533864691215777,2,3,3,-11,-4,0,0,-1
1533864691236707,1,-1,-2,4,2,-3,0,-1
1533864691236707,-1,-1,0,2,1,-1,-1,-1
1533864691237766,-3,-2,-1,6,1,1,0,1
1533864691237766,-1,0,-2,-12,-2,0,-2,1
1533864691258645,0,-2,0,10,4,2,1,0
1533864691258645,-1,0,0,0,-6,-2,-1,-1
1533864691260655,-1,3,-7,-18,-2,-2,-1,-3
1533864691260655,1,-21,11,8,2,-2,1,1
1533864691273911,-3,-4,-4,-35,0,-3,-2,-2
1533864691273911,-5,-5,-5,-4,-12,-6,-2,-1
1533864691275701,-2,-4,2,30,14,1,-1,-1
1533864691275701,-1,4,-6,-20,-25,-6,-2,-3
1533864691296644,2,2,3,21,2,0,0,-1
1533864691296644,2,-1,1,-8,7,-1,-3,-2
1533864691297641,-2,-2,-2,7,-1,0,1,0
1533864691297641,0,4,1,10,13,1,1,-1
1533864691318589,-2,-4,-4,-14,-12,-1,-3,-1
1533864691318589,-2,1,-3,12,6,-3,-2,-1
1533864691320580,-2,-2,-3,-2,7,1,-2,-3
1533864691320580,1,3,2,0,-8,-2,-1,-2
1533864691333749,0,-1,-3,8,4,0,-1,-1
1533864691333749,-1,-1,-3,-11,-5,0,-2,-3
1533864691335541,0,0,-1,13,9,-3,-1,-1
1533864691335541,-1,0,-3,-22,-8,-1,1,-2
1533864691356488,1,1,1,1,-5,2,-1,0
1533864691356488,-4,-5,1,2,-4,-3,-2,0
1533864691357481,0,0,2,21,3,-3,0,-1
1533864691357481,-4,0,-8,-39,-7,-3,-3,-1
1533864691378652,0,-9,8,-6,-3,1,1,0
1533864691378652,-1,0,0,-1,-1,-2,-1,-1
1533864691380421,-1,0,5,14,12,0,1,-1
1533864691380421,-1,-7,-9,-27,-14,-5,-3,-2
1533864691393389,-2,2,-3,47,3,-1,-1,-1
1533864691393389,-3,0,-4,-57,-5,0,1,-2
1533864691400375,1,-1,2,-12,-8,-2,-2,-2
1533864691400375,0,3,-2,21,17,1,0,0
1533864691416324,0,-2,-5,-2,-2,-4,0,0
1533864691416324,0,1,-2,22,1,0,-1,0
1533864691418323,2,0,-5,-19,-7,-2,-3,-3
1533864691418323,0,3,4,-1,4,0,0,-1
1533864691439267,-3,-2,-5,3,-5,-4,-3,-2
1533864691439267,-2,-3,-1,11,1,0,0,3
1533864691440260,-2,0,-3,-15,-18,-4,-2,-1
1533864691440260,0,0,4,29,4,1,-2,-2
1533864691453226,-3,-2,-6,-30,-10,-2,-3,-3
1533864691453226,2,1,2,-4,1,2,0,-2
1533864691460208,-1,-3,-3,-6,-3,-3,-1,0
1533864691460208,0,-1,1,10,0,0,-1,0
1533864691476168,0,2,2,-2,1,0,0,0
1533864691476168,1,1,-2,2,5,-1,-1,-1
1533864691478178,0,0,-2,5,-10,0,0,-1
1533864691478178,-3,-1,2,19,-1,1,1,-1
1533864691506127,-5,-2,-7,-13,5,-3,-2,-4
1533864691506127,1,-1,2,2,-6,0,1,0
1533864691508079,-3,-4,-5,-4,3,-1,-2,-3
1533864691508079,2,4,2,1,12,4,-1,1
1533864691513082,-1,-2,-3,3,-1,-2,0,1
1533864691513082,-2,-3,-3,3,-6,-2,-1,-3
1533864691520047,0,2,2,-2,-1,0,-1,0
1533864691520047,-2,-2,-5,-5,-5,-2,-1,0
1533864691536015,-1,0,1,5,1,-1,-3,-2
1533864691536015,-1,-2,-4,-1,1,0,0,0
1533864691537998,1,0,7,-1,8,2,0,-2
1533864691537998,-2,-3,-2,-7,-8,-5,-2,-1
1533864691558945,-2,-1,0,2,-1,0,0,-1
1533864691558945,-3,0,-4,0,-4,0,0,-3
1533864691560937,-3,-2,-2,-6,-4,-3,-2,-4
1533864691560937,0,1,3,1,5,-2,0,1
1533864691572908,1,0,6,-11,-10,-2,0,1
1533864691572908,-3,-3,-2,45,2,-3,-4,-2
1533864691581882,-4,-2,-7,-63,-12,-3,0,0
1533864691581882,-3,-3,-5,-16,0,-1,-2,-2
1533864691596973,3,-2,-4,-15,-6,-3,1,-1
1533864691596973,0,-1,2,11,11,2,0,-1
1533864691597839,2,1,1,10,-13,-1,-1,0
1533864691597839,-1,1,-2,9,2,-3,-3,-1
1533864691618944,0,-1,0,13,19,2,0,-1
1533864691618944,0,2,-1,-17,-3,4,0,2
1533864691620778,-2,-3,-2,16,2,0,1,-1
1533864691620778,-2,-1,-2,10,-19,0,0,-1
1533864691633759,-1,0,-1,-16,7,2,-3,-1
1533864691633759,0,-2,-5,-14,-2,-2,-2,-1
1533864691639727,-1,-1,-2,2,6,-2,0,-2
1533864691639727,-2,-3,-5,3,-1,-1,0,-3
1533864691656694,0,1,-2,7,10,-2,-3,-1
1533864691656694,1,-2,5,31,-7,-9,-2,1
1533864691657694,-4,-1,-5,-19,-8,-6,-2,-1
1533864691657694,-2,-2,-6,-17,-11,0,-2,-3
1533864691678630,0,-1,0,3,-2,-1,-2,-1
1533864691678630,-2,-1,-1,3,9,-1,-1,-1
1533864691680618,-5,-3,-4,-18,-23,-4,-1,-1
1533864691680618,2,-1,3,-17,7,1,1,0
1533864691693618,-3,1,-4,8,-5,-1,-1,-1
1533864691693618,-2,1,-2,11,1,0,-1,-2
1533864691699567,2,1,-1,-15,4,0,-2,-1
1533864691699567,1,-3,5,22,15,1,0,-1
1533864691716558,0,0,3,-19,-17,0,0,-4
1533864691716558,-4,-2,-5,-15,-4,-4,-1,-2
1533864691717520,0,-3,-2,24,7,2,-1,1
1533864691717520,-2,2,1,-3,-3,-2,0,-1
1533864691738464,-1,0,-2,16,-1,-7,-2,-4
1533864691738464,2,-2,-1,-14,-6,2,0,1
1533864691740459,-1,-3,0,18,14,1,0,1
1533864691740459,-1,1,-1,3,4,0,-1,-1
1533864691752431,-2,1,5,-4,-7,-1,-1,1
1533864691752431,1,2,2,-20,-4,-1,-2,-2
1533864691761401,0,-1,-5,8,-1,-2,0,-2
1533864691761401,0,-4,-4,-2,-1,-2,-1,-1
1533864691775393,-1,-4,2,13,0,3,0,-1
1533864691775393,0,-1,-5,-44,-6,-1,-2,-1
1533864691784341,2,4,13,23,4,0,-1,0
1533864691784341,-1,0,-5,-10,-5,-3,-2,-2
1533864691799304,-2,-2,4,16,11,-2,-3,1
1533864691799304,-1,-7,-2,6,-4,-2,-2,-1
1533864691800298,-1,0,-5,2,-4,-2,-1,-3
1533864691800298,-3,-3,-11,-34,-13,-5,0,-1
1533864691812266,-1,0,-1,-3,-4,-1,1,-3
1533864691812266,-2,4,0,7,4,1,-1,-2
1533864691821251,-1,-1,-2,-4,2,1,-1,-2
1533864691821251,0,0,4,3,-2,2,-3,-2
1533864691836201,0,0,-2,-1,4,0,0,-1
1533864691836201,-2,-4,-2,7,-13,-5,-3,-3
1533864691838227,1,-2,0,2,-1,0,0,-1
1533864691838227,-2,-6,-8,-31,0,-3,0,-1
1533864691859140,-5,-3,-12,-6,-3,-2,-2,-4
1533864691859140,-2,-1,1,4,3,1,-2,-1
1533864691860137,0,-1,-1,1,-3,-2,-1,-1
1533864691860137,1,1,1,17,3,2,-1,-2
1533864691872105,2,2,1,-6,-1,1,1,3
1533864691872105,-3,-1,-3,-10,-4,-3,-3,-2
1533864691881094,0,-3,-4,4,3,0,-2,-3
1533864691881094,-2,-1,-11,5,-1,0,12,8
1533864691904021,-2,1,30,-3,-4,-2,-10,-17
1533864691904021,0,-5,6,3,2,-1,-7,5
1533864691905020,-2,1,-3,-6,-1,-2,-4,-9
1533864691905020,-1,-1,0,8,-1,0,-4,-6
1533864691918980,2,-3,-11,1,-4,1,6,16
1533864691918980,1,6,-5,-8,-2,-2,3,-9
1533864691920975,-2,0,5,-3,0,-1,-1,0
1533864691920975,-4,-3,2,-3,-2,-3,-2,-3
1533864691932961,2,-1,-7,3,-1,-1,2,2
1533864691932961,-2,-2,1,-1,-1,-1,-1,-1
1533864691941921,1,-9,2,1,-2,0,2,3
1533864691941921,2,0,7,12,18,1,1,0
1533864691955882,-7,-6,-10,-3,-20,-8,-5,-2
1533864691955882,-3,-4,-4,-20,-1,-1,1,-3
1533864691957876,-4,1,-5,0,-4,-3,-1,0
1533864691957876,3,5,1,28,5,0,1,3
1533864691978820,-1,-2,0,-12,5,1,-3,-6
1533864691978820,1,3,0,6,1,2,2,1
1533864691980814,-3,-1,-2,-18,-15,-2,0,0
1533864691980814,-1,-1,2,3,9,-1,-6,-4
1533864691992784,1,3,-4,11,-5,0,1,0
1533864691992784,-2,-4,-2,-14,-19,-1,2,2
1533864692001760,1,0,-3,3,-3,3,0,0
1533864692001760,-6,-6,-5,-16,3,-3,-5,-5
1533864692016718,-3,-3,-5,-12,4,-3,-3,-2
1533864692016718,-1,1,-1,9,3,-2,1,1
1533864692017718,-1,-1,0,7,9,2,-1,0
1533864692017718,-2,3,2,-7,-17,1,0,-1
1533864692038690,-3,-2,-1,6,5,-1,1,-2
1533864692038690,0,0,-1,-2,5,-3,0,-2
1533864692040660,0,1,8,19,5,-3,0,-2
1533864692040660,-2,-3,-1,-25,-6,-4,-2,-2
1533864692052622,2,1,2,-3,-5,3,1,0
1533864692052622,-6,-7,-11,10,4,-5,-6,-6
1533864692061600,-4,-9,5,-13,-3,0,0,0
1533864692061600,-2,1,0,3,-7,0,-2,0
1533864692076560,-3,-2,1,15,9,-2,-2,-2
1533864692076560,-1,-2,5,-28,-31,-2,-1,0
1533864692078557,-1,0,-11,12,7,-1,1,1
1533864692078557,2,1,-40,-18,-6,-3,-2,-3
1533864692098541,3,3,26,2,5,2,10,15
1533864692098541,-4,3,5,13,10,0,-13,-25
1533864692100495,-1,-2,-8,-4,0,-1,-2,0
1533864692100495,-2,0,16,6,-4,-2,-2,-1
1533864692113462,1,23,-19,-9,-3,-4,-3,-5
1533864692113462,-2,-5,-1,0,3,-1,3,11
1533864692122437,-1,1,2,22,6,-2,-3,-7
1533864692122437,0,-10,-2,-29,-10,-3,0,-4
1533864692136413,0,-2,-5,-6,-14,-1,-1,-1
1533864692136413,1,0,2,8,11,1,3,4
1533864692138395,-5,-2,-7,1,15,-2,-3,-2
1533864692138395,2,7,4,5,-12,1,3,7
1533864692159351,-8,-11,-5,17,16,-2,-4,-5
1533864692159351,3,0,0,3,-3,2,1,1
1533864692160339,1,-2,-2,-11,-2,2,1,2
1533864692160339,0,0,15,28,15,2,-3,-3
1533864692181322,-2,-8,-4,-33,-19,-3,-4,-3
1533864692181322,3,-4,4,25,10,0,1,0
1533864692183316,-5,0,-6,-6,15,0,-1,0
1533864692183316,-2,-3,0,2,-9,-3,-2,-1
1533864692196238,0,-3,-2,5,1,2,-1,-4
1533864692196238,1,4,-5,10,2,-5,0,1
1533864692198234,-1,1,4,-20,-26,-4,-1,-1
1533864692198234,-2,0,-3,-7,10,0,0,-1
1533864692219211,-3,-6,-3,4,-8,-2,0,-1
1533864692219211,-5,-5,-10,-8,0,-3,-4,-2
1533864692220176,5,0,5,7,0,1,1,0
1533864692220176,-4,-5,-2,5,0,-1,-2,-2
1533864692241119,3,0,-2,-7,2,1,-3,-2
1533864692241119,-1,2,0,5,4,4,1,1
1533864692243114,-1,-2,-3,-14,-13,-2,-2,0
1533864692243114,-1,0,2,16,1,-3,-1,-1
1533864692256079,-3,-3,-2,-28,-15,-3,-1,-2
1533864692256079,-2,0,2,-5,-3,-3,-1,-1
1533864692258073,0,-2,-1,-4,6,-1,0,-1
1533864692258073,-1,0,-1,-2,-5,1,-1,-2
1533864692279053,-2,-1,-1,11,6,-3,-1,0
1533864692279053,-1,-2,0,-4,1,0,-1,0
1533864692280015,5,1,1,-2,12,5,0,0
1533864692280015,-9,-8,-6,15,-7,-7,-3,-1
1533864692300959,-2,-6,-7,-29,-17,-3,-2,-2
1533864692300959,-5,-3,0,-6,-5,-4,-4,-2
1533864692302960,0,-1,-1,0,-1,1,0,-1
1533864692302960,1,-2,1,15,6,1,1,1
1533864692315946,1,-1,-2,5,8,1,-1,-1
1533864692315946,0,-1,-1,-13,-5,-2,-1,0
1533864692322905,-2,2,0,4,-6,-3,-1,-2
1533864692322905,1,-1,8,-10,-4,1,-3,-1
1533864692338857,-3,-2,0,8,5,0,0,-1
1533864692338857,-1,1,1,-6,0,-2,-1,-1
1533864692340852,-3,-6,0,4,-14,-5,0,1
1533864692340852,4,4,-4,-16,0,0,0,0
1533864692361800,-8,-8,-9,11,-5,-6,-6,-4
1533864692361800,0,-1,-1,6,3,2,1,-1
1533864692362793,-1,5,-6,-6,-4,1,-2,-1
1533864692362793,0,-3,0,-10,-5,-1,1,-2
1533864692375926,2,3,1,7,8,1,1,-1
1533864692375926,0,-3,-5,-2,4,4,1,-1
1533864692382739,-1,-2,0,-6,-11,-4,-3,-1
1533864692382739,3,3,4,16,3,-1,1,0
1533864692398710,1,0,4,-32,-8,-2,0,0
1533864692398710,-9,-6,-10,-8,-2,-5,-5,0
1533864692400691,0,-1,-1,-14,-1,3,0,0
1533864692400691,-2,-2,-3,0,0,-1,-2,-2
1533864692421637,2,2,6,13,0,-2,1,-1
1533864692421637,3,0,2,-3,-4,1,0,-1
1533864692422633,-1,-4,-4,-4,1,-2,-2,-4
1533864692422633,-4,-2,-4,5,-2,0,0,-1
1533864692435599,-2,-2,-5,11,10,1,0,-1
1533864692435599,0,0,0,-24,-20,-7,-1,-3
1533864692442682,-6,-4,-2,21,6,-2,-4,-2
1533864692442682,-1,-1,0,-6,-1,0,-1,-1
1533864692458746,2,0,-8,-4,5,3,-1,-2
1533864692458746,-2,-2,1,9,7,-3,0,-2
1533864692460532,1,-2,13,-3,-11,-1,0,0
1533864692460532,-3,-2,-5,9,15,-2,-2,-2
1533864692481475,-2,-3,-4,-37,-28,-2,-1,0
1533864692481475,2,-4,1,9,7,-1,-2,0
1533864692483472,-4,-1,-3,-4,-7,-4,-1,-2
1533864692483472,3,1,2,-4,3,2,1,-1
1533864692495443,-3,-5,2,27,21,-1,-4,-2
1533864692495443,0,7,-3,15,-22,-3,0,-2
1533864692502449,1,1,-4,-33,-1,-4,-1,-1
1533864692502449,-1,-3,-5,11,-3,1,-1,-1
1533864692519376,-1,1,-1,-2,-5,0,-1,-1
1533864692519376,0,-2,6,-4,15,4,1,2
1533864692520373,-1,-2,-6,18,0,-1,-1,0
1533864692520373,-1,-3,0,-7,-8,-3,-2,-3
1533864692541315,0,0,-1,9,8,-2,1,-1
1533864692541315,2,-1,-1,-17,-7,3,1,1
1533864692543310,-5,-4,-4,13,2,-2,-3,-1
1533864692543310,-3,0,-3,-16,-11,-2,-2,-1
1533864692555296,-1,-3,-4,3,-2,-3,-3,0
1533864692555296,-3,-1,-1,-4,1,-2,0,1
1533864692562260,0,0,2,-8,-1,2,2,1
1533864692562260,0,-1,0,-6,-4,-1,-3,-1
1533864692579215,-1,-2,2,5,1,0,-2,0
1533864692579215,-2,-3,-1,-3,-3,-1,0,-1
1533864692580238,2,2,5,32,9,1,1,0
1533864692580238,-8,-3,-10,-45,-5,-7,-3,0
1533864692601288,-2,-1,1,-1,-5,-2,1,-2
1533864692601288,0,-2,-4,-1,3,1,-3,-2
1533864692603150,-3,0,-3,10,2,-4,-1,-2
1533864692603150,3,1,4,7,-4,0,0,0
1533864692616119,0,0,-1,-4,1,-2,-2,0
1533864692616119,-3,-4,-4,1,-2,-1,0,0
1533864692622099,1,1,-2,-5,3,2,1,-2
1533864692622099,2,0,2,7,10,-1,-2,-1
1533864692639230,-2,0,2,-4,-14,-4,-1,-1
1533864692639230,-1,-1,-1,40,19,0,-3,-1
1533864692640052,-6,-4,-11,-81,-33,-8,-3,-1
1533864692640052,-2,-1,-5,1,-3,-2,-1,-1
1533864692660995,3,0,5,10,6,3,0,1
1533864692660995,0,0,0,-9,-1,2,-1,-3
1533864692663006,1,0,1,11,6,2,-1,1
1533864692663006,2,1,2,18,16,3,-1,0
1533864692674962,1,-1,-1,-43,-21,-3,0,-2
1533864692674962,-3,0,-1,11,-11,-7,1,0
1533864692683935,-3,-3,-6,-10,7,1,-2,-2
1533864692683935,-4,-1,-2,-4,-21,-6,-1,0
1533864692699119,0,-3,-1,15,5,4,0,-1
1533864692699119,-1,-3,-3,0,8,1,-2,-3
1533864692700891,0,1,1,12,1,0,-2,-1
1533864692700891,0,1,-2,-5,-1,1,0,-1
1533864692721832,-2,-1,-3,12,6,1,-1,-1
1533864692721832,-1,-1,-1,-17,-11,-2,-2,-2
1533864692722847,0,-3,-1,9,6,-2,-1,-3
1533864692722847,-1,0,3,2,2,-1,2,1
1533864692734801,-1,-1,-2,0,-7,-3,-3,0
1533864692734801,0,0,1,15,2,1,-1,-2
1533864692743774,0,-1,-2,-41,1,2,-1,-2
1533864692743774,-3,-5,-4,12,-16,-8,-2,-2
1533864692758772,-3,-3,-2,4,4,-4,-2,-2
1533864692758772,0,0,-2,-8,-4,0,-2,-1
1533864692760759,-1,-1,0,14,-2,-1,1,0
1533864692760759,1,-1,0,-5,2,1,1,-2
1533864692781676,0,0,-1,0,7,2,-1,-1
1533864692781676,2,1,3,10,13,0,0,-1
1533864692782671,0,-1,-4,-11,-8,0,-1,0
1533864692782671,-6,0,-1,-19,1,0,-1,-1
1533864692794638,-3,-1,-4,-16,-23,-6,-2,-1
1533864692794638,-4,-3,-2,0,4,-3,-1,0
1533864692803614,1,0,3,13,1,0,0,-1
1533864692803614,2,-2,1,5,4,1,-1,-2
1533864692818652,0,1,-2,5,4,2,0,-2
1533864692818652,1,-1,-2,-15,-5,-1,-2,0
1533864692820568,-1,-1,-1,13,7,0,-1,-1
1533864692820568,2,2,1,6,4,1,1,0
1533864692841527,-4,-2,-8,0,-1,-6,-1,-2
1533864692841527,0,1,1,-16,-5,0,-1,-1
1533864692842509,-3,-4,-6,13,-1,-5,-5,-1
1533864692842509,-1,-5,1,12,10,2,-3,-2
1533864692855481,2,0,1,-10,2,2,0,0
1533864692855481,-2,-4,-3,-12,-13,0,0,-1
1533864692864457,-3,-1,-1,4,3,-2,-1,-2
1533864692864457,-1,1,1,10,0,4,3,0
1533864692878446,-1,-1,-1,-13,3,2,-1,-2
1533864692878446,0,0,-3,0,-1,-2,-3,0
1533864692880409,2,0,2,0,-10,-1,2,0
1533864692880409,-1,-2,-3,-9,-6,-6,-3,-1
1533864692901359,-1,-1,1,14,3,0,-1,-2
1533864692901359,-2,-1,-3,-4,5,2,-1,-2
1533864692903347,0,-1,-3,-5,-2,-2,-1,-3
1533864692903347,-3,1,-3,-3,-10,-3,0,-2
1533864692915315,-1,0,0,3,3,0,0,0
1533864692915315,-3,-3,2,-3,-4,-1,-1,0
1533864692924292,0,0,-6,4,1,0,-1,0
1533864692924292,-2,-2,-1,-9,-4,-1,-3,-2
1533864692939251,-1,-1,-1,5,-1,-4,-2,-1
1533864692939251,-2,-3,-4,0,-2,-4,-2,-1
1533864692940248,-2,-1,2,1,-1,-5,-1,1
1533864692940248,0,1,-1,-6,3,2,-1,-1
1533864692961193,4,4,3,0,7,4,1,1
1533864692961193,-5,-5,-8,38,-15,-9,-3,-3
1533864692963187,-7,-4,-6,-88,-13,-5,-5,-4
1533864692963187,-2,-4,1,23,-11,-2,-2,-1
1533864692975287,-4,-4,-5,-10,2,-2,-3,-2
1533864692975287,1,1,2,1,9,4,0,-1
1533864692984131,2,1,1,16,1,2,0,0
1533864692984131,-1,-1,-2,-8,-1,-2,-2,-1
1533864692999297,3,2,3,40,17,1,4,1
1533864692999297,-2,-2,-7,-77,-29,-4,-2,0
1533864693000090,-3,0,-1,13,8,-1,-1,0
1533864693000090,-1,-2,2,-10,-3,-1,0,-1
1533864693021033,-2,-1,3,26,-4,-1,-3,-3
1533864693021033,-1,-1,-3,-21,2,-1,-3,-1
1533864693023027,0,-2,0,10,3,1,-1,0
1533864693023027,1,-1,-3,-11,-3,-1,0,-2
1533864693035201,-4,-2,-3,-7,-8,-5,-1,-1
1533864693035201,-1,0,0,21,11,2,-1,-2
1533864693043971,0,1,2,-10,-20,-4,0,0
1533864693043971,2,-2,-6,22,24,-2,0,0
1533864693058975,-2,-2,0,-48,-34,-4,-1,1
1533864693058975,-1,-2,-3,31,19,-2,-2,-2
1533864693060935,-1,0,2,26,1,-3,-3,-1
1533864693060935,1,0,2,-25,-4,5,1,1
1533864693080872,-6,-4,-3,20,-6,-1,-1,-1
1533864693080872,1,1,0,-12,-2,0,2,1
1533864693082866,-3,-2,-6,-22,-9,1,1,0
1533864693082866,-4,-3,-1,4,17,-1,-5,-2
1533864693103810,2,0,-3,-19,-9,-5,-3,0
1533864693103810,-3,-2,-4,27,2,-3,-2,-4
1533864693105847,0,-1,4,27,12,1,-3,-1
1533864693105847,-1,2,-5,-15,-13,-3,-2,-1
1533864693118985,0,0,0,-2,10,3,0,1
1533864693118985,-4,-4,4,-7,-7,0,1,-1
1533864693120767,1,0,0,16,15,2,-2,0
1533864693120767,-1,-2,-2,-17,-13,-2,0,-1
1533864693141710,-1,2,1,34,21,-2,0,-3
1533864693141710,1,0,-5,-43,-23,-2,0,-1
1533864693142707,1,1,2,5,10,-1,1,-2
1533864693142707,-1,-3,3,28,16,4,-2,-2
1533864693171644,-5,-5,-9,-25,-19,-7,-4,-2
1533864693171644,-2,-1,2,9,-8,2,0,0
1533864693172641,0,1,-1,-4,0,1,1,-1
1533864693172641,0,2,-1,20,-1,-3,-1,-2
1533864693178796,0,-1,0,-29,7,-2,-2,-3
1533864693178796,0,-4,4,7,-4,-1,1,0
1533864693180606,0,-1,-6,-7,-10,-3,-1,-1
1533864693180606,-1,0,8,20,13,-4,1,-2
1533864693201550,0,-6,-11,-28,-22,-1,-4,-2
1533864693201550,-1,5,1,6,4,-2,1,1
1533864693202547,-3,-5,-9,-3,-7,-1,0,-1
1533864693202547,-3,0,-2,-13,-5,-2,-3,0
1533864693224490,1,1,4,20,25,5,2,1
1533864693224490,5,3,1,1,-2,2,0,0
1533864693225486,-6,-4,-7,6,-1,-5,-4,-3
1533864693225486,-6,-2,2,-4,-4,-2,1,-1
1533864693239458,-1,0,2,6,-1,-2,-1,-2
1533864693239458,3,2,1,-2,11,0,-2,-2
1533864693240472,2,2,3,5,6,1,1,-1
1533864693240472,-1,-5,-4,-11,-15,-7,-3,0
1533864693261390,-3,-5,-6,-4,6,2,-1,0
1533864693261390,-1,-3,-7,3,-1,-2,1,1
1533864693263385,2,3,1,14,5,3,-1,-1
1533864693263385,-2,1,-2,-29,-26,-3,-4,-2
1533864693284330,-2,-3,0,9,7,-1,-3,-1
1533864693284330,-2,1,-4,-10,-4,2,-3,-1
1533864693285326,-3,-1,-1,-5,-9,-2,-1,-2
1533864693285326,1,1,-3,18,6,4,1,-1
1533864693298294,2,1,0,27,5,-1,2,0
1533864693298294,-7,-6,-8,-27,-4,-7,-7,-3
1533864693305273,-2,-1,-2,2,-8,-2,0,-1
1533864693305273,-1,0,-5,-6,-2,-1,-1,0
1533864693321230,-2,-1,4,-4,-4,-1,1,-1
1533864693321230,-1,-1,-1,18,9,2,1,0
1533864693323224,1,2,4,14,13,1,-2,0
1533864693323224,-4,-3,-8,-39,-24,-5,-2,-4
1533864693344168,-2,-3,-2,-13,-5,0,-2,0
1533864693344168,-1,-2,-2,2,-19,-5,-2,-1
1533864693345166,-1,-1,2,-9,-1,2,1,-1
1533864693345166,0,1,-2,0,6,3,-1,0
1533864693358131,-2,-3,-6,18,6,1,-1,-3
1533864693358131,-5,-3,0,-5,-6,-4,-1,-2
1533864693365321,0,0,0,9,1,0,1,0
1533864693365321,0,-1,1,-4,-4,-2,0,1
1533864693381073,-2,-1,0,-2,1,-1,-1,-1
1533864693381073,0,1,1,-12,5,0,-4,-1
1533864693383063,-1,-2,-3,14,-2,-3,-3,-3
1533864693383063,-5,-5,-10,-26,-2,-4,-3,-3
1533864693404008,0,0,3,-8,-5,0,-1,-1
1533864693404008,1,2,1,28,12,-4,-1,-1
1533864693405005,-3,-2,-2,-51,-40,3,1,-1
1533864693405005,1,-2,3,32,19,0,0,-3
1533864693417974,-3,1,-5,-8,-12,-6,-3,-1
1533864693417974,-1,-1,0,7,14,1,0,-2
1533864693424952,0,-3,-1,-4,-5,-3,-1,-1
1533864693424952,-1,-1,9,11,0,1,0,0
1533864693440909,0,-5,-11,-10,4,0,-1,-1
1533864693440909,-1,-1,0,8,-3,0,-3,-1
1533864693442918,-3,-5,-6,-6,0,-4,-4,-1
1533864693442918,-1,0,1,-4,-5,-1,-1,-1
1533864693463851,1,1,5,6,3,1,1,0
1533864693463851,-1,-1,-2,-8,-10,1,0,0
1533864693465847,-2,-2,-2,2,9,-3,-4,-1
1533864693465847,0,1,-3,2,0,-1,-1,-2
1533864693477839,0,-1,-1,-5,-1,0,0,-1
1533864693477839,-2,-2,-1,1,0,1,0,-2
1533864693484796,-1,1,2,-10,-9,-1,-1,0
1533864693484796,-2,-2,-2,30,1,0,-1,-1
1533864693501752,-2,1,-2,-12,1,-3,-3,0
1533864693501752,-2,-3,-2,-2,3,1,-2,-1
1533864693502743,-1,-1,-2,4,3,0,0,-1
1533864693502743,-1,-1,-2,14,2,-1,-1,0
1533864693523688,-2,1,0,-20,9,3,1,-2
1533864693523688,0,0,9,4,-13,-5,0,0
1533864693525686,2,-1,-3,-21,-26,-4,-1,-2
1533864693525686,-5,-6,-16,7,2,-3,-2,-2
1533864693538648,-2,-3,-1,12,2,-1,-2,-1
1533864693538648,0,-1,2,-4,9,1,-1,-1
1533864693544636,0,1,0,24,15,-1,0,1
1533864693544636,4,3,5,-50,-13,2,0,1
1533864693561590,-3,-3,-6,7,-3,-3,-1,-3
1533864693561590,-2,2,-5,6,2,1,0,0
1533864693563581,-3,-2,6,-4,2,-1,-1,0
1533864693563581,0,-1,0,11,3,-2,-3,-1
1533864693583531,-1,1,0,6,-8,-1,-1,1
1533864693583531,-1,-2,-3,-12,-4,-1,0,0
1533864693585522,0,-2,-4,6,8,0,0,-1
1533864693585522,-2,0,-1,-5,1,-1,-1,0
1533864693597697,0,0,4,-4,-8,0,-3,0
1533864693597697,0,-3,-1,6,3,0,-1,-1
1533864693606467,-1,-2,-2,-10,2,2,-1,-2
1533864693606467,-1,-2,-1,-4,-3,-3,-1,-1
1533864693621427,-2,-2,-3,1,-5,-2,1,-3
1533864693621427,-1,-1,-4,-6,-1,-1,-1,-3
1533864693623422,-1,0,3,5,-1,-1,-3,0
1533864693623422,0,-1,-3,-7,0,-1,-2,-1
1533864693644365,0,1,0,1,-2,-5,-1,-1
1533864693644365,-1,0,-3,-5,-4,-2,0,-1
1533864693645366,0,1,-1,-2,3,0,-1,-2
1533864693645366,0,0,-1,0,-2,-1,0,0
1533864693657334,0,-1,0,-2,-3,0,0,0
1533864693657334,0,-1,0,11,-2,-1,-2,0
1533864693666324,-3,-6,-4,-5,4,1,0,-3
1533864693666324,0,1,0,-5,3,0,0,1
1533864693681467,0,-1,1,11,0,0,0,6
1533864693681467,-2,17,-14,-18,-6,-5,-4,-13
1533864693683271,-1,0,1,8,4,1,2,1
1533864693683271,-1,-22,8,-15,-15,2,3,1
1533864693704330,-5,-4,1,20,12,-3,-3,-5
1533864693704330,-2,-2,-2,-4,-8,-2,-2,2
1533864693705203,-3,0,-8,16,8,-5,-2,-3
1533864693705203,0,4,-6,12,8,-1,0,0
1533864693717256,2,1,-3,-31,-32,-4,0,0
1533864693717256,0,-9,2,-20,2,0,1,0
1533864693726169,-1,1,-1,-4,-8,-1,0,-2
1533864693726169,2,0,3,12,2,1,0,0
1533864693741124,-3,-3,-4,2,8,0,-1,-4
1533864693741124,1,-1,2,-1,5,3,0,-1
1533864693743101,-5,-5,-4,-4,-11,-9,-6,-1
1533864693743101,-4,5,-5,-1,-1,1,-2,-3
1533864693764251,0,-1,1,25,7,-1,0,-2
1533864693764251,-5,-5,-1,-20,-5,-4,-2,-3
1533864693765042,2,0,4,-10,-5,0,1,0
1533864693765042,1,3,4,-15,-12,0,-1,-2
1533864693778007,-2,-3,-6,25,38,4,-3,-3
1533864693778007,-3,-5,-1,-21,-48,-5,0,2
1533864693786985,0,-1,-4,-17,-21,-1,0,-2
1533864693786985,-2,2,0,0,7,-1,-4,-3
1533864693801951,2,1,1,7,-1,1,-1,-1
1533864693801951,-3,-3,-2,-2,10,-3,-3,0
1533864693802941,0,1,0,19,12,2,-1,-1
1533864693802941,-2,0,-4,-3,-3,-3,1,-1
1533864693823889,2,1,1,-38,-8,-3,2,1
1533864693823889,-2,-5,-4,14,-6,-2,-4,-2
1533864693825884,0,-2,-2,-20,-3,0,0,0
1533864693825884,-1,-2,-2,5,9,0,1,-3
1533864693837851,-2,-1,-2,-9,-11,0,-2,-1
1533864693837851,1,0,3,16,12,-1,-1,2
1533864693846824,-1,0,1,2,2,2,-1,0
1533864693846824,-2,-1,-4,0,-3,-2,-2,-2
1533864693861788,0,16,-10,-8,-5,-1,-2,0
1533864693861788,-2,-3,10,11,8,1,2,-1
1533864693862782,-3,-1,-1,-3,1,-2,-1,-1
1533864693862782,-2,-3,-5,1,3,-2,0,-1
1533864693883928,2,2,1,-4,-13,-2,2,7
1533864693883928,-1,-2,-2,0,7,1,-2,-10
1533864693885738,-5,0,-3,1,1,-1,8,1
1533864693885738,0,3,-1,-2,-8,-3,-14,1
1533864693898002,-1,-8,-10,-3,-2,-1,-2,-4
1533864693898002,1,1,-1,3,4,0,1,0
1533864693906849,0,-3,1,1,3,-1,-2,-4
1533864693906849,-3,0,0,5,-2,0,4,4
1533864693921792,-1,-4,4,-6,0,-1,-2,0
1533864693921792,-5,-1,-2,11,7,0,-4,1
1533864693922786,5,2,2,-4,8,3,1,2
1533864693922786,-5,-4,-1,-8,-19,-2,1,-1
1533864693942734,-5,-6,0,-19,-4,-3,-2,-3
1533864693942734,2,2,-2,7,10,2,3,0
1533864693943731,-4,-2,-3,-7,-7,-5,-6,0
1533864693943731,3,-7,11,8,2,1,0,-2
1533864693965675,-1,-5,4,0,4,-3,-2,-3
1533864693965675,4,2,4,-3,-3,3,4,6
1533864693966669,-3,-4,-4,-10,-16,-4,-5,-3
1533864693966669,-2,1,-4,0,22,2,-3,-4
1533864693980631,-2,0,2,-19,-26,-6,-1,-3
1533864693980631,-4,-3,-7,-10,-31,-3,-1,1
1533864693981629,2,3,-2,9,37,4,-3,-3
1533864693981629,-1,1,-6,-13,-17,-7,0,-3
1533864694003570,-2,-3,4,11,6,-3,0,-1
1533864694003570,-2,-3,-6,-10,-6,-2,-3,-4
1533864694004568,0,1,5,8,-1,2,-1,-1
1533864694004568,-5,-3,-7,0,-6,-5,-4,-1
1533864694025513,1,-3,2,10,13,5,1,0
1533864694025513,-1,-2,-3,0,-3,-3,0,-1
1533864694026510,-1,-1,-3,2,-12,-2,-1,1
1533864694026510,3,1,-1,3,5,1,-1,-2
1533864694040494,2,4,4,-7,-10,1,-1,-1
1533864694040494,-6,-5,-4,3,4,-2,-2,-3
1533864694041469,-1,-1,1,-4,1,-2,-2,-1
1533864694041469,-2,0,-3,5,0,-3,-3,-3
1533864694063436,-7,-5,-10,6,-4,-2,-2,-1
1533864694063436,5,17,-12,-11,10,0,-1,2
1533864694064411,-3,-13,5,18,6,-3,-1,0
1533864694064411,-6,-2,1,-3,-4,0,-1,-2
1533864694085351,1,-2,5,16,-7,-5,0,-2
1533864694085351,-1,-5,-7,-30,16,2,-2,-3
1533864694086349,-1,1,-4,12,-6,-1,-2,-4
1533864694086349,2,2,-5,-4,2,1,1,-1
1533864694100314,1,1,-3,0,11,1,-1,0
1533864694100314,1,1,5,19,-2,-2,0,-1
1533864694101309,0,1,-1,-38,-7,2,1,-1
1533864694101309,-4,-6,-1,15,-9,-5,0,0
1533864694123250,-1,3,-2,1,10,4,-1,-2
1533864694123250,0,-3,2,17,-7,-6,-4,-1
1533864694124248,-2,1,-6,-13,-2,-2,-3,-1
1533864694124248,1,2,-1,-11,-26,0,-1,-1
1533864694146192,-2,-5,7,31,8,-6,-3,-2
1533864694146192,-6,-7,-10,-57,-12,-2,-2,-1
1533864694146192,-2,-2,0,16,9,1,1,-1
1533864694146192,2,0,0,-7,0,1,1,1
1533864694161152,-2,0,-2,0,-5,0,-2,0
1533864694161152,1,-4,4,24,10,0,-1,-2
1533864694161152,0,4,-3,-5,-12,-6,-2,-1
1533864694161152,1,0,0,-4,9,2,-2,-1
1533864694183324,-1,-2,-2,-6,-10,1,0,-1
1533864694183324,0,-3,2,9,2,-1,0,-1
1533864694184119,-2,0,-2,-6,-4,-3,0,1
1533864694184119,-3,-4,-1,7,6,-3,-2,-2
1533864694206063,2,0,-1,-16,-3,-2,-1,0
1533864694206063,-2,-2,-1,19,7,-1,-2,0
1533864694206063,0,19,-2,6,-7,-1,-1,-1
1533864694206063,-1,-5,-3,-6,22,0,-3,0
1533864694221029,-5,-3,-4,-35,-21,-1,-1,-2
1533864694221029,2,-1,6,23,-6,-2,1,0
1533864694222019,-1,-4,-4,-12,8,0,-3,-4
1533864694222019,-5,2,-3,7,-8,-3,-2,-1
1533864694243183,2,5,8,0,2,4,0,-1
1533864694243183,0,-3,-5,7,8,2,-1,-1
1533864694243959,-5,-7,-3,-21,-11,-4,-2,-2
1533864694243959,0,-2,-2,1,-4,-4,0,0
1533864694265903,-1,-4,-4,-2,3,-2,-2,-3
1533864694265903,-2,1,2,8,4,0,0,-1
1533864694266897,1,-3,-1,-4,-14,-3,0,-2
1533864694266897,-1,-2,4,2,6,-1,-3,-3
1533864694281982,-2,1,-3,4,-5,-1,-1,-1
1533864694281982,1,1,0,-10,4,0,-1,-1
1533864694282855,-2,-4,-2,13,0,0,-1,-1
1533864694282855,-3,0,-3,-12,0,0,0,-4
1533864694302801,-5,-3,0,13,6,-4,-2,-1
1533864694302801,-1,0,1,-18,-22,-4,-1,1
1533864694303812,-1,-6,1,-11,-7,-3,-1,2
1533864694303812,1,1,0,8,6,0,0,0
1533864694325743,0,0,-5,7,21,4,-1,-3
1533864694325743,-1,-1,3,-5,-10,-3,2,-1
1533864694326737,-1,3,4,23,-11,-1,1,-1
1533864694326737,-3,-5,-9,-31,-6,-5,-3,-3
1533864694340703,-4,-3,-2,1,-3,-5,-3,-1
1533864694340703,-4,0,0,-3,0,-3,-4,-2
1533864694341707,0,0,2,6,8,3,0,0
1533864694341707,1,2,6,0,-11,1,1,0
1533864694363638,2,-4,-7,1,-3,0,1,-1
1533864694363638,1,0,0,-7,3,1,-3,-1
1533864694363638,-1,-2,-2,1,-4,-2,-1,-2
1533864694363638,-1,-1,-3,18,22,-2,-1,1
1533864694385583,-5,-1,-2,-30,-23,-4,-3,1
1533864694385583,0,0,5,44,12,3,2,-1
1533864694386578,-6,-7,-10,-48,-8,-6,-1,-4
1533864694386578,3,0,1,6,-1,1,0,0
1533864694409518,0,-1,0,3,1,-1,-1,-4
1533864694409518,0,7,-5,-2,-5,-1,-2,-2
1533864694409518,-1,-23,10,17,9,1,-1,-1
1533864694409518,-4,-6,-3,-4,-6,0,0,0
1533864694423532,1,-1,-3,1,-4,0,0,-1
1533864694423532,-2,-4,-4,-12,-1,-2,-1,-1
1533864694424484,1,4,-2,2,4,0,-2,-1
1533864694424484,-3,0,-3,-2,-5,-3,-1,0
1533864694445464,1,-3,3,3,0,-2,-1,0
1533864694445464,-3,-2,-1,-17,-6,-2,-1,-2
1533864694446422,-2,2,-5,13,13,0,-2,0
1533864694446422,0,0,3,10,8,0,-2,-1
1533864694460423,-2,4,-4,-28,-38,-7,1,2
1533864694460423,-2,-2,-1,7,-6,1,-1,-1
1533864694461378,-3,0,-8,-28,-11,-1,-3,-1
1533864694461378,-3,-1,-4,15,9,3,0,-2
1533864694483318,-1,-2,2,4,16,2,-1,-3
1533864694483318,0,-1,3,-7,-5,-1,1,-2
1533864694484316,4,5,4,7,-4,1,0,-1
1533864694484316,0,3,1,-6,-3,-2,-1,-2
1533864694505263,-2,0,-3,13,2,-1,-2,-1
1533864694505263,-1,-1,0,-26,5,2,-2,0
1533864694506257,6,6,4,4,18,-1,0,1
1533864694506257,-9,-7,-11,-3,-26,-9,-6,-4
1533864694520387,-4,-3,1,20,-6,-1,-1,-2
1533864694520387,-1,-2,-5,-20,0,0,2,2
1533864694521385,-3,-2,-2,20,14,1,-1,-1
1533864694521385,4,0,4,-13,1,3,-1,0
1533864694543328,0,-1,0,-3,5,-2,-2,-2
1533864694543328,0,-2,-1,16,6,3,-2,-2
1533864694544322,0,0,-1,-8,-3,-1,1,-1
1533864694544322,2,1,6,2,-12,-1,0,0
1533864694566267,-3,0,-4,15,21,-2,-3,-2
1533864694566267,-2,-2,-7,-10,-7,-4,-2,-3
1533864694566267,-1,-1,-1,-20,1,1,-2,-2
1533864694566267,-2,-2,-4,0,-7,0,-1,0
1533864694581227,2,1,5,5,11,-2,-1,1
1533864694581227,-1,-1,-2,7,13,2,-2,-1
1533864694581227,-2,-1,-2,9,-16,-5,-2,-1
1533864694581227,1,3,7,7,-3,-1,-1,0
1533864694603170,4,3,2,-27,0,0,-1,-4
1533864694603170,-6,-7,-9,12,2,3,-1,0
1533864694604162,-2,0,-3,-4,-13,1,2,0
1533864694604162,1,-1,1,13,16,1,1,-2
1533864694626121,2,2,-1,-10,-5,3,1,0
1533864694626121,-2,-4,9,4,-11,-10,-6,-3
1533864694626121,-4,-2,-4,10,1,-2,-1,-2
1533864694626121,-1,0,0,10,4,0,-1,0
1533864694640069,-2,3,0,-3,-3,0,0,0
1533864694640069,2,1,2,-19,11,1,0,-1
1533864694648048,-2,-7,-11,-1,-16,-5,-5,-2
1533864694648048,1,-1,-4,-16,-5,-2,-1,-1
1533864694663004,-3,-4,-4,0,-6,-2,-1,0
1533864694663004,1,2,4,27,15,1,1,-1
1533864694664021,-3,-1,-3,-46,-23,-7,-3,-3
1533864694664021,-4,-3,-4,4,-4,0,-1,-3
1533864694685942,1,-2,1,-4,4,3,0,1
1533864694685942,3,2,1,9,0,1,2,1
1533864694686941,-3,-3,1,23,7,-1,-3,-4
1533864694686941,0,0,-1,-11,-4,-3,1,0
1533864694699992,-3,-2,5,5,1,-2,-2,0
1533864694699992,1,-2,-4,-6,0,-2,-1,-1
1533864694708081,1,-1,-2,-7,-17,-2,0,-1
1533864694708081,-2,0,-1,-12,4,-1,-1,-2
1533864694723842,0,-1,0,19,3,-1,-1,1
1533864694723842,-3,-1,-3,-31,-18,-3,-3,-2
1533864694723842,0,0,0,17,15,2,0,0
1533864694723842,-1,-4,-1,5,-5,-1,0,-1
1533864694745783,-2,-1,8,-13,-3,-2,0,1
1533864694745783,-5,-5,-12,-8,-9,-1,-2,-2
1533864694746781,3,1,2,3,2,3,1,-1
1533864694746781,2,-2,-3,4,9,-2,-6,0
1533864694759750,-2,-3,-5,3,8,0,-2,-1
1533864694759750,-3,-1,2,24,-7,-3,-1,2
1533864694767728,-1,2,8,-28,-10,2,1,-1
1533864694767728,-1,-3,-9,-12,1,1,0,-1
1533864694783682,-1,-1,-5,-3,-4,-2,0,-1
1533864694783682,1,-1,0,-7,-5,-1,-1,-4
1533864694783682,0,0,6,-9,-8,-2,1,0
1533864694783682,0,-1,0,22,12,0,-2,-1
1533864694805623,-4,-1,-5,-39,-11,-3,0,-2
1533864694805623,0,-2,-3,17,6,-1,-1,-2
1533864694806638,-2,-1,-5,22,4,-1,-2,-1
1533864694806638,1,0,0,-41,-10,-2,0,-1
1533864694819585,-2,-2,-5,9,-5,0,-2,0
1533864694819585,-1,1,2,6,5,-1,-1,0
1533864694827568,0,-1,-2,3,9,-2,-2,0
1533864694827568,0,6,2,-19,-13,-4,-2,-1
1533864694843526,0,-5,-5,11,4,0,0,-2
1533864694843526,0,-2,2,-16,-7,-1,-4,-1
1533864694843526,-2,-6,1,10,6,0,-1,-2
1533864694843526,-2,0,-2,8,-2,1,-2,-1
1533864694865482,0,1,-2,-1,-2,-1,-1,-2
1533864694865482,-1,0,-3,-8,-7,-1,0,-1
1533864694866460,-2,3,-9,-2,1,-2,0,1
1533864694866460,-1,2,4,2,1,-2,0,-1
1533864694880423,-1,-5,-2,2,0,0,-2,-4
1533864694880423,-3,-4,0,-9,-8,-3,0,-1
1533864694888402,0,-3,-6,7,6,0,-1,-2
1533864694888402,0,-3,-1,3,-2,0,0,2
1533864694903386,0,-2,-4,-7,-1,0,0,5
1533864694903386,-1,2,0,20,3,0,-4,-8
1533864694904359,1,1,2,-27,-5,-3,-1,-2
1533864694904359,-5,-5,-5,-9,1,-3,-2,-1
1533864694926302,0,14,2,-2,-5,-2,1,4
1533864694926302,-2,-4,-1,1,1,-4,-2,-5
1533864694926302,-1,2,2,25,13,2,-3,-1
1533864694926302,-3,-6,1,-21,-19,-1,0,-2
1533864694940266,0,-1,-3,1,4,-1,-3,-2
1533864694940266,-2,0,-2,-4,1,2,0,4
1533864694948245,2,0,6,1,1,1,1,-1
1533864694948245,-3,0,-7,-20,-8,-5,-3,1
1533864694963202,-2,-2,-4,10,1,-2,-2,-3
1533864694963202,-2,-4,-6,4,-5,-4,-2,-2
1533864694964199,-3,-3,-1,-7,-4,-1,-3,-1
1533864694964199,3,1,4,18,9,3,1,2
1533864694986141,2,-3,4,38,7,4,2,-1
1533864694986141,-4,-3,-3,-50,-35,-6,-3,0
1533864694986141,-2,0,-3,18,11,0,-1,-1
1533864694986141,-3,-5,-7,-41,-30,-5,-4,-6
1533864695016061,-6,-5,-2,-2,-7,-3,-4,-3
1533864695016061,5,7,5,9,7,3,3,4
1533864695017059,-6,-7,-7,0,-18,-6,-2,-2
1533864695017059,2,-1,4,14,29,3,1,-1
1533864695023131,1,-2,0,0,-7,-2,-1,0
1533864695023131,-1,-1,-1,-11,-6,1,-1,0
1533864695024039,1,1,-1,-9,2,0,1,-1
1533864695024039,1,0,-1,23,8,1,1,-3
1533864695045984,-3,-3,-3,-17,-7,-3,1,-1
1533864695045984,1,1,-1,-2,7,-1,0,1
1533864695046978,0,-1,-1,10,7,2,-2,1
1533864695046978,-2,0,-2,-1,-4,-1,-1,-1
1533864695068952,1,-1,0,-16,-5,-2,-2,-1
1533864695068952,0,9,-3,19,6,-2,-2,-2
1533864695069919,-4,-17,0,-13,7,-2,-2,-3
1533864695069919,-3,-2,-1,-19,-32,-2,-5,-1
1533864695082882,1,1,1,-11,3,0,-3,-1
1533864695082882,-2,-3,-3,17,7,0,-2,-1
1533864695083878,1,5,-1,9,-1,-2,1,0
1533864695083878,-1,0,-3,-4,4,-1,0,-2
1533864695105824,2,-5,-1,-2,-1,0,0,5
1533864695105824,0,-5,1,3,3,0,-2,-10
1533864695106817,2,5,3,8,6,0,-1,0
1533864695106817,-1,-4,0,7,-7,-1,-2,0
1533864695128957,-2,1,-5,-8,-5,-2,-2,-3
1533864695128957,0,-2,1,-15,1,0,2,3
1533864695129757,3,3,1,-1,15,0,0,0
1533864695129757,-8,-3,-5,24,-8,-5,-4,-2
1533864695142725,-2,-1,0,6,3,-1,2,-1
1533864695142725,0,0,0,-9,6,-1,-1,1
1533864695143718,-1,-1,-5,-5,-11,-3,-1,-1
1533864695143718,2,0,5,5,15,-1,-1,0
1533864695165663,-5,-2,-3,1,0,-2,-2,-4
1533864695165663,0,-3,2,14,1,0,1,1
1533864695166659,-1,1,-6,-61,-27,-1,-1,-2
1533864695166659,0,-2,-3,7,-12,-4,-3,-1
1533864695188603,-3,-1,-4,-7,12,1,-3,-3
1533864695188603,1,1,2,12,8,-1,0,0
1533864695189597,-2,-1,-5,-24,-37,-4,-3,-1
1533864695189597,0,1,3,-12,-18,-3,4,1
1533864695203559,-3,-3,-2,-1,3,-2,-2,-4
1533864695203559,-3,-3,-6,-9,3,2,-2,0
1533864695203559,-2,0,0,17,8,0,0,-1
1533864695203559,1,3,2,-2,12,2,-2,-3
1533864695225503,2,3,4,1,2,4,2,3
1533864695225503,-2,10,-12,13,-10,-1,0,-1
1533864695226515,-4,-16,5,-10,4,-1,0,-2
1533864695226515,-2,-6,-1,3,-2,2,1,-1
1533864695249444,0,-2,0,4,2,-2,-1,-1
1533864695249444,-1,-2,-1,-8,-3,-1,-3,0
1533864695249444,1,5,0,12,7,1,1,-1
1533864695249444,0,3,-3,4,10,-1,-3,0
1533864695263399,-1,-3,4,-11,-3,-3,0,-1
1533864695263399,6,0,8,48,43,10,4,-1
1533864695264396,-10,-4,-11,-58,-41,-7,-4,-2
1533864695264396,-9,-6,-6,2,-15,-8,-3,-1
1533864695285344,-1,3,-1,-3,-8,1,-2,-1
1533864695285344,-2,-6,-2,-11,-22,-7,-1,-1
1533864695286352,3,4,4,25,22,6,1,1
1533864695286352,2,4,-2,-4,13,2,1,-2
1533864695309280,-1,-1,-1,-3,-4,-2,-1,-1
1533864695309280,-2,-5,0,-13,-4,-4,0,-1
1533864695309280,1,-2,0,14,6,-2,0,-1
1533864695309280,-2,-2,0,-6,-1,0,0,-1
1533864695323239,0,-3,-1,12,2,-3,0,-1
1533864695323239,-2,-4,0,-14,4,2,0,-1
1533864695324236,-2,3,-3,11,0,-1,-1,1
1533864695324236,-1,0,-2,-11,3,0,-1,-2
1533864695345183,-3,-2,-4,21,-4,-6,-4,-3
1533864695345183,-5,-3,-2,-31,-18,-4,-5,-4
1533864695346178,0,0,-1,17,6,1,0,-1
1533864695346178,2,0,2,2,9,4,0,1
1533864695369120,2,-1,-3,-8,-5,-2,0,-1
1533864695369120,1,0,2,15,-1,2,0,1
1533864695370152,0,-1,-5,-19,13,-3,-3,-1
1533864695370152,-5,-2,-3,18,-20,-5,-1,-3
1533864695391057,-3,-4,-6,-39,-16,-1,-2,-3
1533864695391057,-2,-4,1,0,0,0,-2,-1
1533864695392055,2,0,2,13,14,2,1,-1
1533864695392055,2,0,1,4,6,-3,-2,1
1533864695406021,0,1,1,1,-1,-2,0,-1
1533864695406021,1,1,2,0,9,-2,0,-1
1533864695406021,-5,-2,1,14,-3,3,0,-2
1533864695406021,-4,-4,-8,0,-10,-3,-2,-1
1533864695428960,0,0,0,5,-4,0,-3,0
1533864695428960,-2,-1,1,1,0,-1,0,0
1533864695429953,-1,-1,0,-17,-4,-2,-1,0
1533864695429953,0,3,2,-6,7,2,2,0
1533864695442922,-1,0,0,1,7,2,-1,-1
1533864695442922,-1,-2,-4,-2,-8,-4,-1,-2
1533864695443915,-3,-2,0,10,-1,-3,-2,-1
1533864695443915,3,1,3,17,9,4,1,0
1533864695465861,-5,-3,-4,-33,-9,-7,-3,-2
1533864695465861,-5,-5,-9,5,6,0,-2,-1
1533864695466855,-1,1,0,7,-24,-5,-1,-1
1533864695466855,3,1,1,0,9,2,0,0
1533864695488796,-2,0,0,15,7,2,0,1
1533864695488796,-3,-1,-2,-16,-13,-2,-3,-2
1533864695489793,-1,-3,-2,3,11,0,0,-1
1533864695489793,0,0,3,-3,11,0,-2,0
1533864695502759,1,-1,-3,-12,-14,-6,-1,0
1533864695502759,-3,-3,-4,11,-1,-2,-2,0
1533864695503756,0,-2,-2,-3,0,-2,-2,-1
1533864695503756,-5,-3,-3,-2,-10,-5,-2,-3
1533864695525842,0,-2,1,-6,7,5,0,-2
1533864695525842,0,-1,4,7,-7,-2,-1,-2
1533864695526854,6,4,6,4,24,6,-1,0
1533864695526854,-3,-3,-6,-25,-33,-8,-1,0
1533864695548781,-10,-4,-9,2,-9,-6,-3,-2
1533864695548781,-1,1,-3,-4,-9,-1,1,-2
1533864695549774,-1,-1,2,7,-5,-2,-1,-1
1533864695549774,4,1,6,5,26,6,-1,0
1533864695563741,3,1,-1,8,-2,-1,1,-2
1533864695563741,1,0,2,-14,-6,-1,-2,0
1533864695563741,-4,-2,-6,0,1,-2,-2,-2
1533864695563741,-3,-4,-3,13,-2,1,-1,-1
1533864695585823,-1,-2,-1,3,9,1,-1,-1
1533864695585823,-1,0,-2,-13,-11,-1,1,1
1533864695586830,-2,-1,-3,-5,-6,-5,-4,-2
1533864695586830,3,2,3,20,6,2,1,-1
1533864695608815,-2,-2,-1,-24,2,-3,-3,-3
1533864695608815,-3,-3,-8,9,4,-4,-4,-3
1533864695609809,-1,0,4,-3,-6,0,1,0
1533864695609809,-5,8,-7,-8,-20,-10,-2,-3
1533864695622778,4,1,4,46,28,7,1,0
1533864695622778,-5,-1,3,-51,-39,-3,-3,-2
1533864695630753,-1,9,-1,3,9,3,-1,-2
1533864695630753,-2,-1,0,-28,-2,-1,0,0
1533864695645714,0,-1,5,14,-3,-1,0,-2
1533864695645714,1,-1,6,9,7,2,0,0
1533864695646718,0,4,-6,32,6,-1,-1,-2
1533864695646718,-4,-5,-9,-49,-21,-6,-3,-1
1533864695668655,0,0,-4,-38,-11,-1,1,0
1533864695668655,0,3,6,8,7,2,2,1
1533864695669650,-3,-7,7,-9,-5,-2,-2,-1
1533864695669650,-2,-3,-4,30,21,3,0,0
1533864695682618,-1,-6,5,10,-5,-2,-3,-1
1533864695682618,-3,-3,-10,-4,7,-2,-1,0
1533864695690593,2,-2,-2,4,1,-2,1,0
1533864695690593,0,-3,1,-13,-8,-2,0,-2
1533864695705553,1,3,-6,0,0,0,0,1
1533864695705553,-1,0,0,-3,-10,-3,-1,0
1533864695706551,-6,-8,-11,-8,-3,-3,-1,-1
1533864695706551,-2,0,11,9,21,3,0,-2
1533864695729504,-6,-6,-18,6,-20,-8,-4,-1
1533864695729504,2,-1,0,-8,5,6,2,-1
1533864695730487,0,-2,0,-2,-6,-2,-1,0
1533864695730487,0,-1,8,15,8,5,-2,-2
1533864695742673,-1,0,4,-11,2,-3,1,0
1533864695742673,-1,-4,-7,0,-4,-2,-3,-3
1533864695750436,-3,-1,-3,8,-6,-3,-3,-1
1533864695750436,0,-4,-6,13,16,2,0,-1
1533864695765396,0,1,3,-16,-26,-1,2,-2
1533864695765396,-2,0,-1,6,1,-1,-2,-2
1533864695766390,1,0,-1,-15,-4,-2,0,-2
1533864695766390,0,-1,-1,4,4,-2,0,-3
1533864695789345,-1,-2,3,5,6,1,0,-3
1533864695789345,-4,-4,-9,-10,-4,-5,-2,-1
1533864695789345,-2,-2,-1,-9,-5,2,0,-1
1533864695789345,-2,-2,-5,2,-3,-1,-1,-1
1533864695802298,-1,3,5,9,5,1,-2,-1
1533864695802298,2,2,7,-4,-10,1,1,-1
1533864695810295,-5,-5,-8,-15,6,-3,-2,-1
1533864695810295,0,0,-8,8,3,-1,-1,-1
1533864695825233,-2,-21,9,2,-14,1,-1,-1
1533864695825233,-1,-2,-3,-22,2,-2,-3,0
1533864695826231,-1,-1,1,1,-12,-1,0,-1
1533864695826231,1,-2,-4,-2,1,-1,1,-1
1533864695849169,-2,6,-3,5,11,1,-1,0
1533864695849169,0,0,-1,14,9,-1,-2,-1
1533864695850167,1,-3,-4,-10,-15,-3,-1,-1
1533864695850167,0,-1,2,-8,-8,-1,-5,-1
1533864695862138,2,6,0,8,5,1,-2,-1
1533864695862138,-3,-4,-5,3,0,-2,0,0
1533864695871125,-2,2,-4,1,3,0,2,-1
1533864695871125,-2,-1,1,-3,-7,-5,-1,-1
1533864695886084,0,3,-3,-11,-2,-3,1,0
1533864695886084,-1,-3,1,9,6,-1,2,3
1533864695886084,-6,0,1,-1,-4,-1,-8,-11
1533864695886084,-3,-1,-1,-9,-8,-3,-1,0
1533864695909013,3,0,-4,0,7,1,1,-1
1533864695909013,-2,-2,0,0,2,2,0,1
1533864695910006,1,-1,3,4,-1,-2,-1,2
1533864695910006,1,-3,-3,-7,-5,-1,-1,-2
1533864695922972,-2,1,-5,-1,-1,-2,-1,0
1533864695922972,-1,8,-12,9,2,-1,-2,-4
1533864695930953,3,-14,14,21,17,4,5,3
1533864695930953,-3,-2,-2,-12,-12,-5,-3,-2
1533864695945912,-5,-3,-7,-20,-3,-5,-4,-2
1533864695945912,0,1,2,8,-3,1,-1,-1
1533864695946907,0,3,-1,-1,8,0,-2,0
1533864695946907,-1,3,-1,11,8,1,1,1
1533864695968850,4,-1,5,-2,-21,-2,1,-2
1533864695968850,-7,-5,-7,-11,11,-6,-7,-3
1533864695969846,2,4,0,-12,-40,2,4,2
1533864695969846,-1,-5,-3,-2,18,2,-2,-1
1533864695991792,-9,-7,-14,-34,-15,-11,-7,-6
1533864695991792,-2,-4,3,6,-1,-1,-2,-2
1533864695991792,0,1,-1,4,-2,-2,-1,-2
1533864695991792,3,4,3,-1,5,3,3,-1
1533864696005754,0,2,4,4,2,3,2,-1
1533864696005754,2,-2,2,7,7,2,1,-2
1533864696006748,-2,-1,-3,-6,7,-2,-2,0
1533864696006748,-2,1,-1,-8,-18,-2,-1,-1
1533864696028692,0,3,1,21,22,0,-3,0
1533864696028692,-1,-2,-1,-3,-10,-5,-3,0
1533864696029686,-1,-2,-4,-6,-1,0,-3,0
1533864696029686,-2,-3,-3,-1,-3,-3,-1,-2
1533864696051631,-1,13,-10,6,1,1,1,0
1533864696051631,-2,-12,5,0,1,1,-1,-1
1533864696052624,-3,-2,-6,-6,-4,-3,-2,-2
1533864696052624,0,0,-1,0,-1,-1,1,6
1533864696065594,-3,-1,-4,2,4,-1,-2,-13
1533864696065594,3,2,-1,-3,-9,0,0,-2
1533864696073573,-3,-2,-3,3,5,-3,-2,-2
1533864696073573,0,-4,-1,-5,-6,-2,-4,-1
1533864696088529,3,-2,1,3,1,1,0,5
1533864696088529,1,1,-1,-1,0,0,-1,-4
1533864696089526,0,-2,3,40,23,2,1,0
1533864696089526,-4,-1,-8,-73,-41,-4,-1,-2
1533864696111514,-4,-4,3,-8,-7,-3,1,0
1533864696111514,-5,-1,-2,14,4,-1,-1,-1
1533864696112466,-1,3,-3,-23,-4,-2,-2,-2
1533864696112466,3,2,8,16,2,2,0,-1
1533864696125432,0,-4,-2,30,17,-2,-2,-2
1533864696125432,-4,-2,-4,-15,-12,-2,-1,1
1533864696126427,3,3,1,11,14,2,-1,0
1533864696126427,-4,-3,-1,1,-13,-4,-3,-2
1533864696149380,-1,-4,0,-13,-15,0,-1,2
1533864696149380,3,4,2,-5,12,2,1,0
1533864696149380,2,1,3,13,6,-3,0,-1
1533864696149380,-6,-6,-5,-6,-5,-4,-1,-3
1533864696171308,-5,-4,1,9,-1,0,-2,2
1533864696171308,-2,1,0,0,-15,-2,-1,0
1533864696172305,1,0,0,-19,-11,0,-1,-2
1533864696172305,1,0,-1,14,17,1,2,1
1533864696185270,0,0,-2,-14,-2,2,-1,-1
1533864696185270,-3,-3,0,21,9,-4,-4,-2
1533864696186271,-3,0,-6,-28,-12,-4,-2,0
1533864696186271,-1,-1,5,6,11,-2,-1,-2
1533864696209206,-2,0,-1,3,6,-2,0,-2
1533864696209206,2,-3,-3,-12,-4,2,0,1
1533864696210208,-2,-3,-3,17,1,1,-2,-2
1533864696210208,1,3,6,7,8,-1,-1,-2
1533864696231148,-1,-4,-5,15,16,3,-1,1
1533864696231148,-4,-1,0,-23,-32,-3,0,-1
1533864696232145,-3,-5,1,7,3,0,0,-1
1533864696232145,-1,3,-3,-20,-9,-1,0,-1
1533864696246111,-2,-2,-1,-11,-14,-6,-1,-4
1533864696246111,4,2,1,12,14,-1,2,-1
1533864696246111,-5,-1,-13,-11,-12,-5,-2,-1
1533864696246111,-2,-1,2,9,2,0,-1,-1
1533864696269049,-3,-2,4,5,3,2,-2,1
1533864696269049,-1,-1,-2,-9,1,-2,-3,-2
1533864696270054,0,0,5,-5,2,2,2,-1
1533864696270054,1,-3,-3,2,0,-1,-1,-1
1533864696291985,-2,-4,0,-2,-3,-3,-1,1
1533864696291985,1,1,-1,-16,4,-2,0,0
1533864696291985,2,0,1,-8,-9,-2,-1,1
1533864696291985,0,-3,-6,33,25,-2,-3,-1
1533864696305947,-1,3,0,-25,-27,-2,-1,1
1533864696305947,-2,-1,0,12,0,-2,-2,-2
1533864696306945,-1,-2,1,-6,-5,0,1,0
1533864696306945,-2,-3,-6,-5,-2,0,0,-1
1533864696328889,2,0,3,13,13,2,0,-2
1533864696328889,-3,-2,-4,-8,-6,-4,-1,-1
1533864696329884,-1,-2,0,-10,-8,-2,-1,0
1533864696329884,1,1,2,6,0,1,-1,-3
1533864696351833,0,-2,0,-6,1,1,0,0
1533864696351833,-3,-2,-3,-2,-4,-3,-2,-3
1533864696351833,-4,-1,-3,13,9,-2,-3,-4
1533864696351833,0,6,-4,-18,-12,-2,1,-1
1533864696365791,1,-2,0,-4,5,0,-1,-2
1533864696365791,4,0,2,27,19,0,0,-1
1533864696366785,-1,-1,1,-22,-36,-6,-1,1
1533864696366785,-4,0,-6,-7,1,-3,-3,-2
1533864696388762,-2,0,1,-4,-8,0,1,-1
1533864696388762,-1,-2,-1,6,7,3,0,0
1533864696389756,1,1,-2,9,11,1,0,-2
1533864696389756,-2,-4,-1,8,-4,1,-2,-1
1533864696411701,1,0,1,-6,7,0,0,1
1533864696411701,-2,-1,0,-2,-5,-3,-2,-2
1533864696411701,-1,-3,-3,2,4,-1,-2,-3
1533864696411701,0,-2,1,-3,2,3,2,1
1533864696425664,-2,-4,-3,10,1,-4,0,1
1533864696425664,-2,1,-2,-7,-10,-2,0,-1
1533864696426658,1,-1,1,-1,-2,-2,-1,1
1533864696426658,0,-3,1,-3,6,-1,-1,0
1533864696448606,-1,-1,-1,3,-6,-1,-2,-2
1533864696448606,0,-3,-6,-5,-5,1,1,0
1533864696449596,-1,0,-1,-7,1,1,-1,-2
1533864696449596,1,-2,2,7,11,1,-2,-2
1533864696471542,1,-1,-1,21,4,-2,-2,-1
1533864696471542,-6,-5,-5,-4,-24,-7,-4,-3
1533864696472581,-3,-3,-4,-32,-15,-2,-1,-2
1533864696472581,-6,-3,-8,1,10,-1,-2,-1
1533864696485535,0,0,1,-3,-4,-1,-1,0
1533864696485535,1,2,1,3,15,2,2,-2
1533864696486500,1,0,0,15,4,0,-1,-2
1533864696486500,2,-1,-1,-3,-10,-2,-1,-1
1533864696509436,1,1,6,-5,9,1,-2,-2
1533864696509436,-2,-3,-8,0,-6,-4,-2,-1
1533864696509436,-4,1,3,14,9,0,-1,1
1533864696509436,-4,-6,-5,-1,-18,-10,-6,-4
1533864696531588,-1,-1,-5,-1,5,-1,-2,-2
1533864696531588,1,0,6,-10,-16,-1,-2,0
1533864696532392,0,0,1,-2,7,1,-1,0
1533864696532392,0,1,1,-2,-7,-1,0,1
1533864696545346,0,1,-3,-3,11,3,-1,-1
1533864696545346,2,-14,12,28,18,0,-2,0
1533864696553321,-1,-2,-4,-28,-36,-4,-1,-1
1533864696553321,-2,-1,2,-18,1,-1,0,1
1533864696569278,-10,-7,-2,1,-7,-4,-4,-1
1533864696569278,-1,2,-8,-21,18,6,-1,-1
1533864696569278,1,-1,-3,23,13,0,0,0
1533864696569278,2,0,7,8,-4,2,1,0
1533864696591224,1,3,0,-7,-9,-5,-2,-2
1533864696591224,-1,3,2,9,2,-1,-1,0
1533864696592215,3,1,0,3,30,1,0,1
1533864696592215,-2,-1,-4,-12,-49,-4,-2,-1
1533864696614161,-4,-6,-8,19,16,-6,-5,-2
1533864696614161,-2,2,0,-19,-13,-2,0,-1
1533864696614161,-4,-4,-5,-21,-4,3,-2,-3
1533864696614161,3,1,2,5,14,4,1,-2
1533864696629120,3,0,-3,-10,1,0,1,0
1533864696629120,-5,-2,-4,35,9,-3,-2,-2
1533864696630113,-1,0,0,-14,-7,-2,-1,0
1533864696630113,0,4,-9,1,-2,-7,-3,0
1533864696651220,-1,-21,8,-7,-6,5,1,0
1533864696651220,2,1,-5,-11,2,0,-1,-1
1533864696653093,-2,-2,-3,5,-5,-1,-2,-1
1533864696653093,-2,2,1,11,5,1,-1,-1
1533864696665060,-1,2,-5,11,13,-4,-1,-1
1533864696665060,0,1,-2,-42,-30,-1,1,0
1533864696674037,-3,-4,3,38,1,-5,-2,-3
1533864696674037,-1,-4,3,-16,-3,-1,-1,-3
1533864696689008,3,2,-4,-5,0,-1,-1,-2
1533864696689008,-3,-3,-7,-5,6,-6,-4,-1
1533864696689993,-1,2,-1,-4,-8,-2,-1,0
1533864696689993,-2,-3,-6,-6,5,-3,0,-1
1533864696710948,0,7,15,14,9,5,0,-2
1533864696710948,0,-3,0,1,-15,-3,0,0
1533864696712934,-2,-5,-12,-12,-11,-3,0,0
1533864696712934,-2,-2,-2,18,5,1,-1,-3
1533864696724904,-4,0,-7,-6,-5,-3,-1,-2
1533864696724904,1,0,1,-4,2,2,0,-2
1533864696733879,-2,-1,-1,8,7,2,-3,-1
1533864696733879,1,1,12,3,7,1,-1,1
1533864696748958,-2,-2,-7,14,11,-3,-3,-3
1533864696748958,-8,-3,-4,-22,-31,-5,-4,-1
1533864696750831,-1,0,-3,3,13,1,-1,-2
1533864696750831,-1,2,0,-7,1,-1,0,-2
1533864696778756,2,0,-1,-5,-7,-4,0,0
1533864696778756,3,1,4,33,20,4,2,-1
1533864696780751,-6,-7,-8,-48,-13,-3,-3,-3
1533864696780751,-1,-2,-2,7,-13,-5,0,-1
1533864696784749,0,2,0,-15,-13,-1,1,3
1533864696784749,-1,1,-3,4,8,0,1,1
1533864696793721,2,3,8,10,4,0,0,-1
1533864696793721,-3,-10,-29,-3,11,0,-2,-1
1533864696808676,-1,2,20,-7,-14,-3,0,0
1533864696808676,0,5,5,3,4,0,-2,-3
1533864696810671,-2,3,6,4,-3,-1,-1,-1
1533864696810671,-2,-6,-9,1,3,-2,-3,-4
1533864696831618,-1,-6,-8,0,-11,0,-2,-1
1533864696831618,-1,1,-3,-1,3,0,1,-1
1533864696832636,-1,0,3,0,-1,-4,0,0
1533864696832636,0,0,8,7,3,-1,0,2
1533864696845683,-2,4,-7,-7,-5,-1,0,1
1533864696845683,-3,-1,1,-7,3,-1,-3,0
1533864696854556,-1,-3,-5,6,0,1,1,-1
1533864696854556,0,-1,3,-3,0,-1,-1,0
1533864696868634,-1,-1,-5,1,-1,-2,-2,-3
1533864696868634,0,-2,-4,-3,-3,-2,0,-2
1533864696870511,1,6,0,7,1,-1,-2,-3
1533864696870511,0,0,0,9,1,2,2,1
1533864696891458,-1,-6,-25,-18,-11,2,-2,-3
1533864696891458,-3,0,37,-1,5,0,-2,-1
1533864696893449,-2,3,3,3,-1,-4,2,-1
1533864696893449,0,1,3,1,4,-1,1,3
1533864696914522,-4,-2,-5,2,-2,-3,-7,-6
1533864696914522,0,3,-15,5,11,0,-3,-5
1533864696915392,-3,-4,-6,-18,-24,-2,-4,-1
1533864696915392,4,5,12,13,2,1,1,2
1533864696929357,-4,-4,-4,-48,-13,-2,-2,-1
1533864696929357,-3,-5,-7,12,4,-3,-2,1
1533864696930351,0,0,6,24,14,0,2,0
1533864696930351,-9,-8,-16,-26,-24,-7,-7,-6
1533864696951322,6,7,5,-8,-5,2,3,2
1533864696951322,-4,-9,-11,9,2,-5,-4,-3
1533864696953291,2,-1,-2,-13,-12,1,2,0
1533864696953291,-4,-2,-3,-13,-10,-3,-1,-2
1533864696974233,-3,-1,4,10,6,0,-3,-1
1533864696974233,4,0,2,-3,21,6,1,1
1533864696975231,0,-3,1,9,-39,-4,0,0
1533864696975231,-3,-2,-4,-20,24,1,-4,-3
1533864696989193,-1,-2,3,-9,6,-5,-2,0
1533864696989193,-2,-1,-5,4,-6,-3,-1,-1
1533864696990209,1,1,-2,-12,21,-3,-3,0
1533864696990209,1,1,5,8,-3,2,1,-2
1533864697011135,-4,-3,-3,12,-2,0,1,0
1533864697011135,0,-1,-2,-6,3,1,2,-1
1533864697013130,-2,-3,-3,6,6,2,-3,-2
1533864697013130,-3,-1,-2,-1,-5,-2,-1,-1
1533864697034076,-1,-1,7,27,7,-1,0,-2
1533864697034076,0,0,-1,-37,-19,0,-1,0
1533864697036069,-3,-2,-6,-6,3,-2,-3,-2
1533864697036069,0,0,-3,2,3,-1,-2,0
1533864697048039,1,0,2,2,-2,-1,-1,-1
1533864697048039,0,13,-7,1,-9,-3,-1,-2
1533864697055019,-4,-6,-5,0,4,0,-1,-1
1533864697055019,4,6,18,3,3,0,-3,-1
1533864697070975,-2,-1,2,8,-4,-3,1,0
1533864697070975,-3,0,-2,-5,-9,-3,-1,0
1533864697072981,-2,-2,4,1,10,-1,-3,-3
1533864697072981,0,-4,-2,10,0,1,1,-1
1533864697093914,3,5,-1,-4,2,1,0,-1
1533864697093914,-3,-6,-7,10,-9,-3,-2,-1
1533864697095926,0,14,-18,-6,10,-3,-3,-4
1533864697095926,-5,-8,-2,-30,-20,-1,0,-1
1533864697107876,0,0,5,18,14,0,-1,-2
1533864697107876,0,-7,0,2,0,-1,-3,0
1533864697114860,1,-2,3,20,2,2,1,0
1533864697114860,1,1,-4,7,13,-2,0,-1
1533864697131812,-4,-3,-3,-17,-16,-1,0,0
1533864697131812,1,3,1,2,0,-1,0,-2
1533864697132809,-2,-4,-2,1,-2,-2,-1,0
1533864697132809,2,-1,0,4,6,-1,-1,1
1533864697153774,0,-7,-8,-1,-4,-3,0,-1
1533864697153774,-1,-6,-2,-2,1,0,-2,-1
1533864697155750,4,-1,6,9,11,2,0,3
1533864697155750,-6,-3,-3,-9,-16,-6,-4,-3
1533864697168716,-4,1,-5,-6,0,-2,-3,-1
1533864697168716,-2,-1,0,-8,-15,-1,1,-3
1533864697175694,-1,-1,4,4,20,1,0,0
1533864697175694,2,1,0,4,-10,0,-1,0
1533864697191670,0,0,-2,1,2,-1,0,0
1533864697191670,-3,-1,2,4,-9,-3,-2,-1
1533864697192649,0,-4,-7,-5,9,1,-1,0
1533864697192649,-1,-2,0,7,19,1,-2,-1
1533864697213606,-2,-3,2,-1,-2,-2,0,1
1533864697213606,4,0,3,-8,7,6,4,2
1533864697215588,-4,-5,-3,0,-17,-5,-2,-1
1533864697215588,-1,2,0,4,-2,-1,-1,-1
1533864697228553,-1,-3,-2,-6,-4,-3,-1,-2
1533864697228553,2,0,0,-7,2,-2,0,2
1533864697235537,1,-5,1,-9,-16,-4,0,1
1533864697235537,-3,-3,-4,12,15,1,-1,-1
1533864697251669,-4,-1,1,20,6,0,-2,-3
1533864697251669,-4,-5,-4,-12,-7,-3,0,-3
1533864697253486,-5,-3,-4,-26,-18,-2,-3,-2
1533864697253486,1,0,1,-5,5,-1,2,-1
1533864697274433,1,0,-1,0,-6,-2,-1,-1
1533864697274433,-2,-1,-1,17,11,-1,-4,-2
1533864697275428,-1,-2,1,-4,2,1,0,-2
1533864697275428,-1,0,-3,-3,-15,0,-1,0
1533864697288396,4,17,-8,2,14,-1,-1,-1
1533864697288396,-7,-13,-5,-19,-5,-7,-3,-1
1533864697295377,-4,-5,-1,10,-8,-1,0,1
1533864697295377,0,-2,-1,-11,-15,-2,0,-1
1533864697311335,-3,-3,-2,3,-4,-1,-2,-4
1533864697311335,4,4,-1,-2,6,0,-1,0
1533864697313326,0,1,-2,3,3,-1,0,-1
1533864697313326,-1,-2,-3,3,0,-2,-2,-3
1533864697334273,1,-6,0,-13,-2,2,1,-1
1533864697334273,0,-1,1,5,-1,-2,-3,-2
1533864697335269,-4,-4,1,-2,-1,-1,-2,-1
1533864697335269,1,1,4,-1,0,1,0,-1
1533864697348403,1,-3,2,34,17,0,-2,0
1533864697348403,-9,-9,-10,-44,-19,-5,-4,-4
1533864697355215,-4,2,-2,1,-17,-6,-3,0
1533864697355215,1,-2,-2,1,2,2,0,0
1533864697371172,-3,-4,0,-14,2,4,1,-1
1533864697371172,2,2,2,18,8,1,-1,-2
1533864697373167,2,2,4,-7,13,3,1,-2
1533864697373167,3,1,-1,-18,-17,-3,0,0
1533864697394110,-9,-10,-8,26,-2,-9,-5,-4
1533864697394110,0,3,2,2,7,3,1,1
1533864697396105,0,-2,-3,-11,-11,-6,-2,-3
1533864697396105,-2,0,0,-5,-5,-1,-2,-1
1533864697408077,2,2,-1,-18,-9,-1,1,2
1533864697408077,0,-1,-5,7,1,-2,0,-1
1533864697417052,0,0,1,5,6,0,-2,0
1533864697417052,-1,-2,-2,2,8,-1,-1,-1
1533864697431015,0,-2,-3,-14,-8,-2,-2,-2
1533864697431015,-1,0,1,6,0,0,-1,-2
1533864697433006,1,1,1,6,4,0,1,-1
1533864697433006,-6,-4,-7,10,-11,-5,-1,-3
1533864697453957,-4,-3,-4,-55,-12,-3,0,-1
1533864697453957,1,-2,1,2,-1,2,0,2
1533864697455960,-1,0,-3,-1,4,0,-1,0
1533864697455960,-2,0,-1,4,5,0,-3,0
1533864697467916,3,4,5,14,2,4,2,0
1533864697467916,-4,-3,-6,-7,-1,-4,-2,-3
1533864697476889,-3,-1,-1,1,-3,-3,-3,-1
1533864697476889,-4,-3,0,12,0,-3,1,0
1533864697491851,1,-1,4,-11,-1,-1,-1,-1
1533864697491851,1,-3,4,3,-1,-1,3,0
1533864697492847,-2,0,-3,-1,1,-2,-1,-1
1533864697492847,-1,1,-3,-6,4,-1,-3,0
1533864697513790,-1,0,-1,2,-5,-1,-2,0
1533864697513790,0,4,-4,0,0,0,-3,-3
1533864697515785,0,-3,-2,-5,-3,-1,-1,-2
1533864697515785,0,0,2,-9,-1,0,0,-1
1533864697527933,-1,-5,0,38,12,0,0,-1
1533864697527933,-4,-3,-9,-49,-35,-5,-4,-1
1533864697536729,-1,-3,-4,1,8,2,-2,-3
1533864697536729,-1,-3,1,-10,-7,0,0,0
1533864697551692,0,0,1,3,2,0,-1,0
1533864697551692,2,2,3,17,4,-1,-1,0
1533864697552692,0,-1,0,-4,-4,-2,0,-1
1533864697552692,0,3,-2,2,9,-2,-2,-2
1533864697573633,-1,-2,-1,-15,-6,-3,-2,-1
1533864697573633,1,1,0,12,-4,-2,1,2
1533864697575626,-3,-1,-2,-25,-5,-2,-1,0
1533864697575626,-9,-8,-5,29,9,-3,-5,-6
1533864697587594,-2,-3,-5,-13,-19,-2,-2,0
1533864697587594,0,-2,0,12,12,3,-1,-1
1533864697596569,2,0,-1,-3,2,3,1,1
1533864697596569,2,1,1,8,3,0,2,0
1533864697611532,1,0,-2,19,-3,-3,-1,-2
1533864697611532,-2,-1,-3,-48,9,0,-1,-1
1533864697613524,-3,0,-2,13,-9,-6,-1,-1
1533864697613524,-1,-1,-2,-20,5,1,-2,-1
1533864697634480,-4,-2,-1,-3,-11,-3,-3,-3
1533864697634480,0,0,0,18,-3,-1,-2,0
1533864697635464,1,-1,-2,4,4,0,0,-2
1533864697635464,0,-2,-1,-9,-2,-2,0,-1
1533864697647432,0,1,0,-1,2,-1,1,0
1533864697647432,5,3,7,0,6,3,2,1
1533864697656410,-8,-8,-8,6,-1,-6,-6,-3
1533864697656410,-2,2,0,16,10,0,-1,-1
1533864697671372,-3,0,3,-29,-35,-2,-2,-1
1533864697671372,-2,0,-5,8,6,-1,1,-3
1533864697673364,3,1,4,-3,0,2,2,0
1533864697673364,1,-1,-1,-10,-6,2,-2,0
1533864697694307,1,-1,-2,6,13,1,1,-1
1533864697694307,-2,-1,-1,6,-4,-2,-2,-2
1533864697695304,-2,-3,-7,-8,6,-4,-4,-3
1533864697695304,-6,-6,-5,-24,-17,-3,0,-1
1533864697707276,-2,0,1,7,2,0,0,-2
1533864697707276,-3,-4,-2,10,-10,-2,-2,-2
1533864697716252,2,0,1,0,-3,1,-1,-1
1533864697716252,0,-2,-1,6,4,-4,-1,-2
1533864697731208,0,-1,-3,-6,2,-1,-2,-1
1533864697731208,0,-1,0,-3,-1,-1,1,0
1533864697733203,-1,2,4,1,8,1,2,-1
1533864697733203,-3,-2,-8,-5,-14,-4,-4,-1
1533864697754160,-1,0,0,-4,0,-1,0,0
1533864697754160,-2,-4,-1,5,3,1,-2,-2
1533864697755144,0,-2,-2,1,0,3,-3,0
1533864697755144,2,0,2,-1,1,1,1,0
1533864697768113,-2,-2,-4,-5,-3,-2,-1,0
1533864697768113,-2,0,-1,5,5,-1,-2,-1
1533864697776106,3,3,3,5,-6,0,1,0
1533864697776106,-4,-3,-4,-2,9,-5,-2,-2
1533864697791048,-1,-2,0,-11,1,-2,0,-2
1533864697791048,-1,0,1,12,5,0,-1,-1
1533864697793044,2,1,2,-13,2,1,1,0
1533864697793044,5,2,2,-6,-21,-1,1,0
1533864697814149,-8,-5,-9,7,7,-4,-4,-3
1533864697814149,-1,0,-3,-3,-17,-5,-3,-2
1533864697815983,0,-3,0,5,-3,0,1,0
1533864697815983,2,-1,4,9,11,1,1,2
1533864697828074,0,-2,0,-4,3,1,0,-2
1533864697828074,0,-3,0,4,2,-1,1,-1
1533864697836933,-3,-1,-6,-11,-9,-4,-1,-1
1533864697836933,-2,1,1,-8,-6,-2,0,-2
1533864697851889,1,-3,-4,3,3,-1,0,0
1533864697851889,-2,-2,1,0,1,-5,-2,-3
1533864697852904,-2,-3,-2,-1,-5,-3,-1,-1
1533864697852904,0,-1,1,10,16,1,-2,0
1533864697873831,-1,0,-1,-18,-22,-3,0,0
1533864697873831,-2,0,-2,2,6,5,0,1
1533864697875822,0,-2,1,34,-2,-1,-1,0
1533864697875822,-6,-4,-9,-73,-11,-2,-3,-3
1533864697896866,0,1,-1,4,-3,0,0,-2
1533864697896866,0,-1,-2,-15,-9,-2,-1,-2
1533864697897765,-2,0,1,9,-1,1,0,0
1533864697897765,-2,-1,-3,9,7,-2,-1,-1
1533864697911744,0,1,0,1,5,1,0,-1
1533864697911744,-5,-3,-6,-3,-5,-6,-4,-1
1533864697912728,0,-2,-1,7,7,-1,0,-2
1533864697912728,1,-1,2,19,-6,1,-1,-2
1533864697933733,2,-1,-1,-13,14,3,-1,0
1533864697933733,-2,-2,-2,-12,-20,-5,-2,-1
1533864697935668,-5,-2,-3,-12,-7,0,-2,-3
1533864697935668,0,1,4,6,5,0,0,-1
1533864697956625,-2,-3,-3,0,-11,-3,-1,-1
1533864697956625,2,2,7,28,12,5,2,1
1533864697957634,-3,-6,-10,-28,9,-5,-4,-1
1533864697957634,0,-2,-2,-29,-18,0,0,-2
1533864697971569,-3,-1,-4,27,3,-2,-1,0
1533864697971569,-2,0,0,5,2,-2,-1,-2
1533864697972563,-1,-1,0,-7,-9,-2,0,-1
1533864697972563,-1,-1,-1,14,7,2,0,-1
1533864697994572,1,0,1,2,4,1,-2,-3
1533864697994572,-2,-3,-3,-8,-4,-2,1,-1
1533864697995502,-1,0,-2,-2,-2,1,-2,0
1533864697995502,3,1,1,-3,-2,-5,-1,-1
1533864698016446,-4,-4,-2,39,16,-2,-4,-1
1533864698016446,-3,-3,-3,-40,-20,-1,-1,-1
1533864698018439,0,0,1,-13,-11,-5,0,-1
1533864698018439,-2,-2,-1,11,-4,-1,0,1
1533864698031406,0,1,2,-10,-3,-2,0,0
1533864698031406,1,0,-2,8,13,2,-1,-2
1533864698037390,-1,0,0,2,2,0,0,-2
1533864698037390,-3,-2,-1,4,-6,1,-1,-2
1533864698054344,3,1,4,10,3,1,0,0
1533864698054344,7,3,1,-28,31,6,2,-1
1533864698055342,-13,-8,-12,-7,-46,-10,-5,-3
1533864698055342,-2,0,1,2,-5,-3,0,-2
1533864698077283,-3,-4,-4,-23,-5,0,-4,-3
1533864698077283,0,2,1,11,-1,0,0,1
1533864698078280,5,0,1,4,14,4,0,2
1533864698078280,0,0,-4,2,5,-1,-1,-2
1533864698091394,-1,2,1,-4,-7,-2,1,-1
1533864698091394,-3,-1,1,4,-4,-4,-3,-1
1533864698105209,0,1,5,-3,10,2,-1,-2
1533864698105209,-3,-3,-6,11,-11,-6,-3,-2
1533864698114184,2,0,0,-16,-4,-1,0,-3
1533864698114184,-1,-2,-5,9,-2,-2,-2,-1
1533864698115182,-2,1,0,3,5,-2,-2,-3
1533864698115182,0,0,0,1,3,1,-3,0
1533864698136127,-1,-3,-2,-4,5,0,-1,-1
1533864698136127,-3,-3,-2,1,3,-2,-2,0
1533864698138122,2,-1,2,-3,-4,1,0,-1
1533864698138122,2,1,1,13,-15,-1,0,0
1533864698151086,-3,-2,-3,-19,16,-1,-2,0
1533864698151086,-8,-5,-7,0,-12,-5,-4,-1
1533864698165049,0,-1,-1,7,6,-1,-2,-1
1533864698165049,0,-1,2,-3,5,-1,1,-1
1533864698174028,1,0,2,-2,-10,-2,1,0
1533864698174028,2,0,0,13,3,-5,-3,-3
1533864698175022,1,0,-1,-13,-2,0,1,0
1533864698175022,-2,0,-6,3,-3,0,0,0
1533864698195965,-1,0,-1,10,0,0,-2,-2
1533864698195965,-2,-2,-1,-11,-6,-2,-1,-2
1533864698202947,-2,0,-2,16,-3,-3,-2,-1
1533864698202947,-1,-2,6,4,25,3,1,-1
1533864698210926,-5,-3,-5,-10,-14,-2,-3,0
1533864698210926,-5,-1,-3,13,8,-1,-1,-2
1533864698217910,1,-1,0,-5,-5,0,-2,0
1533864698217910,-2,-2,-3,1,-2,0,-2,-1
1533864698233864,3,1,2,-4,2,3,1,1
1533864698233864,-1,-2,-1,22,-1,-3,-2,-1
1533864698235859,-2,-2,-4,-11,0,-2,-2,-1
1533864698235859,0,-1,-1,3,11,-1,-1,-2
1533864698256827,-1,-3,-3,-1,1,0,-2,-2
1533864698256827,1,1,1,-9,-23,-3,0,-3
1533864698257805,-2,-1,-1,4,4,-1,-1,0
1533864698257805,0,-1,-1,-12,-3,-1,-2,-1
1533864698270766,-2,1,1,9,-4,1,-1,-1
1533864698270766,1,-3,-3,9,17,2,0,-2
1533864698277746,-5,-2,-3,-21,-16,-5,-2,-2
1533864698277746,-1,-1,-2,6,1,-4,-1,-2
1533864698293708,-1,-3,1,0,-3,-4,-2,0
1533864698293708,1,0,4,2,1,2,1,2
1533864698295699,2,-3,-2,19,14,0,-1,-2
1533864698295699,-1,0,-1,-13,-12,-4,0,-1
1533864698316840,0,2,0,12,4,2,1,-2
1533864698316840,-3,-1,-3,-9,-3,-2,0,-1
1533864698318670,1,-1,2,-18,-9,0,1,-2
1533864698318670,0,-3,-1,9,6,0,-3,0
1533864698330815,0,-2,-3,4,-1,-3,-1,-1
1533864698330815,0,-1,0,-12,-20,-3,-1,-2
1533864698337587,-3,-1,-2,4,12,-1,-1,-2
1533864698337587,-1,0,0,-7,-8,1,0,0
1533864698353545,-1,-2,3,0,-3,-1,-1,-1
1533864698353545,0,-1,-1,11,12,3,1,-1
1533864698355539,1,0,0,-15,-15,-4,0,-1
1533864698355539,-5,-5,-7,10,0,-6,-4,-4
1533864698376483,-5,-4,-8,-24,-14,-3,-2,-4
1533864698376483,1,-1,2,5,0,-2,-2,-3
1533864698378478,0,-1,2,18,18,4,0,1
1533864698378478,-2,-2,0,-37,-19,-1,-1,-3
1533864698390451,0,-1,-11,3,-4,4,0,0
1533864698390451,-7,-2,11,-28,-7,-5,-6,-2
1533864698399426,3,3,-12,-18,-1,2,2,-1
1533864698399426,-4,0,4,28,5,-6,-3,0
1533864698414381,-1,-1,-1,21,15,-1,-1,0
1533864698414381,-3,-5,-10,-12,-4,1,-1,-2
1533864698415379,0,0,7,6,-8,-3,-3,-1
1533864698415379,1,1,0,-7,3,2,0,1
1533864698444301,1,1,-3,-29,-14,-3,-2,-1
1533864698444301,-3,-3,0,25,7,0,-1,-1
1533864698445299,-3,-2,5,8,3,-3,-2,-2
1533864698445299,1,0,5,-18,-3,1,0,-1
1533864698450285,-1,-2,-5,6,6,0,-3,-1
1533864698450285,3,4,-2,-3,-7,0,3,2
1533864698459262,-5,-5,1,1,-4,-5,-3,-3
1533864698459262,-1,-3,-7,12,15,2,0,0
1533864698474225,-1,0,3,-32,-21,-4,-1,-1
1533864698474225,-1,-4,-11,-1,8,0,-1,0
1533864698475219,0,4,10,14,-11,0,1,-1
1533864698475219,-4,-2,-8,-14,-12,-2,-1,-2
1533864698496166,0,0,2,8,21,-1,-1,-1
1533864698496166,-7,-3,-4,15,6,-2,-5,-3
1533864698498157,1,-1,1,1,-7,0,1,-1
1533864698498157,1,-1,2,7,2,0,0,-1
1533864698510127,-1,1,3,-9,-8,-1,1,-2
1533864698510127,2,-3,-9,-5,-5,1,-1,0
1533864698519103,-6,-4,-15,-14,2,-1,-4,-2
1533864698519103,1,-1,-3,16,7,-2,-1,0
1533864698534064,-2,-4,-1,-29,-19,-2,-3,-3
1533864698534064,2,2,2,-3,4,2,1,1
1533864698536056,-2,-2,-2,-6,2,-2,0,-1
1533864698536056,-3,-2,1,13,5,-1,-2,-2
1533864698557003,-1,0,-2,16,-3,-5,1,0
1533864698557003,-1,0,3,-9,-7,-1,-1,0
1533864698558001,-1,-2,-6,-20,1,2,0,-3
1533864698558001,0,0,2,-4,-5,-1,0,-3
1533864698569966,-1,-1,-1,15,2,-2,0,0
1533864698569966,-2,0,2,-11,-9,-2,-3,-3
1533864698578941,1,-5,-2,32,15,-2,-5,0
1533864698578941,-3,-4,0,-9,-5,-2,-2,0
1533864698593905,1,-3,0,17,13,0,-1,-1
1533864698593905,0,1,-2,4,11,-3,2,-2
1533864698595896,2,3,0,-29,-32,-3,2,-1
1533864698595896,-1,-3,-2,7,-2,-3,-3,-1
1533864698616840,-1,-1,-1,-7,-3,-2,2,-2
1533864698616840,1,2,2,-13,1,1,0,0
1533864698617849,0,0,4,8,19,-2,-3,-1
1533864698617849,0,3,-1,-3,-6,2,0,0
1533864698629808,-1,-6,-3,-8,-6,0,-2,-1
1533864698629808,1,-2,-6,-15,-3,2,0,0
1533864698644768,-6,-1,1,11,-10,-7,-4,-2
1533864698644768,1,3,4,4,0,0,-1,2
1533864698653741,-4,-3,-3,-1,5,0,-3,-1
1533864698653741,0,-2,3,-9,-9,-1,-1,0
1533864698655748,0,-1,2,-4,1,1,0,-1
1533864698655748,-1,1,0,-6,-3,-1,0,-3
1533864698676680,-2,-2,0,35,27,-1,-1,-1
1533864698676680,-5,-3,-7,-51,-45,-5,-2,-3
1533864698677677,0,0,0,3,3,1,0,1
1533864698677677,-3,-1,-5,-6,-4,-1,-1,-1
1533864698690647,2,2,1,-8,-3,2,-1,-1
1533864698690647,0,1,2,2,5,-2,-2,-2
1533864698699625,-2,-1,-3,38,8,1,0,-1
1533864698699625,0,-1,-3,-52,-12,-2,0,-1
1533864698713585,-2,-3,-6,0,-1,-2,1,-4
1533864698713585,-3,-3,-3,26,12,-2,-1,-1
1533864698720575,0,-1,3,-5,-8,1,-1,-1
1533864698720575,-1,-1,5,14,3,-1,-1,-2
1533864698736520,-3,1,-3,-22,-6,-2,-2,-2
1533864698736520,-1,-8,-7,17,13,0,-2,-1
1533864698738516,-3,-4,-7,-26,-21,0,2,-1
1533864698738516,-2,-1,-2,9,3,-2,1,-1
1533864698750485,-1,1,6,4,-4,-3,-1,-1
1533864698750485,-1,1,4,2,0,-2,-1,-1
1533864698759475,2,2,-33,-6,7,1,-3,-1
1533864698759475,-4,-3,-1,-3,-2,-1,0,-1
1533864698774506,-1,-3,-1,-5,-8,0,0,0
1533864698774506,-1,-3,6,11,6,-1,0,0
1533864698775416,0,0,1,9,5,-1,0,-1
1533864698775416,1,1,-3,-17,-9,-1,-3,-2
1533864698796363,-2,-1,-2,22,1,-2,-3,0
1533864698796363,-1,5,-5,-2,6,2,2,0
1533864698798355,-1,-1,2,-28,2,-2,0,-2
1533864698798355,-2,-4,0,16,-17,-6,-5,-3
1533864698819298,-5,-5,1,-9,-2,1,-3,-2
1533864698819298,4,3,3,5,-11,0,1,-1
1533864698820296,1,5,12,0,14,4,3,1
1533864698820296,1,-5,-8,-13,-5,-1,-2,-2
1533864698834262,-7,-3,-7,4,-11,-8,-4,-3
1533864698834262,0,0,0,-7,3,0,-3,-2
1533864698835257,-1,-1,3,-3,0,-1,0,1
1533864698835257,0,0,-5,4,10,3,1,0
1533864698856200,2,-2,5,-4,4,1,-1,-1
1533864698856200,-1,-3,-7,6,-6,-3,-3,-1
1533864698858195,0,4,15,-7,3,-1,-1,0
1533864698858195,-2,-2,-2,4,5,1,-2,-1
1533864698879141,3,-1,-7,-2,-3,2,1,0
1533864698879141,-1,-1,-1,-8,-8,-4,0,-2
1533864698880150,-4,-3,-3,12,5,-2,-1,-1
1533864698880150,0,-2,-3,15,12,0,0,-2
1533864698893356,0,2,0,-22,-15,-2,-1,0
1533864698893356,-3,-4,-7,3,6,0,-1,-2
1533864698895348,-2,-4,-4,3,-18,-5,-1,-3
1533864698895348,-3,0,-1,-5,16,0,-1,-2
1533864698916292,0,3,4,-5,-7,-1,1,-1
1533864698916292,-2,-7,1,8,5,-3,-1,-1
1533864698918287,-4,-2,-1,1,-4,-2,-2,0
1533864698918287,-1,0,7,8,0,1,2,0
1533864698939243,1,-4,-14,1,0,0,-2,0
1533864698939243,-1,-1,2,-11,1,0,-1,0
1533864698940228,1,-2,-2,-16,-8,2,-1,-3
1533864698940228,-2,-1,-3,16,-7,-5,-3,-2
1533864698953193,1,3,3,21,14,0,0,-1
1533864698953193,-5,-3,-7,-52,-24,-5,-2,-3
1533864698960218,0,-3,0,-10,2,-3,-1,0
1533864698960218,1,1,0,9,-4,3,0,1
1533864698976135,-2,-2,-3,-20,11,-3,-1,-2
1533864698976135,1,3,0,9,-1,1,1,-1
1533864698978127,-5,-5,-9,8,-9,0,-1,-2
1533864698978127,-2,0,4,-18,-13,-1,2,-2
1533864698999285,-1,-1,4,16,3,1,0,-2
1533864698999285,2,3,3,-3,1,-1,-2,0
1533864699001066,0,-6,-8,16,15,-3,-4,-1
1533864699001066,-2,-1,-7,-5,-13,-4,-2,1
1533864699013032,1,-1,7,-2,-3,-1,-1,-1
1533864699013032,-2,0,1,-5,-2,-2,-2,-3
1533864699020015,2,0,-2,2,-5,0,-1,-1
1533864699020015,-1,-1,-3,6,9,0,-1,-2
1533864699035972,1,1,-3,-8,0,-2,-1,-2
1533864699035972,-1,0,1,8,-11,1,0,0
1533864699037967,-2,0,4,20,10,2,-2,-2
1533864699037967,-3,-3,-8,-37,-4,-3,0,-2
1533864699059140,0,1,1,-20,-12,0,-1,0
1533864699059140,-3,-5,-4,19,13,-3,-2,-2
1533864699060919,-1,-1,0,-3,-7,-1,-2,-3
1533864699060919,-2,0,3,4,-2,0,-1,-2
1533864699072873,-1,-2,-3,2,-3,-1,-2,-1
1533864699072873,0,-1,1,7,6,-1,-1,0
1533864699079854,-1,-1,4,-10,-4,-3,-1,0
1533864699079854,-1,-2,0,17,15,1,0,0
1533864699096813,-4,-4,-3,-29,-29,-2,-2,-1
1533864699096813,2,4,-45,-1,2,-1,-3,-1
1533864699097806,-4,-21,11,-2,-4,-1,0,0
1533864699097806,0,-1,1,21,5,0,-2,0
1533864699118756,0,16,-6,-7,10,-2,1,-1
1533864699118756,-4,-7,7,2,-6,0,-2,4
1533864699120750,1,7,-7,-4,-2,0,1,-5
1533864699120750,-1,-1,-1,-13,-5,-2,1,1
1533864699133715,-2,-6,-5,8,1,-3,-5,-1
1533864699133715,0,0,9,-10,-6,-2,-3,-4
1533864699139700,0,3,-3,1,6,-1,2,4
1533864699139700,-3,1,2,-5,-5,-2,-3,-3
1533864699156649,-2,-1,-3,2,-1,-3,2,-1
1533864699156649,-1,0,7,7,7,0,1,3
1533864699157648,0,-1,2,-1,-2,-2,-1,-1
1533864699157648,1,-2,-9,-12,-5,-2,-1,0
1533864699179589,-4,-5,1,6,1,-1,-2,-2
1533864699179589,-1,-2,0,10,4,1,0,-3
1533864699180585,2,5,-3,2,2,2,-1,-1
1533864699180585,-7,-6,-8,-33,-19,-4,-2,-3
1533864699193550,-1,-3,2,33,19,2,-1,1
1533864699193550,-4,-2,3,-20,-18,-4,-2,-2
1533864699200532,-1,4,0,9,-10,0,1,-1
1533864699200532,3,1,3,-4,17,4,0,0
1533864699216491,-2,-3,2,9,19,2,-2,-3
1533864699216491,1,0,-4,-22,-34,-3,-2,-2
1533864699218512,-3,0,-3,-7,12,0,-1,-2
1533864699218512,3,2,5,2,-23,-4,-4,-1
1533864699239430,-3,-7,-11,8,13,-2,-4,-3
1533864699239430,0,2,3,-2,-6,-3,-1,-1
1533864699240425,-3,-1,-5,-10,-3,-3,-2,-1
1533864699240425,0,-1,3,6,1,1,1,-1
1533864699253391,2,0,1,-2,-19,0,1,0
1533864699253391,-2,-2,-1,3,10,1,-2,-2
1533864699260374,0,0,-1,-7,-5,-4,-3,-1
1533864699260374,-1,-1,2,5,8,-1,0,-1
1533864699277418,0,-2,-3,-6,-2,-3,-1,0
1533864699277418,-1,-2,-1,4,7,-1,2,1
1533864699278336,-2,8,0,-4,-5,-2,0,-1
1533864699278336,-3,-2,-3,-2,2,-3,0,-1
1533864699299268,-2,-1,-1,-8,-9,-2,-3,-2
1533864699299268,-1,-5,-10,2,4,2,-2,-1
1533864699300265,0,13,28,14,1,-1,-2,-3
1533864699300265,-5,-3,0,-23,-3,-3,-4,-2
1533864699312239,-1,-5,-3,-3,-6,-3,-2,-4
1533864699312239,-2,1,4,7,5,-2,0,0
1533864699321209,3,-3,-13,-5,-1,0,11,10
1533864699321209,-3,-1,-3,11,1,-2,-11,-11
1533864699336184,-1,-3,7,4,-5,-1,-1,-2
1533864699336184,2,3,-2,-3,4,1,0,-3
1533864699338183,1,-5,-3,-12,-4,0,-4,-2
1533864699338183,3,-4,-2,18,0,-1,1,2
1533864699359316,1,0,-5,-34,-1,3,0,2
1533864699359316,1,1,4,11,8,0,0,-2
1533864699360104,-8,-9,-8,47,8,-8,-5,0
1533864699360104,1,3,2,-17,-8,1,2,2
1533864699373071,-1,0,-1,21,12,-1,-3,-2
1533864699373071,1,0,5,-12,-12,0,0,1
1533864699382046,-3,-4,-3,-43,-18,-1,-2,-3
1533864699382046,-1,-1,-5,31,12,-2,2,0
1533864699397007,0,1,1,-29,-29,-1,2,0
1533864699397007,0,-1,2,5,11,-4,1,-1
1533864699398004,0,-4,-6,4,7,2,-2,-1
1533864699398004,-5,-2,-1,7,-27,-5,-2,-2
1533864699418948,-2,-3,-2,6,13,-1,0,1
1533864699418948,-2,0,-2,10,9,0,-4,-2
1533864699420942,2,-1,-2,-23,-12,1,-2,-3
1533864699420942,1,0,-2,7,-18,-4,2,2
1533864699432910,0,-1,-2,-1,13,1,-2,-1
1533864699432910,-3,-1,-3,-2,-7,-2,-2,-2
1533864699441890,0,-3,-2,7,15,3,-2,-2
1533864699441890,-2,-2,0,0,13,-2,-1,0
1533864699456850,-3,-1,-1,3,-29,-8,-2,1
1533864699456850,-3,-4,-5,-13,-4,-1,-3,-3
1533864699457843,1,0,2,-6,0,3,0,-2
1533864699457843,2,0,-2,7,17,4,1,0
1533864699478993,-4,-2,-5,-10,-20,-3,-2,-2
1533864699478993,1,2,2,2,3,-2,1,1
1533864699480783,-2,-2,0,10,1,1,-2,-1
1533864699480783,1,-3,-4,-14,5,-1,-1,-1
1533864699492751,1,-1,-1,4,9,-2,-1,-3
1533864699492751,-1,0,5,-5,-2,-3,-1,-1
1533864699501726,-2,-2,-3,-2,-6,-5,-2,-2
1533864699501726,-3,0,0,-4,9,3,-1,-2
1533864699516687,9,7,5,9,8,1,3,3
1533864699516687,-11,-29,-4,6,-17,-7,-5,-3
1533864699517728,-5,-1,0,-3,-5,-2,-2,-1
1533864699517728,0,-3,-5,-7,-5,1,-1,-1
1533864699538630,-2,-5,0,3,-3,-3,-1,0
1533864699538630,4,9,0,0,8,4,1,0
1533864699540628,-1,0,-4,-1,1,-2,0,0
1533864699540628,-2,-4,-1,-5,-7,-2,-2,-2
1533864699552596,0,2,-2,1,3,1,-1,-1
1533864699552596,0,3,-1,0,4,-1,-1,0
1533864699561586,0,-4,-3,-3,-1,-3,-2,-1
1533864699561586,3,6,2,5,5,1,2,1
1533864699576530,-1,-1,-3,-22,0,-3,-3,-1
1533864699576530,-7,-2,-3,34,-9,-1,-1,0
1533864699578521,-4,-3,-1,-36,-10,-3,-3,-2
1533864699578521,-1,-3,-3,1,-3,-1,-3,0
1533864699599466,0,-5,-2,1,5,0,-1,0
1533864699599466,0,0,0,-10,-1,1,1,0
1533864699600464,1,0,-1,15,3,-1,-1,0
1533864699600464,0,0,2,-5,0,0,-1,-2
1533864699612430,-2,-1,0,0,0,1,-1,-1
1533864699612430,3,3,-3,-1,-1,0,-1,0
1533864699621406,2,1,1,4,6,2,1,-1
1533864699621406,-3,12,-11,1,13,-4,-3,-3
1533864699636366,-5,-11,0,10,-7,-1,0,-1
1533864699636366,0,0,3,-9,-9,-3,0,-1
1533864699638364,1,-1,0,6,-2,0,-1,-2
1533864699638364,0,-1,-2,-12,-12,-1,-1,0
1533864699659304,0,3,-2,2,5,-1,-1,-2
1533864699659304,-1,0,-3,0,9,0,-1,0
1533864699660302,0,0,-3,-7,-5,-3,-1,-1
1533864699660302,-2,-4,2,2,-4,-2,-2,0
1533864699672270,1,2,2,10,4,2,-2,0
1533864699672270,0,-3,0,-11,6,-2,-3,-1
1533864699681245,-5,-4,-8,-6,-11,-7,-2,-2
1533864699681245,-2,-5,2,7,5,0,0,-1
1533864699696220,-1,-1,3,2,-6,-2,-2,-1
1533864699696220,-1,0,-5,-15,-6,-2,-2,-4
1533864699698201,6,3,3,4,4,4,2,2
1533864699698201,-7,-5,-5,16,-2,-8,-1,0
1533864699719145,-5,-1,-7,-24,-15,-6,-3,-3
1533864699719145,0,1,3,18,8,3,0,0
1533864699720143,-3,-2,-4,-4,0,-4,-5,-2
1533864699720143,2,-2,1,-14,-2,2,-2,-2
1533864699732109,0,0,2,10,7,1,0,-1
1533864699732109,-1,-1,-2,-4,-6,-4,-1,2
1533864699741293,0,-2,0,0,4,1,-2,-1
1533864699741293,-2,-3,0,-15,-11,-1,-1,0
1533864699757043,-2,16,-8,-1,-5,-6,-2,-1
1533864699757043,-1,-6,-3,5,9,0,-1,-2
1533864699758041,-2,-3,-3,-5,-16,-3,-2,-2
1533864699758041,-2,-2,5,17,12,-1,-1,-1
1533864699778985,-2,0,-1,-21,-9,1,0,-2
1533864699778985,-2,-1,-3,4,12,1,-1,-1
1533864699780979,1,2,-1,7,-7,-6,0,1
1533864699780979,0,0,-2,-12,-7,2,0,-1
1533864699802002,-2,-5,-1,-17,9,-3,-2,-1
1533864699802002,-5,0,-1,10,-6,-3,-1,0
1533864699802924,-5,-7,-4,-27,-5,0,-1,-2
1533864699802924,1,0,1,3,-1,0,0,0
1533864699816888,2,-3,4,6,-3,0,1,-1
1533864699816888,0,0,1,-4,2,1,-1,-1
1533864699817881,-1,1,-1,4,3,0,-4,-1
1533864699817881,-1,-1,1,-9,-6,-2,0,-1
1533864699838824,0,-4,2,37,25,2,-2,1
1533864699838824,-5,-2,-7,-31,-51,-8,-3,-2
1533864699840819,0,-2,-3,-1,5,1,-1,-2
1533864699840819,0,-2,-3,-9,-3,-1,-1,-2
1533864699861763,0,-4,0,3,3,-2,0,-2
1533864699861763,1,2,3,10,8,0,0,-1
1533864699862780,-1,0,3,2,0,0,1,-1
1533864699862780,-1,-2,-1,-2,-4,-2,-2,0
1533864699876723,-2,-1,-5,-3,-7,-2,-1,0
1533864699876723,1,1,0,2,16,1,-1,-1
1533864699877720,0,1,0,8,-19,-3,0,-1
1533864699877720,-2,-1,-3,-47,-10,-5,-2,-1
1533864699898680,-5,-8,-7,13,0,0,-3,-3
1533864699898680,1,0,0,2,4,2,0,-1
1533864699900659,-3,-5,1,24,20,0,-2,-3
1533864699900659,-1,0,-1,23,15,-1,-1,-3
1533864699921606,2,-1,1,-39,-49,-7,-1,-2
1533864699921606,-6,-2,-3,5,10,1,-2,-1
1533864699922608,1,2,1,0,3,-1,0,0
1533864699922608,-1,0,0,9,9,3,0,-1
1533864699935585,1,-1,1,5,6,2,-1,-2
1533864699935585,2,-2,-2,-4,4,-3,0,-1
1533864699942550,-1,0,1,8,0,0,0,0
1533864699942550,-3,-2,-1,-8,-12,-4,-2,0
1533864699959503,-5,-3,-5,2,-1,-2,-2,0
1533864699959503,-2,-1,-2,0,-8,-2,1,-1
1533864699960499,-2,1,2,-4,4,1,-2,0
1533864699960499,1,-3,-2,5,2,1,-2,-1
1533864699981447,2,-2,-1,1,2,-1,-1,-1
1533864699981447,0,0,-2,-7,1,-4,0,-1
1533864699983437,1,0,-1,1,-4,-1,-1,-1
1533864699983437,1,-1,-4,-5,-12,-4,-1,0
1533864699995406,0,1,3,22,15,-2,-1,-2
1533864699995406,-6,-4,-4,-17,-17,-3,-3,-4
1533864700002392,-1,6,2,-1,3,-2,1,-3
1533864700002392,0,-4,-1,-4,-4,3,1,-1
1533864700019342,1,0,-2,-6,5,5,1,1
1533864700019342,3,-2,8,12,5,1,2,1
1533864700021336,-3,-3,-4,15,5,-3,-1,-1
1533864700021336,-5,0,-3,-5,-5,2,-2,-1
1533864700041283,0,-3,-1,1,-21,-5,0,-2
1533864700041283,-1,5,-3,-8,0,1,-2,0
1533864700043277,0,-2,-2,4,8,3,0,0
1533864700043277,0,0,1,10,5,-3,0,-2
1533864700056393,-1,-2,0,-15,2,1,-1,1
1533864700056393,-1,-3,-5,7,-3,-6,-3,-2
1533864700062238,-2,-3,-4,-10,-4,-1,-1,-2
1533864700062238,-2,-4,-2,3,3,0,-1,-1
1533864700079185,-2,1,-1,-11,-6,-2,1,-1
1533864700079185,2,-1,1,-10,-5,-2,0,-1
1533864700080179,1,-3,-3,-10,-1,-1,-2,-1
1533864700080179,-3,0,-1,5,-1,-1,-2,0
1533864700109101,-2,1,-1,-12,1,-1,-1,-1
1533864700109101,-1,0,1,2,3,-1,-1,-1
1533864700110098,-3,-2,2,0,1,-5,-2,-3
1533864700110098,1,-1,0,19,-3,0,-1,-1
1533864700116082,-2,3,3,-44,-16,2,2,0
1533864700116082,-9,-5,-11,6,1,-4,-6,-4
1533864700123064,1,2,5,-4,-1,3,2,0
1533864700123064,-2,5,-13,-33,-7,1,-2,-1
1533864700139021,-5,-28,0,51,20,-1,-3,0
1533864700139021,1,1,2,10,-10,2,0,0
1533864700141022,-2,-1,-3,-23,-3,-3,-4,0
1533864700141022,3,4,5,-9,15,4,1,0
1533864700160963,-3,2,-7,14,-14,-4,-4,-2
1533864700160963,-1,-1,-3,-20,-3,0,-1,0
1533864700162958,-1,-7,-3,10,4,0,-3,-1
1533864700162958,-1,-1,6,4,-2,-4,0,0
1533864700175957,-1,5,0,-5,9,1,-2,-1
1533864700175957,-1,-2,5,11,2,-2,0,0
1533864700182951,-1,2,-3,-2,-9,-3,0,0
1533864700182951,-2,-3,-2,-1,2,-2,-1,-2
1533864700198865,-1,4,4,4,1,-2,-1,-2
1533864700198865,-1,-1,-3,-5,-7,-1,1,1
1533864700200856,-1,0,-4,-9,-5,-1,-2,-2
1533864700200856,-4,-7,-3,2,4,-1,-2,0
1533864700221804,3,3,5,0,-14,-3,1,3
1533864700221804,1,-1,-3,-13,3,-1,-2,-3
1533864700222808,-4,-6,-5,-2,3,-1,0,-2
1533864700222808,-1,3,1,12,-5,1,0,-3
1533864700235763,-2,0,-6,-28,-3,0,-2,-2
1533864700235763,2,1,3,20,1,-2,0,0
1533864700242744,0,0,-4,-9,-13,0,1,-1
1533864700242744,-4,-3,-2,20,3,-8,-3,-1
1533864700258705,1,0,-1,-3,15,7,0,0
1533864700258705,0,-1,5,-4,-11,-2,0,0
1533864700260697,-5,-3,-2,11,3,-1,0,-1
1533864700260697,2,-1,0,-9,-5,-3,1,-2
1533864700281642,-1,-2,-5,2,-3,-4,0,-2
1533864700281642,1,1,4,4,6,3,0,0
1533864700282639,0,-2,-2,-22,-5,-2,0,-3
1533864700282639,-2,2,-7,2,3,-2,-1,-1
1533864700295623,-3,-22,6,3,4,-2,0,-1
1533864700295623,-2,-1,-2,-7,-3,-1,-1,-1
1533864700304580,0,0,3,7,-2,-1,-1,1
1533864700304580,-1,-4,-3,-6,-8,-3,-3,-2
1533864700318592,0,4,-6,-5,0,0,-1,-2
1533864700318592,0,2,-1,5,1,-1,1,-3
1533864700320558,0,1,2,-7,-3,0,-2,-1
1533864700320558,-3,-2,1,1,0,-3,-1,-2
1533864700341698,0,3,-1,21,13,-1,-2,2
1533864700341698,-3,-2,-5,-35,-31,-6,-1,-4
1533864700343474,0,3,-1,0,13,2,1,1
1533864700343474,-1,0,0,-4,-10,-1,0,-1
1533864700355445,0,3,-2,12,12,1,-1,-1
1533864700355445,-3,-4,-4,-18,-13,-5,-2,-2
1533864700364418,-2,-3,-7,2,-2,-1,-2,-2
1533864700364418,1,-2,1,-8,-5,0,-1,0
1533864700386360,-1,-1,4,16,0,0,-1,-3
1533864700386360,1,1,-2,-21,11,2,-1,0
1533864700388355,0,1,0,-2,-6,-2,0,1
1533864700388355,-1,9,-10,4,-1,-1,-3,-2
1533864700401365,-3,-1,-3,-4,-6,-1,-2,-2
1533864700401365,0,-2,0,10,6,2,2,6
1533864700403315,-4,-3,3,2,-5,-2,-3,-8
1533864700403315,-1,1,-1,-3,-2,-1,-4,-5
1533864700415295,-1,3,-4,-6,-6,-1,-2,-1
1533864700415295,-2,-1,-2,5,2,-1,1,2
1533864700424259,2,0,-3,2,1,0,10,17
1533864700424259,-4,-5,1,3,1,-3,-16,-20
1533864700439228,-3,-3,-2,-7,-5,-2,-4,-4
1533864700439228,-2,-3,7,10,7,-1,-4,-1
1533864700440215,2,1,0,-1,0,-1,1,1
1533864700440215,-1,-7,-2,-1,-2,-3,4,6
1533864700461161,-1,3,-3,19,11,0,2,1
1533864700461161,-2,-21,2,-22,-11,-1,-1,0
1533864700463168,-2,-1,-2,30,8,1,-2,-1
1533864700463168,-2,-4,-3,-31,-11,-3,2,3
1533864700475209,-1,2,1,-17,-11,0,-1,-2
1533864700475209,5,7,0,12,16,0,1,1
1533864700484097,-3,-4,-2,23,1,-3,-8,-8
1533864700484097,-2,-5,5,5,3,1,2,1
1533864700499064,0,-2,-5,10,2,-2,1,-1
1533864700499064,-1,3,-4,-2,-6,-2,-2,-4
1533864700500056,0,-1,0,-24,-9,-1,-2,-4
1533864700500056,3,5,0,4,8,2,2,4
1533864700521000,0,1,0,-8,-13,-5,-2,2
1533864700521000,-5,-2,-7,-7,2,-3,-3,-5
1533864700522994,-1,0,-1,5,-10,1,-3,-2
1533864700522994,-5,-5,-4,-16,13,-4,-2,1
1533864700535184,-2,-1,2,-2,-10,1,1,-2
1533864700535184,2,1,2,12,26,1,1,-1
1533864700543939,-1,-1,-3,-14,-15,-1,1,-1
1533864700543939,-1,-1,-1,1,-2,0,0,0
1533864700558903,-1,-3,-2,-6,-5,-4,-4,-3
1533864700558903,-2,3,1,1,1,0,-2,-4
1533864700560893,-1,0,1,4,7,0,1,0
1533864700560893,2,2,2,1,-3,2,1,0
1533864700581837,-2,-1,1,9,11,-4,-1,0
1533864700581837,1,-1,-7,-15,-41,-3,-1,-2
1533864700582834,1,-1,1,-4,14,0,-1,-2
1533864700582834,-5,-7,-8,10,0,-2,-1,-2
1533864700594806,-1,2,2,1,1,-1,2,0
1533864700594806,-4,2,2,25,1,-7,-3,-1
1533864700603779,-2,2,-14,-13,-7,2,-1,-1
1533864700603779,-1,-19,7,-27,-21,-2,1,-2
1533864700618740,-1,-4,-5,-9,9,-1,-2,-2
1533864700618740,3,0,0,-6,17,4,2,0
1533864700620754,-5,-1,-1,-39,-33,-12,-5,-1
1533864700620754,2,8,1,38,6,3,1,1
1533864700641677,-2,1,-2,10,8,1,-3,0
1533864700641677,-1,-3,-3,-22,-6,1,0,-2
1533864700642674,0,-1,10,38,13,-1,-1,-2
1533864700642674,3,-3,-6,-22,13,-2,-3,-3
1533864700655658,-8,-6,-6,-25,-47,-16,-1,-1
1533864700655658,-3,1,-2,15,6,6,1,1
1533864700663619,1,-1,-6,-11,-4,3,0,-1
1533864700663619,1,8,4,-2,-11,-1,0,1
1533864700678578,0,-4,-6,9,17,1,-2,-2
1533864700678578,0,-1,0,1,5,-5,-3,-1
1533864700680573,-2,-1,2,8,-13,-4,0,-1
1533864700680573,1,2,5,-4,5,2,1,0
1533864700701535,0,-1,-9,-15,1,1,0,2
1533864700701535,-4,-2,-2,15,-6,-2,-1,-3
1533864700703511,-1,-2,1,15,11,0,-1,-2
1533864700703511,1,3,-1,7,12,1,-1,0
1533864700724456,-2,0,0,-39,-30,-4,0,-1
1533864700724456,-2,-3,-1,-3,7,-1,-3,-3
1533864700725467,-1,-3,2,-1,3,-1,-2,-2
1533864700725467,-6,-5,-6,-6,-15,-7,-4,-2
1533864700739579,3,1,4,6,1,2,0,2
1533864700739579,0,0,-3,16,13,2,1,1
1533864700740414,-5,-2,-2,8,-3,-3,0,-3
1533864700740414,-1,1,-1,-50,-30,-5,-1,-2
1533864700761358,1,-4,-6,16,14,0,-3,-2
1533864700761358,1,1,3,-11,-13,1,-2,-3
1533864700763351,-2,-5,-8,11,22,0,-2,-2
1533864700763351,-3,-2,-4,12,0,1,0,1
1533864700783302,-3,2,5,0,3,0,-1,-2
1533864700783302,0,0,-1,-9,-6,-1,-1,0
1533864700790297,2,0,1,-9,0,-1,0,0
1533864700790297,1,0,-1,5,1,0,-1,-3
1533864700799256,1,18,-2,-4,-2,-1,-2,-1
1533864700799256,-1,-3,-1,6,-1,-1,4,10
1533864700800253,-5,-3,-4,-13,-6,-3,-7,-19
1533864700800253,-1,0,0,8,4,-3,-3,2
1533864700821197,1,0,2,4,0,-1,7,16
1533864700821197,-4,0,-9,-2,-2,-5,-10,-16
1533864700823223,0,7,38,-5,-2,-1,-5,-11
1533864700823223,-2,-15,8,6,1,3,0,0
1533864700844342,-2,-7,-1,0,4,0,-2,-5
1533864700844342,-2,-1,4,-1,-4,-2,7,10
1533864700846171,0,-8,-11,-8,-1,-2,1,3
1533864700846171,-1,4,-3,11,2,-1,-2,-5
1533864700858103,-2,-5,6,0,-3,-2,0,-5
1533864700858103,1,-4,-4,-4,-3,-3,0,-4
1533864700865287,2,4,-10,-3,-1,-1,-1,3
1533864700865287,0,1,0,6,1,0,1,-1
1533864700882067,1,-4,-7,-1,0,1,0,-1
1533864700882067,-1,3,-7,-5,-1,-2,-3,-3
1533864700883032,-1,0,-5,28,8,3,-1,3
1533864700883032,2,4,2,6,5,0,2,2
1533864700904009,-3,-9,-5,-43,-17,-1,-4,-8
1533864700904009,-1,-1,1,0,-2,-2,-2,-2
1533864700905970,2,-3,0,-20,-5,0,2,4
1533864700905970,-1,-1,0,16,2,-1,-2,0
1533864700917938,-2,3,-2,18,-4,-2,-3,-4
1533864700917938,0,2,2,5,8,0,0,1
1533864700924920,-4,-3,-8,4,12,-3,-1,2
1533864700924920,0,1,-9,2,9,-2,-1,-2
1533864700941876,-2,-2,1,-3,-12,0,-2,-4
1533864700941876,-4,-2,-2,1,-6,-1,-1,-1
1533864700942871,3,0,2,-4,-5,0,0,1
1533864700942871,-5,-2,-4,2,-2,2,-1,-2
1533864700963820,-2,-2,-1,5,20,2,-2,0
1533864700963820,-2,-2,2,0,-9,1,-2,-2
1533864700965811,-1,0,-3,0,7,-1,1,0
1533864700965811,-2,-1,-3,-4,-8,0,0,0
1533864700977786,1,0,1,4,-2,-1,1,-1
1533864700977786,1,-1,-2,-1,-4,-2,-3,-1
1533864700984763,-1,10,-1,-9,0,-3,-4,-1
1533864700984763,0,-4,-2,-9,-6,-1,0,-1
1533864701001844,-2,-1,0,10,0,0,-1,-2
1533864701001844,-2,-3,2,-2,7,0,-2,-1
1533864701002718,-2,-1,-7,-11,-10,0,0,0
1533864701002718,-2,1,-5,-2,-1,-4,-1,-2
1533864701023751,-1,-2,8,2,2,-2,-1,-2
1533864701023751,1,9,-62,-9,-4,0,1,5
1533864701025650,-4,-11,12,2,-5,0,0,-8
1533864701025650,-2,-2,-1,-5,-4,-2,-3,-1
1533864701038619,-1,-1,1,4,5,-4,-5,-3
1533864701038619,-4,-1,-5,-5,0,-3,1,-4
1533864701052772,-1,-4,-6,10,-1,-1,-1,7
1533864701052772,2,-3,0,-5,-4,-2,-1,0
1533864701061750,-1,-2,-4,-36,-6,0,0,-1
1533864701061750,0,-4,16,4,-1,-2,-2,-1
1533864701062744,-1,1,-4,13,11,0,0,0
1533864701062744,-1,0,8,-30,-30,-2,0,-2
1533864701083688,-3,-4,-10,14,9,-7,-5,1
1533864701083688,-1,0,11,-3,-9,1,-1,-2
1533864701085684,-4,-5,-7,11,8,-4,-4,-2
1533864701085684,0,2,-3,10,3,1,-1,1
1533864701098694,-1,-1,-4,5,5,0,0,-3
1533864701098694,0,-5,7,-9,-6,-3,-1,-2
1533864701105642,2,-1,1,-12,-16,0,0,0
1533864701105642,-3,-2,-1,9,7,-3,0,-2
1533864701121587,2,0,-1,-4,6,2,1,-1
1533864701121587,-1,-1,11,17,15,-1,-2,-3
1533864701122584,-7,-3,-5,-3,-9,-3,-3,-1
1533864701122584,-2,-1,-2,-31,-4,0,1,-1
1533864701143532,-1,0,0,10,-2,0,-1,0
1533864701143532,2,0,3,14,14,0,-1,-1
1533864701145523,9,5,7,-21,-20,5,7,3
1533864701145523,-13,-13,-20,1,6,-13,-8,-5
1533864701158504,-6,-2,-3,-3,-1,-4,-2,-1
1533864701158504,-2,-2,0,-6,-8,1,-1,-1
1533864701165473,0,0,-1,4,12,0,-2,0
1533864701165473,5,4,11,13,2,5,1,-1
1533864701181427,1,-1,1,-2,-2,2,1,0
1533864701181427,-2,-4,-1,1,2,-1,-1,-2
1533864701183421,-1,-1,-2,-4,1,0,-2,-2
1533864701183421,0,-1,-3,4,4,-2,1,0
1533864701204369,-1,-2,-2,4,-6,-5,-2,-1
1533864701204369,0,8,-4,-7,13,3,-1,-2
1533864701205363,-2,-20,4,-17,-16,-2,2,3
1533864701205363,-2,-2,-2,20,-19,-1,0,-1
1533864701218331,-6,-4,-4,-27,2,-1,-4,0
1533864701218331,-2,1,-1,-1,-19,-5,-3,-2
1533864701226312,-1,4,0,-7,11,0,-4,-2
1533864701226312,4,1,2,-2,8,1,0,1
1533864701241270,1,-3,3,5,-7,-1,0,-1
1533864701241270,-2,-3,1,-4,1,-1,-2,-3
1533864701243262,-1,3,-4,-1,1,-1,-1,-2
1533864701243262,0,1,0,0,-2,1,2,-1
1533864701264208,0,3,-1,7,-1,-1,1,-1
1533864701264208,-2,-4,1,-7,-4,-2,-2,0
1533864701265203,-1,0,-2,7,-3,-3,-3,-1
1533864701265203,-3,0,-1,-1,2,-1,-2,-1
1533864701277174,0,-1,-1,0,-2,0,-1,-3
1533864701277174,0,-3,0,0,-2,1,-1,-1
1533864701286147,0,0,2,-4,-4,-1,-1,0
1533864701286147,-1,-1,-3,15,12,1,-2,-1
1533864701301107,-4,-1,-4,-21,-12,-3,-2,-2
1533864701301107,-3,-2,-1,4,-5,0,0,0
1533864701303102,-3,2,-4,0,-1,-2,-3,-2
1533864701303102,2,1,6,10,-7,4,0,1
1533864701324048,-2,-5,-5,-6,20,-2,-1,-3
1533864701324048,-5,-3,-3,-8,-13,-7,-3,-3
1533864701326040,-1,0,-5,6,10,-3,-2,-4
1533864701326040,2,-2,1,-17,-5,-2,0,0
1533864701338013,3,2,3,16,-3,2,2,3
1533864701338013,-3,-2,-2,-3,-12,-4,-2,0
1533864701346984,-1,0,-3,8,7,-2,-1,-2
1533864701346984,-1,0,1,-10,2,0,1,-1
1533864701361947,2,0,3,19,1,1,-2,-3
1533864701361947,1,-2,-1,-25,0,-2,0,-2
1533864701362941,-3,-1,-3,1,-10,-2,-2,-1
1533864701362941,-2,0,-2,-1,4,-4,-1,-2
1533864701383889,0,3,-1,6,-3,0,-1,0
1533864701383889,0,-21,9,6,4,3,1,1
1533864701385880,-1,-3,-5,-16,-11,-3,0,-2
1533864701385880,-2,-4,-4,-1,3,0,-1,-2
1533864701397855,-1,-1,-2,1,5,-1,1,0
1533864701397855,0,6,1,15,-9,0,-1,0
1533864701406825,-4,-2,-7,-30,1,2,-1,-1
1533864701406825,-1,-3,-2,8,0,-1,-2,-1
1533864701421787,1,0,-1,-14,-13,0,1,0
1533864701421787,-1,1,-2,27,24,1,-2,-1
1533864701422782,-3,-1,3,13,1,-1,-2,-2
1533864701422782,2,4,4,7,0,0,1,-1
1533864701443728,-5,-9,-9,-19,-27,-10,-4,-2
1533864701443728,2,2,-3,-9,0,3,-1,-2
1533864701445720,-3,-4,-5,4,4,0,-3,-2
1533864701445720,1,-1,1,-6,6,-1,-2,-1
1533864701457688,3,1,3,7,4,0,1,0
1533864701457688,-1,1,-3,-8,0,-4,0,0
1533864701466664,1,4,1,2,-1,-2,0,-1
1533864701466664,-3,-2,-1,9,-4,-2,-1,-2
1533864701481624,-3,-2,1,-8,0,-1,-2,-1
1533864701481624,-4,1,-4,-11,-11,-2,-2,1
1533864701482624,0,0,2,1,1,1,0,-1
1533864701482624,-4,-3,-2,-5,-6,-3,-1,-2
1533864701503565,1,1,3,10,8,1,0,-2
1533864701503565,0,0,-1,-9,-5,0,-1,-1
1533864701505566,1,0,2,13,13,-1,0,0
1533864701505566,-2,-3,-2,6,-6,-3,-1,1
1533864701517528,-3,-4,-5,18,9,-1,-4,-2
1533864701517528,-1,0,0,-12,-1,1,2,0
1533864701526504,-1,-2,-2,-16,-21,-2,0,1
1533864701526504,2,1,1,2,16,1,-3,-3
1533864701541464,-2,0,1,4,-9,-3,1,2
1533864701541464,1,0,-1,-5,0,0,-1,-2
1533864701543480,0,-2,-1,19,-2,-1,-1,0
1533864701543480,-1,0,0,10,6,-3,1,-1
1533864701564404,-6,-5,-7,-32,-4,-1,-3,-3
1533864701564404,-3,-1,-1,2,0,-1,-1,0
1533864701565407,0,-1,1,-5,-8,-1,0,-2
1533864701565407,-1,-1,-2,-4,-5,2,-2,-1
1533864701577369,2,-1,1,1,2,1,0,0
1533864701577369,0,0,-1,3,0,-2,-1,-2
1533864701586343,-1,-1,-3,-8,0,1,-1,-2
1533864701586343,-3,-3,-5,-2,-6,-3,-2,-3
1533864701601304,-1,-2,-1,5,3,0,-2,-2
1533864701601304,-2,-3,-1,6,-2,-3,-3,-2
1533864701603298,-1,-3,-2,-4,-4,-2,-1,-3
1533864701603298,-1,-2,-1,-12,-4,-1,-2,-1
1533864701624256,-1,0,0,-2,-4,0,-1,-1
1533864701624256,0,1,-1,3,2,-2,-2,-2
1533864701625239,-1,0,-3,-2,5,1,-1,-1
1533864701625239,-3,-2,0,4,0,-3,1,-1
1533864701646184,2,2,5,17,-4,4,1,1
1533864701646184,-5,-7,-9,-19,-1,-6,-3,-3
1533864701648179,-5,-2,-2,-9,-35,-7,-1,-2
1533864701648179,0,-1,-6,-17,3,-3,0,-1
1533864701661179,-1,1,2,14,3,1,-2,0
1533864701661179,3,2,4,0,-5,0,1,1
1533864701663139,-2,-3,-1,6,17,-2,-2,0
1533864701663139,-1,1,2,15,18,1,-3,-2
1533864701684116,-1,1,1,2,-20,-2,-1,-1
1533864701684116,0,-1,-3,-22,-2,-1,-1,-1
1533864701686079,0,-5,-3,-3,0,-1,-3,0
1533864701686079,-2,-2,0,-12,-10,-2,-2,-1
1533864701706023,-1,-1,-2,-1,16,0,-1,-3
1533864701706023,-1,2,0,3,-3,2,-2,-2
1533864701708018,0,1,-1,4,1,1,0,-1
1533864701708018,3,-1,2,19,1,0,0,-1
1533864701720984,-3,-3,-8,-40,-20,-6,0,0
1533864701720984,-3,-3,-1,13,3,-2,-3,0
1533864701722980,-2,0,1,-6,4,-1,-1,0
1533864701722980,-2,-3,-2,7,-3,-2,-2,0
1533864701743923,1,-1,0,-2,-1,1,0,-2
1533864701743923,1,1,3,8,-1,0,1,-1
1533864701745953,3,3,-2,-4,15,4,1,0
1533864701745953,-6,-5,-9,-25,-30,-8,-4,-3
1533864701774037,-1,-1,1,26,9,-3,-3,0
1533864701774037,0,-1,-3,-24,-8,-5,-1,-1
1533864701775842,-1,-1,-1,8,6,-1,-1,-2
1533864701775842,-1,0,1,3,-5,2,-1,-2
1533864701782016,1,2,-1,-9,-3,-1,-1,-1
1533864701782016,-1,-1,3,4,6,1,-2,-1
1533864701782818,0,1,3,-2,-4,1,1,-2
1533864701782818,-2,-2,-3,-1,5,-1,-1,0
1533864701803766,0,-2,0,6,2,-3,-1,1
1533864701803766,-1,-1,-2,10,2,-1,-1,0
1533864701805758,0,-2,0,-7,-5,-3,-2,-2
1533864701805758,-3,-1,0,-4,1,-1,-1,0
1533864701826750,-3,-2,-1,-4,0,-1,0,-1
1533864701826750,-2,-3,-2,-1,-3,-1,0,-1
1533864701827699,-2,-2,0,-12,-8,-3,-2,-1
1533864701827699,3,0,-1,13,0,1,-1,-1
1533864701839670,-3,-2,-3,-19,-9,1,-1,-1
1533864701839670,-1,0,-1,11,12,1,2,0
1533864701848646,-1,0,0,17,-9,-3,-1,0
1533864701848646,-4,-3,-8,-28,-3,-6,-3,-2
1533864701864656,2,1,1,6,10,0,-1,-1
1533864701864656,-3,-2,-5,-8,2,-4,-4,-3
1533864701865597,-2,0,0,9,-4,2,-1,-1
1533864701865597,0,0,2,7,10,0,1,0
1533864701886556,-4,-3,-4,-23,-30,-5,-2,-2
1533864701886556,-1,1,3,-1,-1,0,1,-2
1533864701887542,3,0,-1,-11,7,0,0,-1
1533864701887542,-4,-5,-5,13,-9,-5,-4,-2
1533864701900682,0,-2,-1,7,14,2,-2,-2
1533864701900682,1,0,0,7,-7,-1,0,0
1533864701907497,-1,-2,-2,11,-1,-2,1,-1
1533864701907497,-3,-2,-1,-30,-8,1,1,-1
1533864701924442,1,0,1,3,2,-2,1,0
1533864701924442,-1,-3,-2,-15,-13,-2,0,1
1533864701925438,-3,-3,-2,13,8,1,-3,-2
1533864701925438,2,2,2,1,7,1,1,0
1533864701946430,-2,-2,0,13,2,-2,-3,-2
1533864701946430,-2,-1,-2,3,-2,1,-3,-2
1533864701948376,-1,0,1,-1,-4,-1,-1,-1
1533864701948376,-1,-1,0,3,4,-1,-1,0
1533864701960347,-4,-2,-6,-10,-13,-2,-2,-2
1533864701960347,0,-1,-2,15,17,-1,0,-1
1533864701967328,-4,-2,-3,4,-2,-3,-3,-3
1533864701967328,0,0,-2,-15,-5,1,-2,-1
1533864701984295,1,-1,0,5,9,1,0,-1
1533864701984295,0,-3,-1,-10,-6,0,1,0
1533864701985285,-1,-1,-1,-3,-9,-1,-1,0
1533864701985285,-1,-1,-1,1,3,2,1,0
1533864702006224,1,3,0,-4,1,1,0,-1
1533864702006224,1,2,2,23,4,0,-1,-1
1533864702008215,-7,-6,-7,-8,6,-3,-5,-4
1533864702008215,0,-1,2,0,-1,-1,-1,-2
1533864702021215,-2,-4,-2,-7,-3,-3,-4,-2
1533864702021215,-1,-2,-2,12,-1,-3,-1,-2
1533864702028171,-1,0,0,-19,-10,-1,0,1
1533864702028171,0,0,-2,2,1,2,-1,-2
1533864702043125,0,0,2,6,0,-4,0,-1
1533864702043125,-2,-1,-2,3,6,0,-1,-2
1533864702051104,-3,0,0,-9,-9,-2,-1,1
1533864702051104,0,-1,-1,7,-5,-3,-1,0
1533864702066064,1,-2,-1,-10,18,3,0,0
1533864702066064,-3,-2,-3,-21,-23,-3,0,0
1533864702068055,-1,-2,-1,2,-2,-3,-1,-1
1533864702068055,-1,1,3,17,12,1,0,1
1533864702081024,0,1,-3,-20,-25,-3,-1,0
1533864702081024,1,-1,0,-3,-2,1,-3,-3
1533864702088003,1,-3,-2,9,14,0,-1,-1
1533864702088003,-3,-1,0,-31,-12,-3,-1,-2
1533864702103975,-1,-2,0,6,5,2,0,-1
1533864702103975,-1,-1,-2,-5,-4,-1,-1,-1
1533864702105954,1,2,-1,-6,-3,2,1,0
1533864702105954,-1,0,0,9,1,-1,0,0
1533864702126901,-3,-3,-2,-2,-3,-5,-2,-1
1533864702126901,-2,-1,-1,-5,6,-2,-3,-1
1533864702127910,-2,-1,0,19,9,-3,0,-2
1533864702127910,0,0,1,-14,-15,-1,-1,1
1533864702139863,-4,-4,-9,-23,-6,-1,-2,-2
1533864702139863,-2,-1,-3,0,-9,-4,-2,0
1533864702148839,2,-2,-1,-2,0,-1,-3,-3
1533864702148839,1,-1,1,13,15,2,-1,-1
1533864702163799,-5,-4,-7,-28,-35,-3,-5,-2
1533864702163799,1,-1,-1,2,14,2,0,1
1533864702165794,-2,-3,-2,9,0,-3,-2,-1
1533864702165794,-1,-1,-5,-25,-14,-4,1,-3
1533864702186738,-1,1,1,31,17,0,0,-2
1533864702186738,0,-1,-1,-8,-1,-1,0,-3
1533864702187751,2,-1,0,-12,-8,0,1,0
1533864702187751,-2,-4,-3,13,2,-2,-1,-3
1533864702200762,2,1,1,4,13,1,0,0
1533864702200762,-3,-1,-1,6,3,1,-4,0
1533864702208679,1,0,1,-9,-7,-5,0,0
1533864702208679,-3,-2,-5,10,-9,0,-4,-1
1533864702223643,-2,-3,1,12,9,0,-2,-1
1533864702223643,-1,-2,-1,-3,-2,0,1,-1
1533864702225648,0,0,-2,-2,2,0,1,-1
1533864702225648,0,0,0,-7,2,1,1,-2
1533864702246581,0,-1,1,4,0,0,0,-1
1533864702246581,2,2,1,13,4,-1,2,-1
1533864702248572,-5,-3,-3,-11,-5,-3,-3,-1
1533864702248572,0,-3,0,-4,-6,-3,0,0
1533864702260547,1,0,2,24,12,-1,1,-1
1533864702260547,-2,-3,-5,-25,-4,-4,-1,-1
1533864702269521,-5,-5,-8,6,-8,-2,-4,-3
1533864702269521,-1,0,0,-9,-4,0,-1,-2
1533864702284546,-2,-2,-2,9,4,-2,-2,-2
1533864702284546,0,-2,1,1,-5,-2,-1,1
1533864702285474,0,0,-1,-14,-4,1,0,0
1533864702285474,1,1,-1,5,7,-1,-2,0
1533864702305423,-1,-2,0,7,-2,0,-1,0
1533864702305423,-1,-1,1,-5,0,2,0,-1
1533864702306417,-2,-1,-4,-17,-9,-2,-1,-1
1533864702306417,0,-3,-3,3,5,-3,0,2
1533864702328359,1,2,1,-11,-4,1,0,0
1533864702328359,2,0,4,20,-4,-1,0,0
1533864702329357,-1,-2,0,-3,14,1,-1,-1
1533864702329357,-3,-3,-6,-19,-5,-1,0,0
1533864702343322,-1,-2,-2,5,-5,-3,-3,-1
1533864702343322,-3,-1,-1,9,8,2,-1,-2
1533864702344316,1,2,1,-17,-16,-3,0,-1
1533864702344316,-1,1,1,-2,0,-1,0,-2
1533864702366258,-1,-1,-1,7,8,-2,0,-2
1533864702366258,-1,0,-2,-13,-10,-3,-2,-1
1533864702366258,0,0,4,10,4,1,1,0
1533864702366258,-1,-3,-2,4,0,-2,-3,-2
1533864702388202,0,0,2,-2,-3,0,0,2
1533864702388202,-5,-5,-4,-19,-9,-6,-4,-3
1533864702389197,1,-2,-1,8,4,1,1,0
1533864702389197,0,-1,-3,5,-3,-1,-2,-1
1533864702403159,0,-1,1,28,7,-3,-1,-1
1533864702403159,-3,-2,-8,-54,-25,-2,-1,-2
1533864702404157,-2,-3,-1,20,9,2,-1,-1
1533864702404157,0,0,-2,-25,-8,-1,2,0
1533864702426128,1,-2,-3,14,6,-1,0,-3
1533864702426128,-2,-1,0,15,13,4,-1,0
1533864702426128,-1,0,1,-3,-8,1,0,1
1533864702426128,-2,-3,2,8,-5,-3,-2,-1
1533864702448212,0,-2,0,-13,0,-4,-2,-1
1533864702448212,-2,0,-2,1,-8,-5,-2,0
1533864702449037,-1,-1,-1,-2,8,1,-1,-2
1533864702449037,1,1,1,2,16,4,-1,-2
1533864702463002,-4,-3,-1,-12,-19,-6,-3,-1
1533864702463002,-2,-2,0,19,9,-2,-3,-2
1533864702463996,-2,-2,-6,-7,-16,-4,-2,-2
1533864702463996,-2,-1,2,2,-15,-1,-2,0
1533864702485938,2,1,-3,-46,14,3,1,0
1533864702485938,0,-1,-1,-12,-11,0,-1,-2
1533864702486935,0,-1,0,7,4,-2,-1,0
1533864702486935,-2,-1,-2,0,-2,-2,-2,-1
1533864702507882,-1,-1,1,-7,-6,0,1,0
1533864702507882,3,-1,2,31,14,-1,0,1
1533864702508890,-4,-3,-5,-22,-17,-4,-2,-2
1533864702508890,-2,0,-2,5,1,-2,-2,-2
1533864702523839,1,2,1,6,-5,1,-1,-2
1533864702523839,-2,-2,-4,5,6,1,0,-2
1533864702523839,1,1,3,-3,-1,3,0,1
1533864702523839,-1,-2,-3,3,-4,-6,-2,-1
1533864702545781,-3,-3,-1,-1,7,2,-1,1
1533864702545781,-1,-1,2,-6,-16,-2,-1,0
1533864702546775,-1,0,-3,4,7,0,0,-2
1533864702546775,-5,-4,-2,-1,-4,-2,-2,-1
1533864702568722,-1,1,-1,22,2,0,1,-1
1533864702568722,0,0,-4,-30,-15,-4,-1,-3
1533864702568722,-1,-2,-1,13,12,-1,-2,-1
1533864702568722,0,-1,-3,-35,-20,-3,-3,-2
1533864702583679,-4,-2,-2,9,-2,-2,-2,-1
1533864702583679,0,1,2,1,6,2,-1,1
1533864702583679,-2,-1,1,14,7,0,-2,-1
1533864702583679,1,-2,0,5,2,-1,-1,-1
1533864702605621,-2,-2,-1,-10,-5,-2,-1,-2
1533864702605621,-1,-1,-2,6,4,0,0,-1
1533864702606631,0,-1,-1,-11,-1,-1,-2,-1
1533864702606631,-2,-3,-2,16,3,0,-2,-1
1533864702628559,0,2,0,-17,0,1,-1,-2
1533864702628559,-2,-2,-2,9,4,-1,-1,-1
1533864702628559,-2,1,1,28,15,2,-1,-3
1533864702628559,-1,-2,-5,-66,-38,-3,-2,-1
1533864702643590,1,2,2,15,6,-2,-1,-1
1533864702643590,-2,-2,-3,2,8,-2,0,0
1533864702644587,-1,-2,-3,-7,-7,1,1,-2
1533864702644587,-1,1,1,-13,7,1,0,-1
1533864702665532,-1,-3,-1,6,-8,-3,-2,-1
1533864702665532,-2,-2,-3,1,5,-2,-3,-1
1533864702666529,-1,0,3,5,-10,-4,-1,-1
1533864702666529,2,2,2,13,13,1,2,0
1533864702688470,0,-2,-3,-16,-14,-2,0,0
1533864702688470,-4,-1,-1,17,10,0,-2,-2
1533864702689468,-1,-3,-3,-17,-9,-3,-2,-2
1533864702689468,-1,1,-1,20,11,0,1,0
1533864702703441,1,1,0,-9,4,3,-2,-1
1533864702703441,-1,-1,-2,0,-21,-2,-1,-1
1533864702704428,-4,0,1,-7,1,-3,0,1
1533864702704428,-1,-1,0,12,1,0,0,-2
1533864702725482,-3,-3,-1,11,11,-1,0,-1
1533864702725482,-1,0,-3,-24,-29,-4,0,-1
1533864702726370,1,-1,-1,-6,2,-1,-1,-1
1533864702726370,-3,-2,-4,1,-1,-2,-2,-1
1533864702748340,-1,-2,1,11,-1,0,0,0
1533864702748340,2,1,0,-10,7,-2,-2,-2
1533864702749308,-3,-2,-3,-22,-18,-5,-3,-1
1533864702749308,0,-1,-2,9,17,2,-2,0
1533864702763377,-3,-3,-2,-6,-3,-2,-2,-1
1533864702763377,-3,-5,-7,-5,-17,-3,-3,-4
1533864702764269,-3,0,-2,9,-7,-3,-2,-1
1533864702764269,-1,1,-3,-7,0,0,1,-3
1533864702786209,1,-1,3,-8,-16,-4,-1,-1
1533864702786209,0,0,1,10,13,0,1,-1
1533864702786209,3,2,1,-5,10,2,1,0
1533864702786209,-2,-2,1,21,3,-3,-3,-2
1533864702808153,-1,0,-2,-5,-5,-1,1,-1
1533864702808153,-1,-2,-3,-6,3,0,0,1
1533864702809148,-2,-1,-1,0,1,1,-1,-1
1533864702809148,-1,-2,0,-2,-1,1,-1,0
1533864702823114,-3,-1,-4,-4,-1,-2,0,-1
1533864702823114,-2,1,1,15,4,-1,-3,0
1533864702824108,-1,-2,-1,-5,-4,-1,-1,-2
1533864702824108,0,-2,-3,-2,-1,0,0,-3
1533864702846052,-1,0,-1,-2,-3,-1,-2,0
1533864702846052,0,-2,2,-4,2,3,0,-1
1533864702847046,2,1,0,3,-5,-1,-2,1
1533864702847046,-4,-5,-6,13,3,-4,-2,-4
1533864702867993,-2,-3,-5,-24,-2,-3,-3,-2
1533864702867993,0,2,6,3,3,1,1,0
1533864702868988,-2,-2,-6,-18,-24,-4,-2,-3
1533864702868988,1,1,2,5,2,0,0,-1
1533864702882953,-2,0,-3,2,0,1,-1,1
1533864702882953,-2,-3,-3,6,5,-3,-1,-3
1533864702883962,2,1,4,-4,0,2,0,1
1533864702883962,0,-3,-4,4,2,-2,-2,-1
1533864702905892,-3,-3,-4,5,-6,-3,-4,-3
1533864702905892,-2,-2,-3,-1,3,1,-2,0
1533864702906886,-1,-1,-2,4,2,-2,-1,-3
1533864702906886,1,2,2,0,-1,2,1,0
1533864702927898,2,1,1,-2,1,1,1,-1
1533864702927898,0,-2,-2,-4,-7,-2,-1,0
1533864702928877,1,-2,-2,9,8,0,-2,-1
1533864702928877,0,-1,0,-8,-6,1,-1,0
1533864702943871,-1,-1,0,1,0,-1,-2,-2
1533864702943871,-2,0,-1,-5,-5,-1,-1,-2
1533864702943871,-4,-2,-1,-3,2,-1,-3,-1
1533864702943871,-3,-1,-2,-2,-3,-2,-1,1
1533864702965732,-3,-3,-2,2,-5,-2,-1,-2
1533864702965732,0,1,1,-1,4,0,0,-2
1533864702966726,0,-1,-2,-5,-1,2,0,0
1533864702966726,-2,-3,-1,0,4,-1,-2,0
1533864702988671,-2,1,4,10,-2,1,0,1
1533864702988671,0,-2,-16,-8,-7,0,1,-1
1533864702988671,-3,-2,-4,16,23,-2,-2,-4
1533864702988671,-1,-2,0,-23,-26,-2,0,-3
1533864703003628,0,-1,-1,-7,-1,-2,-1,0
1533864703003628,-1,1,9,9,5,-2,-1,1
1533864703003628,3,1,-1,-11,-3,1,1,1
1533864703003628,-1,-2,0,6,5,-3,-2,0
1533864703025624,-1,-1,3,1,-7,0,0,-1
1533864703025624,4,-4,-24,-7,7,4,-2,-3
1533864703026571,-5,-6,-8,14,-11,-6,-6,-3
1533864703026571,-3,-3,-2,-23,4,0,-1,-2
1533864703048507,-2,0,4,-5,3,2,-1,1
1533864703048507,0,0,3,0,-4,-1,1,1
1533864703049505,-1,1,2,4,2,-2,1,-1
1533864703049505,0,1,3,18,6,-2,-1,-2
1533864703063471,0,-5,-14,-21,-16,-6,-4,-3
1533864703063471,-2,0,4,-4,0,-1,-1,-3
1533864703064465,0,1,2,3,5,2,1,-1
1533864703064465,-2,0,6,-16,-13,2,0,-1
1533864703085409,-2,0,-3,25,14,2,-1,-2
1533864703085409,-2,-2,5,23,-2,-3,-4,-3
1533864703086407,-1,-1,-6,-25,6,-2,1,1
1533864703086407,-2,4,13,-16,-20,-2,-2,-1
1533864703108351,-4,-10,-34,-18,-6,-3,-1,-4
1533864703108351,-2,-3,-2,-5,-9,-1,-3,-2
1533864703109345,-3,-1,24,-8,3,1,-4,0
1533864703109345,3,1,1,14,9,3,5,3
1533864703122311,-1,-2,7,11,3,-1,-1,-1
1533864703122311,-4,3,9,4,2,1,-1,3
1533864703131289,-3,0,-2,25,-1,1,2,1
1533864703131289,0,-3,-16,-45,1,-2,-3,-3
1533864703146249,0,0,13,19,-1,-4,-2,-5
1533864703146249,-3,1,3,-34,2,-2,0,0
1533864703146249,0,4,11,44,4,3,3,0
1533864703146249,1,-5,-10,-39,-15,-3,-2,-2
1533864703168194,-3,-6,-7,37,8,-3,-1,0
1533864703168194,1,-2,-3,-34,-5,-4,-7,-8
1533864703169186,1,-4,-4,10,-2,-2,-3,-1
1533864703169186,-3,-1,3,32,11,-4,-1,-1
1533864703183206,3,6,10,-11,6,8,4,2
1533864703183206,0,2,4,21,-13,-4,3,4
1533864703191335,-5,-4,-3,11,-1,3,-2,-1
1533864703191335,-2,-1,-6,1,-8,-1,5,2
1533864703206086,0,-1,-1,-16,-4,-2,-6,-2
1533864703206086,-2,-4,-6,-13,-1,1,-3,-2
1533864703206086,1,-4,-12,-32,-11,-7,-4,-4
1533864703206086,2,0,3,30,14,-2,-4,2
1533864703228028,-4,2,4,1,-6,1,7,5
1533864703228028,-1,-2,-3,-10,-1,1,1,-2
1533864703229026,-1,0,-5,4,2,-2,-2,-2
1533864703229026,-1,-2,-4,7,-4,-6,-15,-10
1533864703243190,0,1,2,-18,-1,-1,2,7
1533864703243190,-1,-2,-1,15,10,4,2,2
1533864703250966,-1,-3,-4,-17,-8,-1,5,0
1533864703250966,-1,-1,1,10,-2,1,-2,-2
1533864703265929,-1,0,-5,-11,-5,-4,-7,-7
1533864703265929,-3,-1,1,11,3,-2,0,-1
1533864703266923,0,-1,-1,-10,-8,-2,1,1
1533864703266923,-4,-4,-4,-3,-3,-5,0,-1
1533864703288868,0,-1,-2,-2,2,-5,-5,-4
1533864703288868,0,-1,-2,-2,-4,-6,-7,-3
1533864703288868,4,2,0,-10,-7,-2,-4,-11
1533864703288868,-2,1,-3,9,0,5,7,10
1533864703302841,-2,1,3,-6,-1,8,6,3
1533864703302841,-5,-2,-1,7,1,3,1,-2
1533864703310806,-1,-1,-2,-1,1,-4,2,0
1533864703310806,0,-3,-3,-3,-5,-4,-3,-2
1533864703325769,4,-2,-1,-6,5,-2,-3,-4
1533864703325769,1,-1,-1,0,-8,0,-1,2
1533864703326763,-3,-1,-5,-3,-2,0,-7,-3
1533864703326763,-3,-2,-1,2,15,1,2,-1
1533864703348708,-3,0,2,-6,-19,-12,-2,-1
1533864703348708,-1,0,-2,1,2,-7,-5,-4
1533864703348708,0,0,-2,-3,0,6,-4,0
1533864703348708,-1,1,-1,4,3,8,4,-1
1533864703362667,0,-3,-3,-4,10,5,2,-4
1533864703362667,-4,-4,-3,0,-16,-12,-2,-2
1533864703370646,0,-2,-1,-4,-4,-8,1,0
1533864703370646,-1,1,2,3,4,4,2,1
1533864703385606,-1,-1,-1,3,2,3,-2,-3
1533864703385606,-3,0,-4,-3,-1,1,1,-2
1533864703386623,-1,-3,-4,-4,-3,-5,-4,0
1533864703386623,0,0,1,2,1,-3,-9,-8
1533864703408548,0,2,1,-3,0,2,4,6
1533864703408548,0,-1,3,0,1,5,0,-2
1533864703409542,-4,-3,-4,-4,-3,-3,-3,-3
1533864703409542,0,0,-3,2,-3,-1,-4,-1
1533864703422510,-3,-2,-3,-3,-12,-9,-3,-2
1533864703422510,1,-2,-4,0,19,5,-2,-1
1533864703438468,1,2,3,2,-20,-4,-1,0
1533864703438468,0,-4,-2,-2,3,1,4,1
1533864703445445,0,-1,2,0,4,1,-6,-2
1533864703445445,2,-1,0,-2,-4,6,1,0
1533864703446444,-2,1,0,-2,3,4,4,3
1533864703446444,-4,-1,-2,0,-7,-7,-4,-3
1533864703468384,-3,-2,-2,0,-1,-2,3,-1
1533864703468384,-1,-1,2,-3,-3,-5,2,1
1533864703469381,-3,-3,-4,3,6,-5,-4,-4
1533864703469381,1,-2,-2,-10,-14,-5,-7,-5
1533864703482350,-1,-2,-2,4,7,1,0,0
1533864703482350,0,0,0,-6,-5,-5,-3,1
1533864703491335,0,-1,-1,-3,18,7,2,0
1533864703491335,-1,-1,-1,1,-9,0,5,1
1533864703505289,2,-1,-1,-2,-1,-4,-4,-5
1533864703505289,-1,-2,-2,2,4,3,-2,-2
1533864703506288,-3,-2,-3,-1,-8,-3,2,2
1533864703506288,-2,-2,-2,3,3,-1,-8,-2
1533864703528230,-2,-2,-2,-4,-3,-1,-1,-1
1533864703528230,-2,-3,-2,0,-3,-4,-4,-5
1533864703529234,0,-3,1,-4,5,-4,-1,-3
1533864703529234,-2,-1,-1,-3,-2,-1,-1,1
1533864703551163,-4,1,-1,-3,-9,1,4,2
1533864703551163,-3,-2,-2,-5,-5,-3,1,0
1533864703552165,-2,-2,0,6,1,-5,-5,-3
1533864703552165,1,1,2,19,4,0,1,0
1533864703566126,-4,-1,-4,-21,-15,1,0,0
1533864703566126,-2,1,-2,-4,14,1,-3,-1
1533864703566126,-2,-2,-6,-8,-12,-2,-2,-4
1533864703566126,-1,-1,0,1,8,-1,2,-1
1533864703588069,1,0,1,6,-5,-1,0,-1
1533864703588069,2,1,1,3,-11,-1,1,-1
1533864703589064,0,0,1,1,2,1,2,-1
1533864703589064,-3,1,-2,-6,0,-2,-1,0
1533864703611006,-1,-3,-2,2,16,4,-3,0
1533864703611006,-2,-1,-2,-6,-14,-3,-1,-2
1533864703618259,0,2,-1,-2,-4,-2,1,0
1533864703618259,-1,-1,-2,-5,-4,-4,-3,-4
1533864703626309,0,1,-2,1,-1,-5,-3,-4
1533864703626309,0,-2,-2,9,3,-3,-7,-2
1533864703626309,1,-1,-1,6,7,4,2,2
1533864703626309,1,0,0,-5,6,4,3,-1
1533864703648152,-3,-7,-40,-7,-10,-10,-4,-4
1533864703648152,-3,-1,6,3,0,-1,1,0
1533864703649150,2,-1,-14,-24,-7,0,-2,-1
1533864703649150,-1,-1,38,13,4,2,0,-1
1533864703671094,2,-1,2,2,4,0,-2,-4
1533864703671094,1,0,-1,-2,6,3,7,2
1533864703678201,2,3,8,15,5,4,-5,5
1533864703678201,-3,-3,-19,12,18,-2,-3,-1
1533864703686177,-1,-1,5,-11,-28,-1,-2,-3
1533864703686177,-1,-2,-3,-11,-5,-8,-3,-8
1533864703686177,1,1,6,7,11,3,-1,-3
1533864703686177,1,1,-8,-13,-18,-1,-3,2
1533864703716111,-2,-2,10,9,9,7,3,-1
1533864703716111,2,2,1,9,17,3,-2,9
1533864703717094,-5,-5,-6,3,-4,0,5,-3
1533864703717094,-1,-4,-7,-4,-6,-4,-2,-2
1533864703732097,1,1,6,-2,-2,-9,-2,0
1533864703732097,0,0,-7,0,-12,-1,-1,-2
1533864703732097,-5,-3,-6,-14,7,-3,-1,-1
1533864703732097,-5,-2,0,-9,-7,1,0,-1
1533864703746020,1,0,5,20,14,0,0,1
1533864703746020,-3,-5,-4,-21,-10,-3,-1,-3
1533864703752998,-4,-2,-3,-17,-12,-6,-3,-3
1533864703752998,0,-2,-4,1,-4,-4,-3,-4
1533864703768961,0,1,5,7,8,4,0,5
1533864703768961,-5,-3,-3,41,2,-5,2,-1
1533864703769955,0,-3,0,-12,-3,2,0,1
1533864703769955,-3,-3,-5,-2,-5,-6,-2,-5
1533864703791897,-3,-5,-2,-2,-5,-6,-9,-9
1533864703791897,1,0,2,-8,-4,7,13,6
1533864703791897,-4,-2,2,9,7,3,-7,0
1533864703791897,0,-1,-4,4,-3,-6,-1,-5
1533864703805860,1,-1,-2,-7,11,3,1,-1
1533864703805860,-4,-4,-2,-4,-22,-7,-1,-1
1533864703806872,1,-1,-1,-8,-9,-2,0,-3
1533864703806872,3,1,1,15,20,14,1,4
1533864703827797,-6,-1,1,20,24,-5,-3,-1
1533864703827797,-2,-1,-3,-3,-35,-5,-9,-2
1533864703828795,3,-2,-5,-20,-6,-5,-1,2
1533864703828795,-4,-3,-5,-16,-18,-5,-2,-3
1533864703851759,0,0,0,-9,-1,1,2,1
1533864703851759,-2,0,1,8,17,1,0,-3
1533864703852732,-2,0,4,8,-3,1,-4,-1
1533864703852732,2,-1,-1,-9,1,-1,3,3
1533864703865700,2,-2,-1,6,3,0,-3,-1
1533864703865700,0,0,2,-10,-2,2,3,2
1533864703866703,-2,-3,0,10,-4,-10,-5,-9
1533864703866703,3,2,4,3,21,17,6,7
1533864703888644,-7,-3,-2,-8,-29,-3,-2,-1
1533864703888644,-1,-3,-4,-13,-1,-3,-3,-3
1533864703888644,-1,0,-3,-6,-2,-1,1,1
1533864703888644,0,0,0,12,0,0,-3,-1
1533864703911577,1,1,2,3,4,1,0,0
1533864703911577,-2,-2,-2,-15,5,1,-1,-4
1533864703912571,-1,-1,0,-5,0,0,-1,-5
1533864703912571,-3,-1,0,1,-6,-10,-5,-5
1533864703925536,-1,-3,-5,-17,-9,-2,0,-3
1533864703925536,0,-1,-1,1,10,-4,-5,-3
1533864703926533,0,3,0,8,2,5,5,3
1533864703926533,-5,-2,-6,-18,-10,-6,-3,-1
1533864703948478,-2,-2,1,-4,-1,-1,-2,-2
1533864703948478,0,-2,0,13,8,-5,-1,-1
1533864703949472,0,0,2,11,2,4,-2,4
1533864703949472,-1,1,-1,0,-2,4,3,0
1533864703971413,-3,0,-3,-9,-9,-7,-1,-3
1533864703971413,3,-1,-5,-8,5,5,1,1
1533864703972416,-2,-2,-2,2,-1,-5,-1,-2
1533864703972416,-2,-3,-1,4,-8,-7,-4,-2
1533864703994354,2,1,3,1,14,6,1,1
1533864703994354,-2,-2,-3,-4,-3,3,1,0
1533864703994354,-2,-2,-2,2,1,-2,0,-2
1533864703994354,-1,-1,-1,-4,0,0,-2,-1
1533864704008316,-2,0,-1,-1,-5,-5,-3,-1
1533864704008316,-2,2,1,-1,1,-3,1,-2
1533864704009327,-2,-1,-1,3,-1,0,0,1
1533864704009327,-1,-2,-3,-14,-3,-4,-2,-2
1533864704031272,0,-1,0,6,-7,1,0,-1
1533864704031272,-2,-1,-2,-5,-6,-5,-2,-4
1533864704032272,1,1,0,-1,-4,-1,-3,-1
1533864704032272,0,0,1,2,4,0,-1,-5
1533864704046217,0,0,-2,-7,1,1,-2,1
1533864704046217,-3,-1,-1,5,-4,-3,-1,-2
1533864704046217,-1,-1,0,-11,-5,-4,1,-2
1533864704046217,-2,-2,-3,5,7,7,3,1
1533864704068155,-1,-4,0,24,0,0,-1,-2
1533864704068155,0,-1,1,-33,-6,-4,-8,-2
1533864704069153,-1,-3,-2,-12,-1,-2,-3,0
1533864704069153,2,-1,-1,9,-1,-3,1,-1
1533864704091094,-1,0,0,-12,-13,-2,-1,-2
1533864704091094,-2,-3,-3,17,4,-2,0,1
1533864704092098,-2,-1,1,-1,-3,0,1,-1
1533864704092098,-2,-2,-1,-12,-2,-4,-3,-1
1533864704106057,0,-1,-3,-6,-5,-3,1,1
1533864704106057,1,0,1,5,2,-1,-7,0
1533864704107051,-1,-2,-2,1,0,1,0,-3
1533864704107051,-1,0,0,9,-3,-3,2,2
1533864704136971,-1,-1,0,-1,5,2,1,-1
1533864704136971,-1,-2,0,3,0,5,3,-2
1533864704136971,-4,-2,-3,-2,-1,-1,0,0
1533864704136971,-1,-1,2,-7,-7,-2,-1,0
1533864704151931,0,-1,-3,-8,2,-2,-2,-2
1533864704151931,0,2,0,7,6,4,-1,0
1533864704151931,-2,-1,1,17,0,-2,-1,3
1533864704151931,0,0,-2,-14,-7,-4,-1,-1
1533864704164898,-3,-1,-5,2,0,-3,-1,-1
1533864704164898,1,0,3,13,8,3,-1,0
1533864704172878,0,0,-5,-21,-9,-4,1,-2
1533864704172878,-3,-2,-3,2,-2,-4,-4,0
1533864704188835,0,0,1,-1,-1,1,2,0
1533864704188835,0,-1,-2,-1,-3,-2,0,-3
1533864704188835,1,0,1,5,5,0,-3,-3
1533864704188835,0,-2,0,-2,-7,-6,-3,-1
1533864704211779,-2,0,1,2,5,4,2,-2
1533864704211779,-2,-2,-1,-12,-6,-1,3,0
1533864704211779,0,0,-1,9,-8,-4,0,-2
1533864704211779,-3,-3,-2,-2,-2,2,0,0
1533864704225792,1,0,0,5,0,-1,-3,-1
1533864704225792,-1,-2,-1,-5,6,-1,2,1
1533864704233745,-1,0,-3,-5,-3,-4,-8,-1
1533864704233745,-2,-1,-1,-4,-2,0,3,0
1533864704248672,-1,-1,-1,5,-3,0,-1,0
1533864704248672,-3,-1,-2,-7,-8,-4,-7,-6
1533864704248672,1,-3,-6,-18,1,-1,-2,-2
1533864704248672,-3,1,1,6,7,-3,-1,-2
1533864704271620,-1,-1,-1,-8,-4,0,1,-1
1533864704271620,-1,0,-2,2,4,-4,-1,2
1533864704272661,0,1,3,30,-1,2,-2,-1
1533864704272661,1,-2,-4,-13,-1,-2,-5,-4
1533864704284833,-1,-1,-2,-8,0,1,1,1
1533864704284833,0,1,-1,4,-1,-4,-2,0
1533864704293807,-3,-2,-4,-8,0,-1,-2,1
1533864704293807,-3,-2,3,9,5,1,3,2
1533864704308911,0,-2,-2,-10,-6,-4,-3,-2
1533864704308911,-2,-1,-3,4,2,-1,-1,-3
1533864704308911,1,0,-2,-9,-7,-2,-2,-3
1533864704308911,-1,-1,-2,5,0,1,4,1
1533864704331885,0,-1,-1,0,5,1,-1,-1
1533864704331885,-1,0,1,-4,-10,2,0,0
1533864704332719,-3,-3,-3,-3,1,-3,0,-3
1533864704332719,-1,-2,-2,-4,2,-6,-12,-7
1533864704345669,1,0,1,2,-2,1,5,5
1533864704345669,-1,-2,-1,9,-1,0,-3,2
1533864704360633,-2,-3,-1,-4,-9,-2,4,1
1533864704360633,1,-4,-3,0,4,-1,1,-2
1533864704368621,-4,-3,0,-3,3,-5,-7,-5
1533864704368621,1,-1,-4,-4,-3,-1,2,0
1533864704369623,-2,0,-1,11,-2,0,0,-1
1533864704369623,-5,-1,-6,-7,-11,-2,-3,1
1533864704391733,0,-1,1,-1,-3,0,-2,-1
1533864704391733,-1,-3,-1,-7,-3,-1,0,-2
1533864704391733,1,0,3,-1,9,4,0,0
1533864704391733,-3,1,0,1,-2,0,2,-1
1533864704413743,-1,0,-3,-2,-1,1,-2,-1
1533864704413743,-1,-3,0,0,0,-2,-2,-2
1533864704414741,0,-1,0,-2,1,1,-1,0
1533864704414741,1,-1,2,3,-2,1,-1,-2
1533864704436682,0,-3,-4,-3,-5,-6,-5,-5
1533864704436682,-2,1,-2,0,6,4,2,-1
1533864704437688,-4,-1,0,-1,-6,-3,-1,0
1533864704437688,-1,0,0,-6,0,2,1,1
1533864704451656,0,1,-2,15,9,-1,1,0
1533864704451656,-3,-5,-3,-5,-2,-4,-4,-3
1533864704452640,-3,-3,-5,-19,-13,-10,-8,-3
1533864704452640,0,0,-1,2,-5,2,-1,-1
1533864704465773,1,-1,1,1,6,1,0,1
1533864704465773,-3,-1,-1,15,-4,-4,-2,-2
1533864704473707,-1,-2,-1,-12,1,2,2,-1
1533864704473707,-2,-2,-2,3,3,1,-1,-1
1533864704488558,-3,-1,-3,-5,-4,0,-1,-3
1533864704488558,1,0,1,2,1,0,0,-1
1533864704489541,-1,-2,-1,1,5,0,0,-3
1533864704489541,1,0,0,-2,0,-4,-1,0
1533864704511513,-2,-1,2,-2,-3,0,-3,-2
1533864704511513,1,0,0,-5,-5,-4,-2,-1
1533864704512510,0,0,-1,3,5,1,-1,2
1533864704512510,-1,-1,-1,-3,-3,2,0,-1
1533864704534452,-4,-2,-2,0,-6,-1,0,-1
1533864704534452,-1,0,0,-4,-3,-1,-4,-2
1533864704534452,0,0,-1,4,5,3,3,0
1533864704534452,-1,-1,-1,0,-3,-5,-2,-2
1533864704549411,-2,-2,-3,-14,-11,-5,-1,1
1533864704549411,0,-2,-3,-11,-2,0,1,-1
1533864704549411,-2,0,-3,8,0,-3,-2,-2
1533864704549411,0,-2,1,5,2,3,1,2
1533864704571353,-1,-1,0,1,3,-1,-3,-2
1533864704571353,-1,-2,-5,-2,0,-1,-2,1
1533864704572368,1,1,-1,-2,-4,-4,-2,-3
1533864704572368,-1,-1,-2,-2,-1,-2,-4,-2
1533864704594295,-2,0,0,0,-1,-3,-2,-1
1533864704594295,-2,1,1,4,1,1,2,-1
1533864704594295,-1,-2,-2,5,1,3,0,0
1533864704594295,-1,-3,-1,-4,-1,-4,-2,-4
1533864704608257,1,0,-2,-14,-5,0,-2,0
1533864704608257,-1,-1,0,-4,-1,-1,-1,1
1533864704609251,2,-1,2,8,0,3,-2,-1
1533864704609251,-2,-1,-3,-6,10,-5,-5,-2
1533864704639175,-2,-4,-1,0,-3,-2,1,-3
1533864704639175,-2,1,0,-2,-2,2,-1,1
1533864704640169,-1,-2,-1,-7,-3,-4,-2,-3
1533864704640169,1,1,2,6,10,7,1,3
1533864704654132,-2,0,-1,-1,-1,-2,-4,-2
1533864704654132,0,-2,-3,-7,-11,1,0,-1
1533864704655133,0,-2,-3,-13,4,-2,2,-2
1533864704655133,-1,-1,-4,-5,-11,-6,-3,-1
1533864704668094,-1,-2,-5,-3,4,0,2,2
1533864704668094,0,0,-1,4,-3,-4,0,-1
1533864704669102,-1,-1,2,5,-1,-1,-2,-2
1533864704669102,-2,-1,-1,-6,-1,-2,-1,-2
1533864704692031,0,0,0,3,-9,0,-1,0
1533864704692031,0,-1,-2,4,5,-4,-6,-6
1533864704692031,-2,0,-2,2,-5,1,-1,0
1533864704692031,-2,0,0,-6,-9,-2,-1,1
1533864704713975,-2,0,1,7,8,4,1,1
1533864704713975,-2,-1,-1,-6,-7,-5,-1,-1
1533864704714968,-2,0,-3,0,3,1,-2,-4
1533864704714968,-2,-1,0,-1,-8,-2,0,-2
1533864704727937,2,0,-3,2,9,0,-2,-1
1533864704727937,-5,0,1,-7,5,3,2,2
1533864704728951,0,-1,0,-1,-9,-5,-2,-1
1533864704728951,-1,-2,-1,-3,3,0,2,-2
1533864704751869,-2,0,-1,1,-5,-4,-4,-1
1533864704751869,0,-1,-2,2,7,1,-2,-1
1533864704752867,0,0,-2,3,1,-6,-3,-1
1533864704752867,-1,0,1,13,-3,1,0,1
1533864704773815,0,-1,-2,-24,-13,-4,0,0
1533864704773815,-1,-2,-1,0,-3,-3,0,-2
1533864704774810,-1,1,-3,-4,-1,0,0,0
1533864704774810,-1,-2,-1,3,0,-3,-4,-5
1533864704788775,-3,-3,0,5,4,-2,-1,-1
1533864704788775,0,-1,0,5,-1,-2,0,0
1533864704788775,-2,-1,-1,-8,1,-1,-2,-1
1533864704788775,-1,-1,0,-4,-1,-1,0,-2
1533864704810963,-2,-3,-2,4,-3,1,0,-2
1533864704810963,0,-1,-2,-4,0,-1,-2,-3
1533864704811969,-1,-2,0,3,-1,2,0,1
1533864704811969,-1,-2,-2,-3,-2,1,-1,-3
1533864704833904,-3,0,-2,0,-4,-1,-1,-1
1533864704833904,-1,0,-1,0,5,2,-2,-1
1533864704834898,-2,-2,0,-4,-3,-2,0,-1
1533864704834898,-1,-1,-3,1,-3,-3,-5,-3
1533864704848863,1,0,-1,3,-1,3,2,-2
1533864704848863,-3,0,-3,-7,-6,-4,-1,0
1533864704848863,0,0,-2,-2,-6,2,1,1
1533864704848863,0,0,0,1,12,2,-1,0
1533864704871992,-1,-3,-1,0,-1,-7,-4,-5
1533864704871992,-1,-3,-1,4,-10,-1,1,-1
1533864704871992,-1,0,-1,0,4,3,1,0
1533864704871992,-2,-1,-3,-16,-9,-2,-1,0
1533864704893744,0,-1,-2,2,4,0,0,-1
1533864704893744,-2,-1,-1,1,1,3,1,-3
1533864704894738,-2,-2,2,2,-4,-5,-6,-4
1533864704894738,0,0,1,-1,-2,1,0,0
1533864704908727,0,-1,1,11,3,-5,0,-1
1533864704908727,1,-3,-3,-10,-3,0,-2,0
1533864704908727,1,0,-3,0,1,2,1,-1
1533864704908727,-3,0,-1,-4,-1,-2,-1,-1
1533864704931832,-2,0,-2,2,0,-2,-1,-1
1533864704931832,0,-2,1,-1,-2,-3,-3,-2
1533864704932679,-1,-1,0,-2,1,-4,-3,-1
1533864704932679,-1,-1,-2,0,-2,2,3,1
1533864704953607,1,0,1,-4,-6,0,0,-2
1533864704953607,-1,-1,-2,1,7,2,-1,-1
1533864704955602,-2,-3,-3,-6,-5,-4,-2,-3
1533864704955602,-1,0,-2,1,-7,-7,-8,-3
1533864704967574,-2,0,-3,-2,4,8,7,4
1533864704967574,1,2,-1,-9,-1,-3,-2,-1
1533864704976564,-5,-2,-5,3,4,-11,-2,-2
1533864704976564,-6,-5,-5,3,-21,-8,-2,-3
1533864704992540,0,-2,1,-5,-6,-1,-2,0
1533864704992540,0,-2,0,1,-1,-1,-1,0
1533864704993500,1,1,1,3,6,6,2,0
1533864704993500,2,0,2,-8,6,0,0,-2
1533864705013445,-2,-2,-1,0,0,-5,-5,-3
1533864705013445,-2,0,-1,2,-5,-3,-2,0
1533864705020427,0,-2,-1,-6,-6,-3,-2,-2
1533864705020427,-1,1,-2,3,5,2,0,-1
1533864705027420,1,-1,-2,-5,-2,1,0,-1
1533864705027420,1,0,-1,3,3,1,-2,-1
1533864705036404,-2,0,-3,-2,-2,2,1,-2
1533864705036404,2,-2,-1,-6,1,2,1,0
1533864705051344,-2,-2,-3,2,-6,-4,-5,-2
1533864705051344,-3,-2,-2,2,-1,-2,3,-1
1533864705053340,-1,-1,0,-3,-2,-2,-3,-1
1533864705053340,0,1,1,0,5,0,1,-2
1533864705089271,1,1,1,-13,2,-1,4,0
1533864705089271,-5,-2,-1,22,12,-3,-1,-2
1533864705091245,-1,-1,-1,-4,-4,3,-2,-2
1533864705091245,-1,0,-2,-6,-10,-3,-2,0
1533864705092236,-2,-1,-1,2,-2,-3,-5,-3
1533864705092236,1,-1,0,-7,2,0,4,1
1533864705096413,1,-1,1,2,1,1,2,0
1533864705096413,-2,-2,-2,-1,-2,-3,-1,1
1533864705112195,-2,-1,-1,-7,-6,-3,-1,-2
1533864705112195,1,0,-1,-4,-1,-5,-6,-4
1533864705117172,-2,0,-1,7,-2,2,-3,0
1533864705117172,-2,-2,1,1,-2,8,4,1
1533864705134124,-2,0,-2,-1,-5,0,-2,-3
1533864705134124,0,-1,1,-2,-4,-5,-3,1
1533864705135122,-1,-3,-1,0,-1,-5,-1,-1
1533864705135122,1,0,0,6,5,-2,-1,-3
1533864705148099,0,0,1,-3,1,1,-1,-2
1533864705148099,0,-2,-1,1,-3,-1,2,2
1533864705157063,-3,-1,-2,-1,0,-2,-1,-2
1533864705157063,-2,-1,-2,-2,0,-3,0,-1
1533864705172131,-3,-2,-2,3,6,0,-3,-1
1533864705172131,0,-1,-2,-1,-13,-1,-1,-4
1533864705173021,1,0,1,-8,-5,-3,-2,-1
1533864705173021,0,-2,0,10,10,0,-2,-3
1533864705194120,-1,-1,-1,2,2,-2,0,1
1533864705194120,-2,-1,-2,-9,-8,-1,-1,0
1533864705195957,-3,0,-1,4,1,1,-1,-1
1533864705195957,-1,-1,0,0,-4,-1,-1,-1
1533864705208164,0,-1,-1,-2,-2,0,-2,-1
1533864705208164,-1,-1,2,-2,4,3,-1,0
1533864705216143,-3,-1,-2,0,-5,-2,1,-3
1533864705216143,-1,-1,-1,-7,-3,-2,-1,0
1533864705231099,-2,-3,-2,0,-4,-6,-1,0
1533864705231099,-2,-1,0,-1,4,-3,-3,-5
1533864705233094,0,-2,0,-11,-1,-3,1,0
1533864705233094,0,-1,0,-1,1,4,2,1
1533864705254041,-1,-1,0,10,1,1,-1,-1
1533864705254041,-4,-3,-5,-11,-5,-2,-1,-2
1533864705256033,-2,-1,-3,-4,-13,-9,-6,-3
1533864705256033,-1,-1,-2,1,0,-2,-2,-3
1533864705268004,-1,0,0,-5,0,2,2,1
1533864705268004,2,2,2,-1,-2,2,0,-2
1533864705276977,-3,-2,-2,-2,12,-4,-4,0
1533864705276977,-1,-1,-4,-12,-8,-3,-3,-2
1533864705291937,-2,-2,-2,3,0,2,2,1
1533864705291937,2,-2,1,5,3,4,2,2
1533864705292935,-2,-1,-2,-6,-15,-1,1,0
1533864705292935,-2,-2,0,0,-2,-2,-4,-3
1533864705313882,-1,0,-1,-7,-4,-2,-3,-2
1533864705313882,-1,-1,-1,-5,4,1,-3,-1
1533864705315873,3,-3,1,3,4,2,2,-2
1533864705315873,-2,-1,-3,6,0,4,0,1
1533864705327844,-1,0,0,3,-5,2,-1,0
1533864705327844,-4,-4,-3,-11,-3,-6,-3,-2
1533864705343801,-2,1,0,-3,1,-2,-4,-3
1533864705343801,2,-1,-4,0,-5,-6,-2,0
1533864705351776,-1,-4,-2,3,3,-5,-1,-3
1533864705351776,-1,-1,-3,0,-6,2,-1,0
1533864705352775,-1,-1,-1,6,5,2,0,0
1533864705352775,-2,2,3,-5,-2,0,-2,0
1533864705381773,-1,-1,-3,-5,-2,-2,-3,-4
1533864705381773,-1,-1,-3,1,-5,-5,-6,-1
1533864705382696,1,0,-3,1,5,2,2,1
1533864705382696,-2,0,0,-2,-3,-4,0,1
1533864705387707,0,-1,-2,-9,-5,-1,0,-3
1533864705387707,-3,0,-2,7,3,-1,-3,-2
1533864705396657,-1,0,0,6,-1,-1,1,0
1533864705396657,-1,-1,-2,-1,-1,0,-4,-2
1533864705411621,-1,-2,-2,-8,-10,-2,1,-2
1533864705411621,0,1,0,7,11,5,5,3
1533864705413611,-4,-2,-2,-7,-5,-3,-2,-3
1533864705413611,1,-1,-1,-2,5,1,1,0
1533864705434557,0,-1,1,-2,1,-5,0,2
1533864705434557,-2,0,0,6,2,1,0,-1
1533864705435554,1,-1,-3,-12,-4,-5,-3,-1
1533864705435554,0,-1,-4,-2,-1,-4,-4,-2
1533864705456536,-1,-1,-2,-4,-3,0,-3,0
1533864705456536,-1,0,0,4,0,-3,2,0
1533864705458495,-2,0,0,-4,7,3,-2,-2
1533864705458495,-1,-2,0,-1,-6,-5,-2,-1
1533864705471457,-2,0,0,5,6,5,1,1
1533864705471457,-1,-2,0,-12,-5,-2,-1,-2
1533864705473452,-1,1,1,2,-3,1,-2,1
1533864705473452,-2,-3,-3,0,0,-1,-3,0
1533864705494395,0,-1,-1,8,2,-3,-3,-1
1533864705494395,-2,-1,-3,1,-3,-3,0,0
1533864705495393,1,-2,1,-2,5,3,1,0
1533864705495393,-2,1,2,-4,-8,-5,-2,0
1533864705516337,0,0,-3,-5,-5,-3,-2,-2
1533864705516337,-2,-3,-3,-6,-13,-5,-3,-4
1533864705518331,-3,-1,-4,3,2,-2,-3,-2
1533864705518331,-2,0,0,4,6,4,1,-3
1533864705531317,-2,-2,-1,2,1,-4,-1,1
1533864705531317,0,-1,-3,-8,-1,6,1,1
1533864705533291,-2,-1,-2,-3,-2,-2,0,1
1533864705533291,1,-3,-1,0,1,-3,-4,-3
1533864705554239,-2,-1,-1,4,-5,-4,0,0
1533864705554239,1,-1,0,-2,-2,-2,-3,0
1533864705555233,-2,-3,-3,2,7,0,0,0
1533864705555233,-4,0,-2,4,-9,-2,0,-1
1533864705576180,-1,-2,-1,-7,3,3,-1,-3
1533864705576180,-2,1,0,-3,0,-3,-1,-2
1533864705578171,-1,1,3,9,-3,2,0,-2
1533864705578171,-2,-2,-3,-19,1,-2,0,-2
1533864705591138,-3,-3,-3,6,-12,-5,-4,-2
1533864705591138,1,-4,-2,-2,-6,-1,-3,-2
1533864705593133,1,-1,2,3,-4,1,1,0
1533864705593133,2,0,1,2,4,2,2,1
1533864705622072,0,2,0,-2,5,0,-1,-2
1533864705622072,-2,-1,-1,-1,1,-2,0,-1
1533864705623052,-3,-3,-5,-6,-13,-6,-4,-5
1533864705623052,0,0,-1,5,14,4,-2,2
1533864705643995,0,-1,-1,-5,-3,1,2,1
1533864705643995,-4,-3,0,6,0,0,0,-2
1533864705645990,1,1,0,-1,-5,0,1,-1
1533864705645990,-2,-3,0,-2,-2,-2,0,-2
1533864705650976,0,-1,-1,4,2,-1,-2,-1
1533864705650976,-4,-2,-5,-12,-2,-4,-1,-2
1533864705657962,0,1,0,4,6,1,1,1
1533864705657962,-1,1,-3,-7,-12,-3,-2,-2
1533864705673919,2,-1,-2,-9,0,4,4,-1
1533864705673919,-4,-3,-1,11,3,-5,-1,-2
1533864705675910,-4,-3,-1,-8,1,2,-1,-3
1533864705675910,-2,-2,0,4,-1,-2,-1,-1
1533864705696860,0,1,1,-1,1,2,-3,-1
1533864705696860,0,1,1,-14,-3,-2,1,-1
1533864705697851,-2,-3,-3,1,-5,-6,-3,-1
1533864705697851,-2,0,-1,3,2,5,-1,1
1533864705710832,-2,-2,-3,-6,-5,-10,-3,-3
1533864705710832,1,-2,-1,6,2,1,-1,0
1533864705717799,-2,2,1,4,2,-3,2,-1
1533864705717799,-1,-4,-4,-11,-10,-6,-4,-6
1533864705741738,-1,-3,-2,-10,-3,2,0,-2
1533864705741738,1,2,-2,-22,-14,3,1,1
1533864705742731,0,-5,-3,9,12,-3,-2,0
1533864705742731,-4,-1,0,3,-17,-3,-2,-3
1533864705756693,-2,1,-1,0,9,-2,-4,-1
1533864705756693,-1,0,1,5,-1,-5,-3,-3
1533864705757691,0,-1,0,-6,-3,2,1,1
1533864705757691,0,-1,-1,0,5,0,-1,0
1533864705770656,-2,-3,-1,4,-3,0,1,-1
1533864705770656,1,-1,3,3,5,1,-3,1
1533864705777704,-1,1,-2,-4,-4,-2,-1,-1
1533864705777704,-1,1,2,7,8,-4,2,0
1533864705793599,-2,-4,-2,0,-2,-2,-2,-2
1533864705793599,-1,-3,-1,4,1,-3,0,-1
1533864705801574,-2,-3,-3,-8,-9,-4,-3,-4
1533864705801574,2,0,-1,0,-2,-1,0,2
1533864705816533,-1,-2,0,0,4,0,0,0
1533864705816533,-3,-3,-4,-2,2,-3,-4,-2
1533864705818529,-1,-1,-1,6,-2,-1,0,-2
1533864705818529,-2,1,1,1,-4,3,-1,1
1533864705839476,0,0,0,-5,-6,-5,-3,-4
1533864705839476,-1,0,1,5,1,1,2,-1
1533864705840470,-3,-2,-4,-8,5,-4,-2,0
1533864705840470,0,0,-1,-5,-11,-1,0,-1
1533864705853439,-3,-4,-1,5,9,-3,-2,-1
1533864705853439,0,-2,-2,-4,-1,2,-1,-1
1533864705861413,0,-1,-1,-8,-13,-7,-5,-3
1533864705861413,-2,-2,-2,2,8,2,-1,-3
1533864705876377,-3,0,-1,-1,-1,2,0,0
1533864705876377,-1,1,-1,2,0,0,3,-3
1533864705878368,0,-2,0,-3,5,-2,-2,-2
1533864705878368,-1,-2,-2,2,3,1,2,0
1533864705890340,-1,-1,-1,-6,-6,-3,0,0
1533864705890340,-2,-3,-5,-5,0,-2,-5,-3
1533864705899317,1,1,1,5,8,4,-1,1
1533864705899317,-1,-3,-1,-4,-20,-9,-3,-1
1533864705921257,2,1,0,4,3,3,4,1
1533864705921257,-2,0,3,7,7,1,-1,3
1533864705923249,-1,0,-1,3,24,2,1,-1
1533864705923249,-2,-2,-4,1,-9,-1,-2,-5
1533864705936214,1,-1,-3,1,24,1,-4,-1
1533864705936214,-1,-1,-4,-17,-66,-9,-1,5
1533864705938225,0,-3,1,3,6,3,-2,-1
1533864705938225,-1,-2,2,-1,10,1,2,-8
1533864705950176,1,0,0,1,6,0,0,-2
1533864705950176,0,-2,-1,5,-5,-1,4,4
1533864705959153,0,1,0,2,13,1,-4,-3
1533864705959153,-3,-3,-5,-4,-6,-1,-2,0
1533864705974115,-1,-1,1,-3,-16,-1,-3,2
1533864705974115,-3,-1,-1,1,17,-1,-3,-1
1533864705975110,-2,-1,-1,1,-12,4,5,3
1533864705975110,0,-1,-2,-1,6,2,-1,0
1533864705997056,-3,-4,-3,1,6,-3,-2,-2
1533864705997056,0,0,-1,-5,2,-4,2,3
1533864705998049,-2,-1,-1,-9,-10,-2,-6,-6
1533864705998049,-1,-3,-3,3,17,3,0,1
1533864706010017,-2,-2,-2,-2,-29,-9,-4,4
1533864706010017,-2,-4,-2,2,5,-2,-6,-9
1533864706026971,-1,0,-3,-7,-5,-4,1,-5
1533864706026971,0,1,0,-3,-4,-2,3,1
1533864706033955,-1,0,0,2,-3,1,-1,-3
1533864706033955,0,-1,0,-7,7,4,-2,-6
1533864706035948,1,-1,-1,-4,15,-8,-6,-1
1533864706035948,2,-1,1,8,11,1,-3,-2
1533864706056894,-3,0,-2,-4,-18,-6,0,1
1533864706056894,-1,1,-1,4,-1,2,2,1
1533864706057906,-2,-1,3,14,6,4,2,-2
1533864706057906,0,1,-3,-17,-5,-3,1,4
1533864706069856,1,1,0,1,8,5,0,0
1533864706069856,-1,-3,-4,-3,17,-3,-3,-4
1533864706078832,-2,-2,-5,-7,-26,-3,1,2
1533864706078832,-2,-1,4,5,8,2,1,-1
1533864706101773,-1,-3,-3,-3,3,-5,-2,-3
1533864706101773,0,-1,-3,-3,-21,4,1,-1
1533864706102770,-5,-8,-2,-4,-15,-9,-5,3
1533864706102770,-1,1,1,-4,-4,2,2,-3
1533864706116765,-2,0,0,6,4,2,-4,-5
1533864706116765,2,2,1,-5,-4,-8,1,5
1533864706117789,2,-1,-2,-1,1,0,-3,-8
1533864706117789,0,-2,-1,3,14,1,-1,3
1533864706129725,0,0,-1,0,2,2,1,2
1533864706129725,-5,-3,-1,-2,-23,-9,-1,-3
1533864706139676,2,2,3,6,22,6,3,-2
1533864706139676,-10,-5,-5,-24,-59,-14,-10,-12
1533864706153632,2,0,1,-7,6,7,-1,-3
1533864706153632,3,-2,-1,13,27,1,-1,-2
1533864706155628,-5,-5,-6,-3,-16,-3,0,1
1533864706155628,1,0,1,7,3,1,2,4
1533864706176574,-2,-4,-2,-1,8,3,2,-5
1533864706176574,-4,-4,-5,-21,-38,-15,-6,-5
1533864706178565,3,2,-2,-3,-3,-1,1,6
1533864706178565,0,-1,-1,2,28,2,-2,1
1533864706190536,-1,2,-1,-5,-24,1,4,3
1533864706190536,0,1,2,13,50,8,-1,-1
1533864706199509,-6,-5,0,1,-20,-5,-2,-2
1533864706199509,3,3,-1,0,-10,-6,-1,-2
1533864706214472,0,-6,1,3,21,3,-2,4
1533864706214472,4,0,-1,-10,13,9,0,1
1533864706216467,-6,-3,-4,4,-25,-12,-4,-4
1533864706216467,-3,-7,-2,17,4,-2,-3,-2
1533864706236411,-1,2,-3,-4,-3,-8,-2,-4
1533864706236411,-3,-1,0,7,-3,2,1,-1
1533864706238406,3,4,1,-4,21,9,3,3
1533864706238406,-1,1,-1,-7,-4,-3,-3,0
1533864706250377,0,1,1,6,-7,-4,1,-1
1533864706250377,-2,0,2,2,8,0,0,1
1533864706276412,-1,-6,-6,-18,-23,-3,-2,-5
1533864706276412,0,-2,-2,-1,-8,-1,-1,-2
1533864706277408,0,-3,-3,-3,0,-4,0,9
1533864706277408,-5,3,-2,1,-4,-2,-2,-11
1533864706280403,-2,1,3,4,6,8,3,2
1533864706280403,-1,-4,-2,4,13,-4,-3,-1
1533864706296396,1,-1,-3,-4,-11,-3,-1,0
1533864706296396,-1,-1,1,1,-10,-7,-4,-1
1533864706298353,2,5,2,3,2,1,-1,2
1533864706298353,-2,-1,-2,-6,-2,0,1,0
1533864706310319,-4,0,1,0,-4,-4,-6,-6
1533864706310319,-1,-2,-1,8,0,0,1,1
1533864706319297,-1,-2,-2,-24,2,-3,-2,-3
1533864706319297,2,-3,-2,1,5,0,0,1
1533864706334451,-2,-1,-2,1,-5,-4,0,-3
1533864706334451,-4,-4,-5,0,-5,2,-2,-3
1533864706335253,0,-1,0,-11,-4,1,2,3
1533864706335253,-2,0,-1,11,12,1,-4,0
1533864706356200,-3,-3,-1,-7,-5,-3,-1,-3
1533864706356200,0,-1,-2,-4,-4,0,-3,-1
1533864706358192,-1,0,-1,8,4,1,1,-1
1533864706358192,3,2,1,-11,-7,0,1,0
1533864706379139,2,2,-1,0,17,4,-2,-3
1533864706379139,-3,-6,0,5,-14,-5,1,1
1533864706380133,-3,-2,-4,0,-4,-6,-2,-1
1533864706380133,-4,-2,-2,6,-3,-5,-3,-3
1533864706394099,0,0,0,0,-1,1,1,-2
1533864706394099,1,2,-1,-6,3,1,-1,-2
1533864706396090,2,1,-1,3,1,-1,-2,-1
1533864706396090,-2,1,-1,-1,-1,0,0,-2
1533864706417038,-3,-3,-1,-1,-2,0,-1,-1
1533864706417038,0,-2,-3,-8,0,-3,0,-1
1533864706418032,1,1,2,-6,-6,-1,1,0
1533864706418032,-1,-1,1,15,12,-1,-2,-1
1533864706438980,-3,-4,-5,-7,-9,-5,-4,-1
1533864706438980,0,-1,1,0,7,2,0,2
1533864706440971,-2,-1,1,-2,-21,-3,-2,2
1533864706440971,-3,-3,-2,-6,0,-2,2,-2
1533864706452938,1,3,-2,13,13,3,0,-2
1533864706452938,-3,-5,-7,-7,-25,-4,-3,-3
1533864706459924,2,0,0,-14,4,5,0,-3
1533864706459924,0,0,0,-4,5,-1,1,-1
1533864706476874,-3,-4,-3,11,-4,-5,-3,-4
1533864706476874,-1,1,0,-5,14,0,2,4
1533864706477871,0,0,0,2,7,0,-5,-1
1533864706477871,-2,-2,-3,-4,-19,-2,2,2
1533864706498819,0,-1,0,-2,0,-4,-1,-3
1533864706498819,-1,0,0,0,0,0,-1,-3
1533864706500810,-3,-2,-2,11,8,5,-1,1
1533864706500810,-1,-1,-2,-12,-3,0,2,-1
1533864706513779,0,-4,-1,-7,-6,-1,1,0
1533864706513779,-1,-2,-1,-1,-7,-4,-1,-3
1533864706515770,-1,-1,-2,5,8,-1,-2,-1
1533864706515770,-2,-2,-2,-4,-7,-3,-3,-4
1533864706536714,2,1,-1,-13,-6,-1,-1,1
1533864706536714,-3,-3,-2,14,3,-3,-6,-3
1533864706537712,-2,0,-1,10,3,-2,1,-2
1533864706537712,-1,0,0,-10,-7,0,-1,0
1533864706558655,-2,-2,-1,14,8,-4,-4,0
1533864706558655,-3,-2,-4,-31,-33,-7,-3,-3
1533864706560657,0,-1,0,8,9,-3,-5,-2
1533864706560657,-1,-2,-2,5,-5,1,3,0
1533864706573619,0,0,-1,-6,-4,4,3,0
1533864706573619,0,3,1,5,11,3,1,0
1533864706580602,-2,-3,-3,0,-4,-3,-2,-2
1533864706580602,-1,-5,-2,-6,6,4,0,0
1533864706596557,-3,-1,-1,-4,-7,-4,-4,-1
1533864706596557,1,-3,0,5,5,0,-3,-1
1533864706598549,-2,3,-1,-8,-11,-4,1,-3
1533864706598549,0,0,1,5,4,-2,-3,1
1533864706619493,-3,-9,-4,-1,9,2,2,-1
1533864706619493,0,3,-3,-5,-7,0,-1,1
1533864706620490,-2,-3,-4,2,-3,-2,-2,-2
1533864706620490,-1,0,-1,-2,-2,-2,-5,-2
1533864706633472,-5,-1,-1,-2,-6,-3,-2,-2
1533864706633472,1,-2,-2,-3,8,1,2,-2
1533864706640440,-1,-1,0,-6,-3,1,1,1
1533864706640440,0,0,0,0,0,-4,-4,0
1533864706656397,-1,-2,-2,1,-4,-3,-4,-1
1533864706656397,0,-3,-1,1,7,3,3,0
1533864706658389,-2,-3,-3,-6,-5,-4,-1,-2
1533864706658389,-2,-1,-2,-12,-5,2,1,-2
1533864706679336,0,1,2,4,0,-4,-4,-3
1533864706679336,0,-1,1,1,2,-2,-1,-2
1533864706681328,0,-3,0,6,2,2,5,1
1533864706681328,-2,-3,-3,-12,-5,-3,1,-3
1533864706693465,-1,-2,-2,-1,3,-1,2,-1
1533864706693465,-5,-1,-3,-1,-13,-2,-6,-2
1533864706700444,0,-3,1,0,2,-2,-3,-3
1533864706700444,0,0,0,8,5,0,1,-1
1533864706716259,-1,4,0,-6,-4,0,0,-1
1533864706716259,1,-2,-2,2,5,-1,2,-1
1533864706718260,-3,-3,-2,-3,-1,-2,-4,-1
1533864706718260,-1,0,-3,0,-3,-2,-1,-1
1533864706739195,0,-1,-3,-3,-4,-2,-1,-3
1533864706739195,0,-3,1,2,1,1,2,3
1533864706740191,0,0,-3,-1,-2,-3,-4,-1
1533864706740191,-4,-1,1,2,-1,-3,-1,-2
1533864706753157,1,-1,-1,-5,-3,1,0,1
1533864706753157,-1,1,-2,0,-1,-4,0,-2
1533864706768117,2,1,1,1,5,5,6,5
1533864706768117,2,-2,0,0,4,-3,-3,-2
1533864706776096,-10,-5,-1,-4,-9,-3,-3,-6
1533864706776096,0,-1,-2,2,4,3,-2,-3
1533864706778090,-2,-3,0,8,-4,-5,-2,-3
1533864706778090,2,4,2,-9,-2,3,1,1
1533864706799034,3,1,0,2,-1,1,1,3
1533864706799034,-4,-4,-1,16,11,-4,-1,-1
1533864706801029,-3,0,-5,1,-5,-4,-4,-3
1533864706801029,-3,-1,-3,-7,-5,1,-4,1
1533864706813034,1,1,-1,-8,0,-1,0,0
1533864706813034,1,1,0,-2,-1,2,1,4
1533864706819980,0,-3,0,4,5,0,-3,-2
1533864706819980,-1,-3,-2,0,-7,-6,-4,-5
1533864706836945,0,0,1,-6,-1,1,-1,-1
1533864706836945,-1,0,-2,3,4,1,0,0
1533864706837931,-1,-1,-3,-5,-5,-5,-2,-2
1533864706837931,-3,-1,-3,0,3,1,1,1
1533864706858877,-2,-5,-1,2,-2,-3,-3,-1
1533864706858877,-1,-1,-1,-3,-5,-5,-1,-1
1533864706860869,-3,0,2,-4,-5,0,-2,-1
1533864706860869,1,-2,-1,0,1,0,1,-2
1533864706873837,2,0,-1,3,3,1,1,1
1533864706873837,-3,-6,-1,-9,-8,-3,1,-1
1533864706879822,2,1,0,-11,12,1,0,0
1533864706879822,-5,-2,-1,23,-2,-5,-1,-3
1533864706896777,-3,-1,-2,-3,-1,0,0,-3
1533864706896777,-1,-1,-2,-9,-19,-6,-4,-3
1533864706897770,1,-1,0,-6,-1,-2,-2,-1
1533864706897770,1,-1,-1,3,6,0,-2,-2
1533864706918715,1,-1,-2,-7,-3,4,2,-1
1533864706918715,0,1,1,-1,4,1,0,1
1533864706920710,-1,-2,-1,-4,0,2,-1,-1
1533864706920710,-1,1,-1,0,-3,-5,-4,-1
1533864706932706,-2,-2,-3,0,-6,-8,-3,-5
1533864706932706,0,-3,-2,-3,1,-3,0,-2
1533864706941658,-2,-1,-2,0,-4,0,-2,-2
1533864706941658,-3,-2,-1,-3,-4,0,-3,-1
1533864706956616,0,-1,0,4,-2,-1,-1,-1
1533864706956616,0,-1,-2,3,4,-1,-2,-1
1533864706957610,0,-3,-1,-2,2,-3,0,0
1533864706957610,0,-1,-1,-3,-2,0,-3,-2
1533864706978554,-2,0,-2,-1,-4,-2,1,2
1533864706978554,0,0,-1,-1,-1,3,0,-2
1533864706980549,1,0,-2,5,-1,0,0,0
1533864706980549,1,-5,-1,-3,5,-1,0,-1
1533864706992680,-1,-3,0,-7,1,-2,0,-2
1533864706992680,-1,0,2,4,2,1,-4,-1
1533864707001499,-1,0,-1,-1,-6,1,-2,0
1533864707001499,-1,0,-1,-3,-4,-1,0,-3
1533864707016454,-1,-2,-3,-1,1,-2,-2,0
1533864707016454,0,-1,-2,-4,0,-3,-4,0
1533864707018453,-3,-1,-1,2,-2,-1,0,0
1533864707018453,-2,-3,-1,-5,-2,-3,-3,-1
1533864707046376,0,1,2,-7,2,4,0,-1
1533864707046376,-1,-2,-3,15,8,-8,-2,0
1533864707048368,-6,-5,-6,-21,-13,-4,-4,-2
1533864707048368,-2,-2,-3,-4,-23,-4,-2,-2
1533864707052358,0,-2,-3,-4,-6,-3,-2,-3
1533864707052358,0,1,2,-2,4,-1,-3,2
1533864707061336,2,-1,2,3,13,11,6,1
1533864707061336,-5,-4,-4,9,2,-6,-4,-3
1533864707076293,-1,-1,-1,-8,-4,-4,-3,-2
1533864707076293,-1,1,-1,-2,-2,-2,-2,-3
1533864707078287,-1,2,-2,6,-2,-1,0,0
1533864707078287,0,0,1,-3,5,3,0,-2
1533864707099267,-1,1,-2,8,1,-1,0,1
1533864707099267,-2,-1,-2,-13,-6,-1,-1,0
1533864707100245,-3,-5,-1,2,-4,0,-1,-2
1533864707100245,2,4,1,-4,4,2,0,1
1533864707112197,-2,-1,-1,2,-2,-3,-4,0
1533864707112197,1,-4,-3,-3,-2,-2,-1,-1
1533864707122171,-4,0,-1,-2,-3,-5,-3,-5
1533864707122171,-1,-3,-4,-2,3,2,1,2
1533864707136133,-1,-1,0,3,4,4,2,1
1533864707136133,-2,-1,1,0,-1,-1,-3,1
1533864707138128,-1,-2,0,6,-1,-2,-1,-1
1533864707138128,2,0,-1,-9,-3,-3,-3,0
1533864707159071,1,-1,-1,5,-5,-2,-3,0
1533864707159071,-3,-3,-3,8,9,2,0,-3
1533864707161067,0,-1,-3,-1,-7,-3,0,0
1533864707161067,-2,-2,1,4,9,0,0,0
1533864707173038,0,-2,-2,-10,-8,-6,1,-1
1533864707173038,-1,-2,-1,-8,-8,-3,-3,-5
1533864707182010,0,-1,-2,11,10,1,-2,-2
1533864707182010,0,-1,-3,1,-2,2,3,2
1533864707196970,-5,-1,-1,3,2,3,1,-1
1533864707196970,-1,-1,0,0,-3,-2,0,-4
1533864707197968,1,0,1,-1,-2,-1,-2,-1
1533864707197968,-1,-2,1,-7,-5,3,-1,-3
1533864707218916,0,-2,1,4,6,5,-2,-2
1533864707218916,-3,-3,-6,-8,-5,-4,-3,-4
1533864707220906,1,-2,0,-10,1,-1,-3,0
1533864707220906,-2,-1,-3,10,4,-5,-2,-2
1533864707232877,-1,-1,-4,-8,-14,-4,-3,1
1533864707232877,-2,-2,0,-2,2,-5,-3,-1
1533864707241850,-2,0,0,-3,-5,0,4,-1
1533864707241850,0,0,-1,-5,2,2,0,0
1533864707256813,-4,-1,-1,-1,-2,-4,-4,-4
1533864707256813,-1,-3,0,1,-5,-2,0,1
1533864707257807,-1,0,-2,0,-1,-1,0,1
1533864707257807,-1,0,0,-3,-2,-3,-3,-1
1533864707278754,2,-2,-2,-4,-1,0,-3,-1
1533864707278754,1,0,0,-1,2,3,6,1
1533864707280763,-3,-1,-1,-3,0,-2,-3,0
1533864707280763,-1,0,-1,5,4,1,0,-2
1533864707292714,-1,-1,0,0,-5,-7,-2,-2
1533864707292714,-1,-1,-2,-1,1,2,0,0
1533864707301697,-1,-2,0,-7,-2,-2,-1,-3
1533864707301697,-1,0,-3,1,-1,-2,0,-2
1533864707323720,-2,-2,0,0,-12,0,3,-1
1533864707323720,2,2,1,11,6,1,-1,2
1533864707325638,-6,-2,-1,-13,-7,-2,-4,-2
1533864707325638,-1,-3,-1,0,1,-1,-1,-2
1533864707338595,-1,0,-1,2,6,0,-1,0
1533864707338595,0,1,0,-2,-5,4,1,-2
1533864707340587,0,-7,-3,1,0,-1,-4,-5
1533864707340587,1,4,2,-10,-2,3,1,1
1533864707361533,-2,0,1,7,15,3,1,2
1533864707361533,-5,-2,-3,-4,-7,-4,-3,-2
1533864707363524,-1,3,3,11,-1,-1,-2,-1
1533864707363524,-3,-7,-3,-1,-6,-3,-3,-2
1533864707376490,0,-1,0,-4,0,-3,-2,-1
1533864707376490,1,0,-1,-8,0,-1,-1,-1
1533864707378485,1,1,2,3,4,0,0,1
1533864707378485,-1,-1,-2,3,-7,-4,0,-1
1533864707399432,0,1,-1,-8,-8,-1,-1,1
1533864707399432,2,9,3,-2,0,2,1,-1
1533864707400426,-3,-6,-5,-4,-1,0,-2,1
1533864707400426,-8,-13,-8,-2,1,-3,-2,-6
1533864707421373,3,0,-2,4,7,-2,-2,-3
1533864707421373,-6,-6,-5,-6,-8,0,-2,-2
1533864707423365,4,2,-1,0,-2,0,2,0
1533864707423365,0,0,0,7,4,-1,-3,0
1533864707437327,-4,0,-1,-1,1,0,1,1
1533864707437327,0,1,0,0,0,-3,0,0
1533864707438324,0,4,1,0,-3,-4,0,-2
1533864707438324,2,-2,1,-7,-3,2,0,0
1533864707459272,0,0,-2,-7,1,-3,-1,-2
1533864707459272,1,1,-1,6,6,1,-1,-1
1533864707460266,-2,-3,-2,-1,-15,-5,-1,-3
1533864707460266,3,1,-1,12,10,0,-1,0
1533864707481210,-4,-6,-4,-6,-8,1,-1,-2
1533864707481210,-1,-4,-1,1,-7,-1,-1,0
1533864707483204,-1,-2,-1,-13,5,-2,-1,-3
1533864707483204,-4,0,-2,-8,-2,-2,-1,-1
1533864707496384,-1,4,0,2,-3,0,-1,2
1533864707496384,0,-2,0,-1,0,0,1,0
1533864707510136,-2,-5,-5,6,4,0,-2,-2
1533864707510136,2,-1,5,-21,-13,-2,-1,0
1533864707526093,2,4,-8,6,14,-1,-1,1
1533864707526093,-6,-10,-5,-7,-10,-4,-4,-4
1533864707528084,-2,3,-2,1,-7,-1,0,-1
1533864707528084,-2,-3,-1,-3,-5,-1,2,-1
1533864707541065,-2,-5,0,3,-1,0,-2,-4
1533864707541065,3,5,1,-6,9,0,-1,2
1533864707543045,-4,-3,-2,12,4,-2,-2,1
1533864707543045,-3,0,0,-1,-5,-1,-1,-1
1533864707556175,0,0,0,-15,-8,-3,-2,-1
1533864707556175,0,-1,-1,14,7,2,2,-2
1533864707562994,3,2,0,-28,-12,1,-1,-1
1533864707562994,-2,0,-4,11,6,-3,-3,-1
1533864707578952,-3,-7,-4,-14,-14,-4,-2,-3
1533864707578952,-1,-2,-3,3,-4,-2,-2,-2
1533864707580943,-1,0,0,3,26,-1,1,0
1533864707580943,3,6,3,2,-10,-3,1,0
1533864707601887,-5,0,-1,11,-7,2,1,-1
1533864707601887,-2,-4,-3,-12,6,-2,-2,-2
1533864707602885,-2,-4,-2,-6,-17,-1,-1,1
1533864707602885,-2,-1,-1,3,14,1,-2,-2
1533864707615979,2,1,4,3,6,1,-6,-2
1533864707615979,2,0,1,4,17,5,3,2
1533864707622835,4,3,1,-8,-26,-4,1,2
1533864707622835,-5,-4,-4,-7,-6,-4,-3,-3
1533864707646771,-1,1,1,4,0,-1,0,-1
1533864707646771,0,6,1,-2,-4,-2,-1,0
1533864707647764,-1,-9,-2,10,12,0,-1,-1
1533864707647764,0,-7,-4,-8,-8,-1,-1,-2
1533864707661728,-1,-2,0,-1,-4,-7,-4,-3
1533864707661728,-1,0,-3,-4,-5,0,-1,0
1533864707662725,-4,2,0,5,8,2,-1,0
1533864707662725,-2,1,-3,7,5,-1,-1,0
1533864707675707,-2,-3,-3,-6,-11,-3,-2,-3
1533864707675707,-1,-3,-3,-2,-11,-6,1,-1
1533864707682705,2,1,2,8,10,3,0,-1
1533864707682705,-2,-1,-1,0,0,0,-4,0
1533864707698632,-1,-2,-1,8,15,0,-2,-1
1533864707698632,-4,-5,-3,-2,-8,-3,-2,-3
1533864707705613,-3,0,0,-4,-11,-3,-2,-2
1533864707705613,2,3,1,-1,3,-1,1,0
1533864707721570,0,-9,-4,-6,3,1,1,1
1533864707721570,1,-1,-2,-2,-10,-4,-6,-5
1533864707722564,1,-3,-3,0,3,0,-1,2
1533864707722564,1,3,1,-8,2,0,0,-1
1533864707735530,-3,0,-1,2,-4,-6,0,1
1533864707735530,-6,-6,-5,5,4,-4,-2,-1
1533864707742713,-1,-1,-2,1,-5,-4,-5,-5
1533864707742713,2,0,-1,-5,-2,2,5,2
1533864707759466,0,1,-1,-7,-6,5,0,4
1533864707759466,1,-2,1,0,2,-2,0,-2
1533864707760479,-2,0,0,0,-1,-1,1,-1
1533864707760479,-1,-2,-2,-1,-7,-7,-5,-3
1533864707781626,3,-1,1,-2,8,1,0,0
1533864707781626,-6,0,-3,4,-7,-6,-6,-2
1533864707783402,-1,-2,-4,3,-3,-6,-2,-3
1533864707783402,-1,-2,-1,0,2,-4,-3,1
1533864707796370,-2,3,0,-3,0,3,2,-4
1533864707796370,1,1,0,-6,-10,-5,-1,-1
1533864707802351,-2,-2,-1,3,13,1,0,0
1533864707802351,-7,-2,-1,-1,-1,4,-1,-1
1533864707819306,0,-3,-4,2,10,-7,-4,-6
1533864707819306,1,1,0,-4,-3,2,0,0
1533864707820302,-1,-4,-4,-5,-1,-1,0,-1
1533864707820302,-3,-3,-1,5,-4,-2,-2,1
1533864707842244,-2,0,-1,2,11,4,1,1
1533864707842244,-1,-1,0,-2,-6,-1,-1,-3
1533864707843242,-1,0,0,-5,-3,3,1,3
1533864707843242,1,3,-2,0,1,-3,-3,-1
1533864707855210,-2,-1,-1,-4,-8,3,8,2
1533864707855210,-1,-3,-1,3,-2,-3,-3,-2
1533864707864193,3,0,2,-4,11,-1,-3,2
1533864707864193,-4,-3,-3,-2,-27,-8,-5,-7
1533864707879315,-5,-4,-4,5,1,-2,-1,-2
1533864707879315,-2,-2,1,-2,2,2,-1,2
1533864707881151,-2,1,0,3,5,6,4,2
1533864707881151,3,-1,-2,-9,1,4,3,1
1533864707901129,-2,2,-1,-2,-7,-5,-7,-4
1533864707901129,-2,-1,-2,-1,-4,-3,-1,-2
1533864707903082,-1,0,-1,-5,-6,0,1,-1
1533864707903082,0,0,0,0,6,2,2,0
1533864707915053,-1,-2,0,2,-8,2,-3,-1
1533864707915053,0,1,-1,-4,8,-5,0,0
1533864707924026,0,-1,0,-1,-1,-7,-4,-2
1533864707924026,-3,-1,-2,-4,-11,-4,0,1
1533864707938985,1,0,1,2,0,4,0,2
1533864707938985,0,-3,1,-4,15,-1,0,-2
1533864707940981,-4,-4,-3,-5,-7,0,0,-5
1533864707940981,0,-1,-1,7,5,1,-3,3
1533864707961944,-1,-1,-2,-9,-2,-6,-2,-2
1533864707961944,-2,-3,-2,5,-6,-1,0,-4
1533864707962921,-3,-4,-3,-4,-3,-5,0,-2
1533864707962921,0,-2,1,3,0,1,-2,-5
1533864707974889,1,-1,0,-5,14,-1,-1,-2
1533864707974889,0,1,-1,-4,-8,-2,-5,0
1533864707983869,-2,-2,-3,0,0,-3,1,-4
1533864707983869,0,-3,-1,-2,-7,1,0,-2
1533864707998825,3,1,-1,1,1,-3,-3,-1
1533864707998825,-2,-1,-3,-5,-10,-2,0,1
1533864708000820,-2,0,-2,2,-7,-3,-8,-2
1533864708000820,-2,-1,-1,-8,-5,0,6,1
1533864708021797,-4,-2,0,7,-1,-1,3,0
1533864708021797,1,0,0,4,-4,-2,-3,1
1533864708023760,-1,1,-1,-1,21,4,5,3
1533864708023760,-1,-2,-1,1,-13,-8,-3,-4
1533864708035728,-4,-4,-2,-7,-5,-2,-2,-9
1533864708035728,1,0,-1,-3,6,0,-1,1
1533864708043711,-1,1,1,5,-1,3,-3,4
1533864708043711,1,-1,0,3,5,2,3,-2
1533864708058669,-3,0,-2,-1,-3,-10,-4,-1
1533864708058669,1,-2,-2,-2,9,5,1,-4
1533864708060660,-1,-2,-2,-2,-4,0,0,0
1533864708060660,-1,0,-1,-4,6,0,-2,-2
1533864708081604,-1,0,-2,4,-3,-1,0,1
1533864708081604,-1,1,-2,-6,-15,-5,0,-1
1533864708082601,-2,0,-3,-1,-1,-7,-5,-3
1533864708082601,1,0,0,-2,6,-2,-4,-1
1533864708095570,0,-1,0,0,0,2,-4,-3
1533864708095570,-1,-4,-2,1,3,5,5,4
1533864708104542,0,-2,-1,-2,-16,-7,-3,-3
1533864708104542,-4,-1,-2,-6,15,2,-1,-3
1533864708119520,-1,-1,-2,1,-6,-6,-3,2
1533864708119520,-1,-1,-2,0,-3,0,-7,-4
1533864708120501,-2,-1,2,-5,-8,5,6,3
1533864708120501,3,0,0,-2,7,-2,-1,-2
1533864708141447,-3,-4,-3,3,-11,-9,-6,-4
1533864708141447,1,-1,1,2,7,2,4,3
1533864708143438,-2,-1,0,10,-16,-4,-7,-2
1533864708143438,0,0,0,-3,0,-2,-2,3
1533864708155410,3,1,1,-11,-1,4,-1,2
1533864708155410,-4,-4,-3,8,1,-4,-2,-4
1533864708171367,-1,0,-2,-5,2,-3,-2,-6
1533864708171367,-2,-2,-3,-1,-6,-7,-1,0
1533864708179343,1,-2,-1,-5,-4,6,3,-1
1533864708179343,-3,0,0,0,-2,-2,-1,-3
1533864708180340,2,1,1,0,11,2,0,0
1533864708180340,-1,-1,-1,7,-10,-2,-3,-2
1533864708201296,-2,-1,-2,2,10,-4,-2,1
1533864708201296,-2,-2,0,-3,-4,2,0,-3
1533864708203291,-1,-2,-5,-6,-19,-1,3,-4
1533864708203291,-1,-2,0,-2,-8,-8,-8,-2
1533864708215250,0,-1,-2,-5,14,-3,-4,-1
1533864708215250,0,-1,-2,-4,2,7,5,5
1533864708224243,-4,0,-2,10,-3,-4,-3,-3
1533864708224243,-3,-3,-5,-9,1,-1,0,-3
1533864708246164,-1,-1,0,-8,-23,-5,-4,0
1533864708246164,-1,-1,2,-3,11,1,2,-4
1533864708248163,-4,-2,-2,-5,-13,-7,-3,4
1533864708248163,-4,-2,-4,-3,0,7,1,3
1533864708262121,2,1,1,1,3,4,2,2
1533864708262121,-4,-2,-5,6,-3,-7,-5,-5
1533864708263129,1,-1,1,-9,-1,-1,-1,-2
1533864708263129,-2,0,0,0,1,-5,-1,0
1533864708275086,-2,-1,3,1,7,3,-1,2
1533864708275086,0,0,-4,-12,-14,-5,1,-1
1533864708284063,-3,-3,-2,-1,4,-4,-4,-5
1533864708284063,1,-2,1,5,-7,-3,-1,-2
1533864708299025,-1,-2,-1,3,4,9,0,-3
1533864708299025,-1,-2,-1,-1,-6,0,4,-3
1533864708301017,0,0,-1,0,-3,1,-3,1
1533864708301017,-1,-3,-3,1,17,3,-4,-2
1533864708321964,-4,-2,-1,-9,-20,-6,0,-1
1533864708321964,-3,-2,-3,-3,-11,-3,-5,-3
1533864708322963,2,2,2,-15,4,4,-5,-3
1533864708322963,1,-1,-1,12,2,0,6,3
1533864708343902,-3,-1,-3,11,1,-1,-1,-2
1533864708343902,0,-1,1,2,8,-4,-6,0
1533864708345897,1,-1,0,-3,-1,-3,3,-1
1533864708345897,1,-2,-1,-4,4,-4,-5,-5
1533864708358863,0,-1,-3,-3,9,2,7,1
1533864708358863,-2,0,-1,-4,-40,-1,-2,0
1533864708360858,-2,-2,-3,-4,-14,-5,0,0
1533864708360858,-4,-3,-3,1,-7,8,-3,-4
1533864708381801,0,-2,-3,3,23,-2,0,-2
1533864708381801,-3,-2,-1,3,4,-2,-3,0
1533864708382799,2,0,-1,-6,1,-3,-3,2
1533864708382799,-1,-1,0,-2,-5,-4,-7,2
1533864708403746,1,-2,0,0,23,10,11,5
1533864708403746,0,0,-1,0,0,0,-3,0
1533864708405738,0,-2,-1,-5,-3,-2,-3,-2
1533864708405738,-1,0,-2,-2,-3,-1,-1,-1
1533864708418703,0,-1,-1,2,-6,-2,1,-3
1533864708418703,4,-1,1,0,13,-3,-9,0
1533864708420702,-1,-1,1,0,-1,1,0,0
1533864708420702,4,2,2,0,5,2,7,0
1533864708441847,-3,1,1,7,-15,-1,-6,-2
1533864708441847,-8,-6,-7,17,-5,-7,-2,-4
1533864708443636,2,-1,-1,-4,7,1,0,0
1533864708443636,2,1,-2,-3,-6,4,2,-4
1533864708470567,-7,-6,-7,-24,-21,-16,-11,-5
1533864708470567,1,2,1,-6,26,4,1,-1
1533864708488529,-6,-4,-2,-1,-31,-2,-1,-2
1533864708488529,1,2,1,5,24,6,8,2
1533864708489519,2,1,0,3,-4,0,-4,-2
1533864708489519,1,0,-4,-8,20,-3,-5,-2
1533864708492515,0,-1,-1,2,15,3,1,-2
1533864708492515,-1,0,-2,-5,-9,-6,-3,-1
1533864708501481,-1,0,-1,-1,-12,-3,-5,-2
1533864708501481,0,-2,0,-4,4,2,2,-1
1533864708503476,1,1,-2,9,12,1,0,0
1533864708503476,-3,-3,0,-1,-14,-7,-4,-2
1533864708524423,-1,-1,0,4,2,-2,-3,-1
1533864708524423,0,1,0,-7,-11,2,2,0
1533864708525417,-2,-1,1,3,4,1,-1,-2
1533864708525417,-3,-2,0,6,6,-6,-5,-3
1533864708538382,2,1,-1,-22,-34,0,1,1
1533864708538382,-2,-2,0,-5,-10,-2,2,3
1533864708545373,-7,-5,-6,10,10,-2,-5,-3
1533864708545373,-1,-1,-2,9,0,-1,-1,-3
1533864708569300,2,-1,0,-1,1,-1,1,-1
1533864708569300,0,1,1,-5,-4,0,0,-1
1533864708570297,-2,-2,-1,-5,-12,-3,-1,1
1533864708570297,2,-1,1,-2,6,0,-1,-2
1533864708583551,-1,-3,-2,-1,-3,-2,1,-2
1533864708583551,-1,-1,3,-3,-9,-3,-4,-3
1533864708585543,0,-1,-4,4,11,3,3,0
1533864708585543,-4,-4,-4,0,-6,-2,-2,-1
1533864708598650,-2,-1,-1,7,-4,-5,-5,0
1533864708598650,-1,-2,-1,-3,0,5,2,0
1533864708605489,1,0,1,-7,0,-1,-3,-4
1533864708605489,-2,-1,0,-7,-5,-3,-3,0
1533864708621449,-4,-2,-3,7,4,0,-3,-2
1533864708621449,0,-1,0,6,5,1,-2,-3
1533864708623441,1,3,3,-4,-6,1,0,0
1533864708623441,-3,6,-19,-7,-8,-3,-5,-2
1533864708651367,1,3,17,0,3,-3,-1,0
1533864708651367,0,-12,15,8,6,2,3,1
1533864708653362,-4,-1,5,-10,-24,-7,0,0
1533864708653362,1,1,9,-8,-1,2,1,-3
1533864708658347,-2,0,-11,10,14,-1,-1,-2
1533864708658347,-2,3,-8,-8,-11,-3,-3,0
1533864708665339,-2,-2,2,14,6,2,2,-1
1533864708665339,0,-3,-2,-4,0,-5,0,1
1533864708689264,0,-2,-10,-10,-5,-4,-4,0
1533864708689264,0,0,-4,2,3,-2,0,1
1533864708690282,-2,-2,-5,-5,-3,-3,-2,0
1533864708690282,-1,-1,-1,-4,-9,0,0,-1
1533864708704228,1,-5,0,2,13,3,0,-1
1533864708704228,-2,1,-2,0,-3,-1,-1,-3
1533864708705222,-2,-3,-7,1,0,-3,-4,-2
1533864708705222,0,-1,2,-3,-7,2,0,0
1533864708718187,-4,-3,-1,3,3,4,0,-2
1533864708718187,2,1,-1,-8,5,-5,-5,-1
1533864708725172,-3,-4,-8,1,1,-2,-1,1
1533864708725172,-3,-2,-1,1,-3,-3,-1,0
1533864708741129,-2,-2,-2,3,-7,0,1,0
1533864708741129,0,0,-2,-4,-4,1,0,1
1533864708743121,-1,-1,0,0,4,1,-3,-3
1533864708743121,0,-4,0,-4,1,0,-1,-1
1533864708764065,2,2,-1,-2,5,3,2,1
1533864708764065,-2,-1,-3,-6,-23,-2,-3,-1
1533864708766072,2,1,1,9,14,-7,-1,-3
1533864708766072,-6,-5,-5,11,-2,-3,-2,-1
1533864708778040,-1,-1,2,-14,-3,-1,-1,-1
1533864708778040,-4,-2,-2,11,7,0,0,-1
1533864708785009,-2,-1,-3,-17,-13,1,-2,-2
1533864708785009,1,1,-3,-8,-4,-1,-3,-2
1533864708801963,0,0,-2,-2,-1,1,0,-3
1533864708801963,1,0,-1,-5,4,-3,3,2
1533864708802973,0,-1,-1,6,1,2,0,-1
1533864708802973,-1,-3,-1,1,1,-1,1,-2
1533864708823904,-2,-1,0,-1,-8,-3,-1,-1
1533864708823904,-2,-1,-3,-2,1,-2,-3,-6
1533864708825899,-1,-2,1,1,12,-1,-1,-5
1533864708825899,-1,1,0,-2,-5,-2,1,0
1533864708837867,-3,-3,-3,0,-14,0,-2,-2
1533864708837867,-3,-1,-1,9,19,2,-1,0
1533864708846843,-3,0,-1,-9,-8,-1,-2,-1
1533864708846843,0,0,0,-4,5,3,1,-2
1533864708861803,0,0,0,2,-1,2,0,-2
1533864708861803,-1,-5,-42,-8,-6,-1,-2,-1
1533864708862800,1,4,4,-2,-1,2,0,1
1533864708862800,3,-7,18,-3,5,0,0,1
1533864708883778,-5,-6,2,19,5,-5,-5,-3
1533864708883778,-3,-4,-1,2,-8,-2,0,0
1533864708885741,0,0,-9,-9,-10,-2,-2,-1
1533864708885741,-3,2,-6,-8,-7,-3,-1,-1
1533864708897741,2,0,-2,-9,0,-5,-4,-5
1533864708897741,4,3,10,4,8,6,2,3
1533864708906690,0,-3,-1,6,-2,4,6,2
1533864708906690,-2,0,0,-5,-3,-1,-1,-1
1533864708921646,-2,-1,-2,-3,1,-1,-2,-1
1533864708921646,-2,0,2,-4,-7,-6,-3,-4
1533864708922640,-1,1,2,0,0,-3,-3,-1
1533864708922640,-2,-2,-8,3,1,1,1,0
1533864708943588,0,1,-3,-2,-1,-2,-1,-1
1533864708943588,0,-1,5,-5,-7,-3,-3,-1
1533864708945579,-2,-1,0,3,2,0,0,1
1533864708945579,-3,-2,-2,5,3,-1,-1,-3
1533864708957551,0,0,-2,-4,-3,1,0,-1
1533864708957551,-2,1,6,-1,-5,0,0,-1
1533864708966523,3,-3,-1,-4,2,-3,-1,-1
1533864708966523,-2,0,-3,-2,0,-1,-1,1
1533864708981486,-2,-1,0,12,-2,-1,-1,0
1533864708981486,-3,-3,-2,-3,-2,-2,0,-2
1533864708987468,-3,-1,-5,-11,-13,-4,-4,-2
1533864708987468,3,2,-2,-11,10,3,3,2
1533864709004439,-6,-3,-2,19,-5,-5,0,0
1533864709004439,-2,0,3,4,-1,-6,-4,0
1533864709005421,-3,-3,-3,1,5,0,3,-2
1533864709005421,-1,-1,-1,-7,-6,-4,-3,-1
1533864709017388,1,-1,-2,-12,-1,1,1,1
1533864709017388,-2,-3,-1,-3,0,-3,-2,-2
1533864709026400,-1,-1,1,1,-2,-1,-4,-2
1533864709026400,-1,-2,-2,0,-4,-1,0,-1
1533864709041323,2,0,-1,-3,3,3,2,-1
1533864709041323,-1,-2,0,-5,-3,-1,-2,-2
1533864709043318,-1,0,0,0,3,-1,-1,-2
1533864709043318,-3,-2,-3,7,-6,0,-1,-1
1533864709064262,-1,1,0,-6,-2,-2,-1,1
1533864709064262,-2,-1,0,-11,-17,0,0,-1
1533864709065259,-1,-1,1,4,6,2,0,-2
1533864709065259,-2,-1,-2,4,-2,-4,-5,-2
1533864709078228,0,8,-1,-13,-1,3,1,0
1533864709078228,1,-8,1,11,5,3,0,0
1533864709086203,-3,-2,-2,4,2,-4,-3,-1
1533864709086203,-1,-2,-2,1,-8,-3,-2,-4
1533864709101162,1,0,-2,-6,0,-2,-4,0
1533864709101162,-1,2,1,0,5,5,1,2
1533864709103157,-2,-2,-2,-4,-5,-1,-1,-3
1533864709103157,-1,-1,0,0,2,1,0,-1
1533864709124102,-3,-5,-1,14,11,-2,-3,-1
1533864709124102,-4,-2,-3,-16,-20,-9,-3,-4
1533864709125099,3,0,-1,-6,3,4,2,2
1533864709125099,-2,-1,-1,12,0,-4,-4,-2
1533864709138067,-1,1,-1,-9,-5,2,1,1
1533864709138067,1,1,-1,7,8,-2,-1,-1
1533864709154038,-1,-1,-2,-7,-5,-4,-4,-1
1533864709154038,-1,-1,-1,-5,-2,-1,1,0
1533864709161003,-2,-4,-2,-5,-1,0,-3,0
1533864709161003,0,1,0,0,-1,-1,2,0
1533864709162998,-2,-1,-1,1,-6,-2,0,0
1533864709162998,0,-2,-1,-2,5,-2,-2,-1
1533864709183945,-1,-3,0,0,-4,1,0,-2
1533864709183945,1,0,-4,-2,2,-1,-2,0
1533864709185957,-1,0,-2,-5,-5,1,-2,-1
1533864709185957,0,-2,0,-1,6,-1,-1,1
1533864709206883,-5,6,-5,2,-13,-6,-2,-3
1533864709206883,-2,-15,1,1,-1,1,1,-1
1533864709207886,-1,-3,0,16,3,-2,-3,0
1533864709207886,-3,-3,-3,-8,-5,-3,-3,-2
1533864709228840,2,-1,0,-11,1,0,1,-1
1533864709228840,-2,2,-3,7,3,-4,-3,-1
1533864709230830,-3,-2,0,-2,1,-5,-2,-1
1533864709230830,1,0,-1,0,0,8,6,1
1533864709243816,-1,-4,0,-8,-4,-3,0,0
1533864709243816,-1,2,0,-2,-5,-1,-1,0
1533864709245785,0,-2,-3,-3,3,1,-1,1
1533864709245785,0,1,-1,-4,1,-4,-3,-3
1533864709266739,0,-2,0,16,14,-3,-4,-1
1533864709266739,-4,-1,-2,6,-11,1,2,0
1533864709268715,-1,0,-3,-7,-3,1,1,-1
1533864709268715,-2,0,-3,2,-6,-2,-3,-4
1533864709280695,2,-2,0,-6,-2,-3,-2,0
1533864709280695,4,1,-1,-5,5,1,-1,0
1533864709287683,0,1,1,10,9,-2,0,0
1533864709287683,-2,-1,-1,-10,-5,-4,-1,0
1533864709303625,-1,-2,-2,0,-7,0,0,-1
1533864709303625,0,0,-3,-5,1,-3,-6,-2
1533864709305616,-1,-2,-2,-1,-6,1,-1,-2
1533864709305616,1,1,-1,1,1,3,2,2
1533864709326573,-2,-3,-2,-3,-4,-4,-3,-2
1533864709326573,0,-1,-1,-2,0,-4,-3,-5
1533864709328559,0,1,1,-2,1,2,2,0
1533864709328559,-2,-1,-2,3,-2,0,-1,-2
1533864709349498,-4,-6,-2,1,-3,-1,-1,0
1533864709349498,-1,-1,0,2,1,-1,-1,-2
1533864709350496,-2,0,2,-2,2,1,1,-1
1533864709350496,-1,-1,0,0,-2,-2,-4,-4
1533864709364462,0,-1,-2,-10,-8,2,3,0
1533864709364462,3,1,1,9,15,2,1,-2
1533864709365456,-2,-5,-3,-21,-16,-6,-4,-2
1533864709365456,-6,-5,-5,2,-12,-7,-5,-3
1533864709386400,-1,-2,-1,-1,5,-1,-3,-3
1533864709386400,0,1,2,-7,6,6,0,3
1533864709388395,0,1,-2,10,-1,0,2,-2
1533864709388395,0,0,-1,2,4,-5,-2,0
1533864709401360,-1,-2,-2,-3,-8,0,-2,-1
1533864709401360,-1,1,-2,-5,-5,0,2,-2
1533864709415322,2,0,-1,3,5,-4,-1,-1
1533864709415322,0,0,-2,-5,1,-1,-1,-1
1533864709424298,-1,-2,-3,5,-1,-4,-1,-2
1533864709424298,-1,-1,-2,-3,-2,0,0,-3
1533864709425310,0,-2,0,0,-2,-1,-1,-1
1533864709425310,-1,-4,-1,2,0,-3,-3,-1
1533864709445253,-1,1,1,-4,2,1,-1,-1
1533864709445253,-1,-2,-2,-2,-7,-1,-3,0
1533864709454219,-2,-2,-1,0,-4,-2,-5,-5
1533864709454219,0,2,1,-1,1,2,2,-1
1533864709461214,1,-2,2,-3,-1,-2,0,2
1533864709461214,-3,-2,-2,-3,-2,-3,-2,-2
1533864709467184,-1,0,-2,3,3,1,-3,-1
1533864709467184,-1,0,0,-3,-6,2,1,3
1533864709484138,-2,0,-1,2,2,-3,1,-2
1533864709484138,-1,-2,-3,9,5,-2,-3,-2
1533864709485137,-1,-1,-1,5,-2,-6,1,0
1533864709485137,-1,-3,-2,-16,-15,0,-2,-2
1533864709507077,-2,-2,-2,10,7,2,-2,-4
1533864709507077,-2,-2,-1,-3,-4,-2,-1,-1
1533864709508074,0,-1,0,-3,5,1,0,-2
1533864709508074,2,-1,1,11,6,-4,-3,1
1533864709529022,-1,-1,-2,-3,-4,2,1,-1
1533864709529022,0,-1,1,-2,0,-3,0,0
1533864709531013,-1,-1,-3,-2,-6,-2,-4,-2
1533864709531013,1,0,0,-8,-1,-2,0,-1
1533864709543981,-2,-2,-1,-5,-1,-2,1,0
1533864709543981,-1,0,0,1,1,0,-1,-1
1533864709545976,-2,-2,0,-6,-4,0,3,1
1533864709545976,-1,0,-2,2,-2,1,-5,0
1533864709567051,0,-1,-1,-1,2,-1,-3,-2
1533864709567051,-1,-3,-1,-2,-7,-2,-1,-2
1533864709567916,-2,-2,-2,0,2,-1,1,0
1533864709567916,-1,-1,-3,2,3,-2,1,-3
1533864709580883,-1,0,-2,-3,-6,-1,2,0
1533864709580883,1,1,-2,-10,-2,-2,-3,1
1533864709587863,1,-1,-2,6,7,1,0,-2
1533864709587863,-4,-2,-3,3,-11,-2,-3,-2
1533864709603823,1,-1,-1,-6,-2,0,-1,0
1533864709603823,-2,-3,-1,-1,-7,-6,-5,-5
1533864709605834,2,2,0,-3,1,3,-1,1
1533864709605834,0,1,2,-3,7,5,3,1
1533864709626757,0,-2,-2,-4,-2,-2,-2,-2
1533864709626757,-4,-2,-4,0,1,-3,0,-1
1533864709627755,-2,-1,-1,-8,-10,-8,-4,-2
1533864709627755,4,0,2,3,4,-1,-2,-2
1533864709640720,2,0,0,5,10,3,0,0
1533864709640720,-5,-3,-3,3,-6,-2,-1,-2
1533864709647735,-4,-2,-2,-3,-7,0,-2,-2
1533864709647735,-3,-3,-1,-3,-3,-3,0,-3
1533864709663693,-1,1,0,-5,-1,3,2,1
1533864709663693,2,2,0,-10,2,-5,-4,0
1533864709665653,-3,-2,-1,16,14,4,3,1
1533864709665653,-2,0,0,-3,-2,1,-1,0
1533864709686598,-3,-2,-3,-2,-5,-5,-5,-4
1533864709686598,0,0,-1,-4,-7,-1,4,2
1533864709688591,0,1,0,-3,-1,1,0,1
1533864709688591,0,0,-2,-2,2,-3,-2,-2
1533864709700559,-3,-2,-2,-1,-7,-4,-2,-1
1533864709700559,0,0,-1,1,2,0,0,0
1533864709707540,0,-2,-2,-11,-5,-2,0,-2
1533864709707540,-3,-2,-3,4,1,-1,-4,-1
1533864709724542,1,-1,0,-2,-7,-1,-4,-1
1533864709724542,-3,-1,-1,0,-2,-2,-1,-1
1533864709725493,-2,-2,0,4,6,-1,-2,-2
1533864709725493,-1,-1,-1,-6,0,-1,0,-1
1533864709746438,-2,-4,-2,1,-11,-3,-3,-1
1533864709746438,1,2,-1,-2,0,-1,-1,-1
1533864709748432,-2,-2,0,-3,-5,-3,-1,-1
1533864709748432,-2,-1,-1,3,4,-4,-3,-3
1533864709760588,2,0,1,-10,7,-1,0,2
1533864709760588,-3,-3,-2,3,-7,2,1,-1
1533864709769375,-4,-4,-4,4,-2,-1,-4,-2
1533864709769375,-3,-4,-5,10,1,-3,-2,-2
1533864709784335,-2,-1,-2,-4,-1,-2,0,-2
1533864709784335,1,0,1,-3,9,2,-1,-1
1533864709785364,0,1,1,-2,-5,-3,1,1
1533864709785364,0,0,1,-5,-7,-2,0,-2
1533864709806483,0,-1,-1,4,4,0,0,-1
1533864709806483,-1,-2,-2,-2,-1,0,-1,-2
1533864709808272,0,-2,-1,1,0,1,-4,-2
1533864709808272,-1,-1,-1,-1,0,0,-1,-1
1533864709820244,-2,2,-1,-3,-5,0,0,0
1533864709820244,0,0,-1,1,2,-1,-5,-1
1533864709829216,1,0,-2,-5,-6,2,-1,-1
1533864709829216,-1,-1,-4,1,1,-2,-2,-2
1533864709844179,0,0,-1,-3,-1,-1,-2,-2
1533864709844179,0,-3,-3,6,3,-4,-3,-5
1533864709845173,-1,-1,-3,-10,-15,-7,2,-1
1533864709845173,1,-1,-2,-3,-6,2,4,4
1533864709866120,-4,-3,-1,7,9,-2,-2,-1
1533864709866120,-2,-3,-1,5,-2,0,1,-3
1533864709868111,0,-1,0,-16,-1,-3,-3,-4
1533864709868111,1,0,2,2,-8,5,5,4
1533864709880083,-3,-4,-2,6,-4,-6,-4,-4
1533864709880083,1,-1,1,-4,2,3,3,3
1533864709889060,-2,-3,-5,9,-5,-3,-1,-2
1533864709889060,-3,-1,0,-5,1,-1,-4,-1
1533864709904051,0,-1,0,-2,1,0,-2,1
1533864709904051,-1,0,2,0,-6,-4,-1,0
1533864709906010,0,1,-1,-10,-3,-3,-4,1
1533864709906010,0,0,0,-8,1,0,0,2
1533864709926959,-1,1,-2,-1,-6,1,3,0
1533864709926959,-3,-1,-1,-2,-2,0,-3,-1
1533864709927952,0,0,-1,8,8,0,-2,-2
1533864709927952,-2,-1,-3,1,-3,-5,-2,-4
1533864709939937,-1,0,-1,-2,-4,-2,0,-1
1533864709939937,-1,0,-2,-1,-5,-4,-1,-1
1533864709948898,-2,0,-1,4,3,1,0,2
1533864709948898,-1,-1,-2,1,2,-2,-5,-4
1533864709963859,-1,-1,0,-2,-1,2,1,-1
1533864709963859,-1,-2,-1,-1,-1,-3,-1,0
1533864709965850,-1,-2,-1,1,-5,-3,-5,-5
1533864709965850,3,1,3,-9,8,7,6,6
1533864709986798,-1,-2,-2,0,-13,-2,-1,-2
1533864709986798,-5,-4,-2,-1,-1,1,0,0
1533864709987792,0,1,-2,0,0,0,-2,0
1533864709987792,0,-3,-1,1,-2,-3,-3,-3
1533864710008736,1,-1,-1,-5,-1,-2,-2,-1
1533864710008736,1,-1,-3,0,8,1,-2,-1
1533864710010731,-1,0,0,3,4,0,-1,-3
1533864710010731,0,0,0,-3,-13,-6,-4,-2
1533864710023910,-1,1,1,-4,7,1,0,-1
1533864710023910,-1,-1,-2,-4,-8,-3,-1,-3
1533864710025691,-2,-2,0,3,9,4,2,1
1533864710025691,-3,0,-2,1,1,0,1,-1
1533864710046637,-2,-2,-3,-5,-4,-3,-2,-1
1533864710046637,-1,0,-2,-1,-1,-5,-5,-3
1533864710048632,1,-2,-1,-5,-1,2,1,3
1533864710048632,-2,-2,-2,5,0,1,0,0
1533864710060614,-3,-2,-2,-3,-1,-2,-2,-1
1533864710060614,-2,1,-1,-4,-7,-1,0,-1
1533864710069574,-1,-2,0,0,-5,-6,-2,-1
1533864710069574,-1,-3,-2,-5,-7,-2,0,-6
1533864710084544,2,-1,0,-1,11,-3,-5,3
1533864710084544,0,0,-1,11,13,6,1,-1
1533864710085530,-7,-1,-2,9,-9,-7,-2,-2
1533864710085530,-3,-2,-4,-5,-4,0,0,0
1533864710106488,-2,0,1,-4,-5,-1,-2,-1
1533864710106488,1,0,0,-5,-3,0,0,-1
1533864710108470,0,0,1,-11,3,2,2,0
1533864710108470,-1,-1,1,1,7,-2,-1,-3
1533864710120440,0,0,-3,0,-6,-2,0,-3
1533864710120440,-1,-4,-2,-2,-1,-4,-2,0
1533864710129413,0,-2,-1,2,3,3,-1,1
1533864710129413,-2,-2,-1,1,0,-4,-3,-3
1533864710144372,-2,-2,0,1,-2,0,0,-1
1533864710144372,-1,-1,-1,0,-3,0,0,1
1533864710145370,-1,-2,-3,-3,-5,-5,-6,-5
1533864710145370,0,-2,0,-1,5,5,5,4
1533864710166314,1,1,1,4,2,2,0,0
1533864710166314,-2,-1,-3,-4,-4,-7,-4,0
1533864710168308,-1,-1,-2,-3,-2,0,0,0
1533864710168308,-2,1,-2,-2,-3,-4,-4,-3
1533864710180294,0,-1,-1,3,3,1,1,-2
1533864710180294,-2,-2,-2,-5,-4,-1,3,1
1533864710189267,-1,-1,-2,-6,-7,-1,-3,-3
1533864710189267,-3,-2,-1,10,8,-2,0,0
1533864710204217,-3,-1,-1,-11,-11,0,-1,0
1533864710204217,-2,-1,-1,11,10,1,-3,0
1533864710205210,0,-1,-1,-10,-13,-1,3,1
1533864710205210,-1,-3,-3,-5,-2,-4,-1,-3
1533864710227152,-1,-1,-2,0,2,-5,-2,-3
1533864710227152,1,-2,-1,-8,-3,2,1,-2
1533864710228149,-1,1,-1,5,7,0,1,0
1533864710228149,-5,-3,-3,9,-13,-7,-6,-4
1533864710249092,-3,-1,-3,-2,1,-3,0,-3
1533864710249092,-2,-2,0,-1,-3,0,-2,-2
1533864710251087,1,0,-1,-3,0,-1,0,0
1533864710251087,-2,-1,-8,-6,1,0,-1,-1
1533864710264053,-2,7,30,6,4,-1,-1,1
1533864710264053,-1,-8,3,-3,-3,0,-1,0
1533864710266048,-2,-1,1,0,0,-3,-1,0
1533864710266048,0,-2,7,-2,0,0,-2,0
1533864710286995,0,-6,-11,0,-1,0,-4,-2
1533864710286995,-1,-1,-3,-3,-8,-4,-1,-1
1533864710287989,-1,0,4,4,4,2,1,-1
1533864710287989,0,7,-5,-13,-3,0,-1,-2
1533864710308932,-2,-3,-7,-1,-1,-4,-2,-3
1533864710308932,0,1,1,-11,-10,-3,-1,-2
1533864710310927,0,-4,-7,14,14,3,-2,1
1533864710310927,-6,2,-3,-3,-17,-4,-2,-2
1533864710323893,1,-1,-5,2,1,0,0,-1
1533864710323893,-2,0,-2,-7,-2,-4,-1,-1
1533864710325887,-1,-5,-39,-10,-3,-1,-1,-2
1533864710325887,3,0,15,0,9,2,-3,1
1533864710346997,1,-1,12,-2,-5,-1,1,1
1533864710346997,-5,-3,-70,-5,2,-1,-3,-5
1533864710347829,0,7,49,1,-1,-1,0,0
1533864710347829,-2,-12,-6,2,2,1,-3,-1
1533864710367776,-1,3,-2,-4,-3,0,-1,-2
1533864710367776,0,0,41,6,3,1,2,1
1533864710376759,-3,3,-11,-2,-2,-2,-3,-2
1533864710376759,-1,-7,-63,-5,-1,-1,-1,1
1533864710383734,0,-3,24,2,-1,1,1,1
1533864710383734,-1,2,-5,-1,2,1,-1,-1
1533864710389717,-3,-5,4,-1,-8,-2,-2,-1
1533864710389717,-2,-1,21,2,1,-2,-1,-1
1533864710405677,-2,0,-35,-10,-2,-3,-3,-4
1533864710405677,3,1,6,3,3,1,-1,-1
1533864710414649,-1,-3,7,4,3,-3,0,0
1533864710414649,1,6,-12,-12,-4,-1,-1,-3
1533864710428613,0,-1,-5,2,1,-3,-2,0
1533864710428613,-1,0,16,2,3,1,0,0
1533864710430608,-3,-5,-17,-2,-18,-2,-2,-1
1533864710430608,2,5,48,-1,3,1,0,-1
1533864710442575,-3,0,-16,2,-4,1,0,-1
1533864710442575,0,3,48,1,-1,-3,-2,0
1533864710451553,-1,-2,3,1,6,-3,0,0
1533864710451553,-2,-3,-87,-11,-2,-4,-4,-4
1533864710466511,1,3,63,9,5,7,3,2
1533864710466511,0,1,7,2,-2,0,-2,1
1533864710468506,-1,3,6,-7,-2,1,0,0
1533864710468506,-2,-3,3,6,2,-2,-1,0
1533864710489453,0,-2,-34,-6,-12,-4,-4,0
1533864710489453,-1,-3,-24,-3,4,0,-1,-1
1533864710490456,1,1,0,-4,-3,-3,-4,-2
1533864710490456,1,-3,18,3,2,1,0,-1
1533864710502415,-1,-1,-13,-3,1,0,-1,-1
1533864710502415,-2,-8,-88,-2,-6,-2,0,-3
1533864710511390,-3,1,35,-1,1,-2,2,0
1533864710511390,-2,12,14,-3,0,-4,-1,-1
1533864710526546,-2,-7,4,2,0,1,0,0
1533864710526546,-3,-3,-13,-3,-2,0,-2,-1
1533864710528346,-2,-1,-21,-2,2,0,-1,-1
1533864710528346,1,0,9,7,9,0,-1,0
1533864710549293,-1,1,-4,-11,-21,-7,-4,-2
1533864710549293,0,-2,14,-8,-5,-1,0,0
1533864710550287,-1,0,-9,9,1,1,-2,-1
1533864710550287,0,-3,33,-1,0,0,0,-1
1533864710563256,-2,-7,-16,-8,2,-2,-1,-4
1533864710563256,1,1,10,9,1,-3,-1,-2
1533864710572229,-1,-4,-16,-16,-5,-3,-1,-2
1533864710572229,-1,2,49,5,-3,-1,-2,0
1533864710587204,-2,0,7,6,9,3,0,0
1533864710587204,-3,3,13,-6,-1,0,0,-1
1533864710593176,-1,-1,8,6,-4,0,-1,-2
1533864710593176,-1,4,-25,-3,-4,-1,-3,-1
1533864710609130,-2,-5,-28,-8,0,-1,0,-1
1533864710609130,3,6,75,12,2,-1,1,1
1533864710611124,-1,-13,-11,2,3,-1,-2,-1
1533864710611124,-1,-4,-9,0,-5,-1,0,0
1533864710623096,-1,0,1,-2,-1,0,1,0
1533864710623096,-3,-6,-25,3,10,-1,-1,-3
1533864710631222,-3,3,-8,-19,-9,-5,-1,-2
1533864710631222,2,-3,0,3,-1,-2,0,-2
1533864710646182,1,0,9,15,1,0,0,-1
1533864710646182,-2,-4,-14,-18,-4,-2,-5,-5
1533864710653166,-1,2,4,1,-4,-1,-2,-2
1533864710653166,-3,-4,-1,2,8,4,0,1
1533864710677099,-2,1,-8,-10,0,0,-1,-1
1533864710677099,-3,0,-6,1,-17,-2,0,-1
1533864710677099,-2,1,-5,5,4,1,-2,-2
1533864710677099,0,-6,8,-3,-4,-2,1,0
1533864710691058,1,-1,5,-3,-9,-6,-3,-2
1533864710691058,0,-3,0,-5,6,-3,-3,-2
1533864710692055,4,-1,3,-8,-4,-1,0,1
1533864710692055,0,0,-13,-1,0,0,-1,-1
1533864710706238,0,-1,2,8,-1,-2,-1,0
1533864710706238,2,0,2,-13,-5,-4,-3,-2
1533864710707017,-2,4,-8,10,6,6,2,1
1533864710707017,-6,-14,-14,-22,-6,-2,1,0
1533864710728960,-3,-5,-47,-8,1,-4,-4,-3
1533864710728960,-3,1,7,10,-2,3,5,4
1533864710728960,-4,-9,-78,-10,2,2,0,-4
1533864710728960,-2,6,58,14,-1,-4,-3,-1
1533864710750903,-1,0,6,2,5,-1,-1,1
1533864710750903,-5,-5,-33,9,1,-4,-5,-3
1533864710751902,0,3,6,-4,-12,-2,-1,-1
1533864710751902,-1,-2,-22,2,-3,-2,-4,-2
1533864710765861,-2,-1,4,-2,-2,-1,-1,-3
1533864710765861,0,1,1,9,3,0,-1,-1
1533864710766855,-1,-3,17,-28,0,-2,0,-1
1533864710766855,0,3,-14,1,-1,0,-2,-1
1533864710788870,1,1,15,-8,2,-1,-1,1
1533864710788870,-1,0,-10,3,4,2,1,-1
1533864710788870,-1,-7,18,16,0,-4,-1,1
1533864710788870,-1,12,29,-3,-13,-8,-4,-4
1533864710810738,-3,-8,-3,2,4,1,1,-3
1533864710810738,-3,-3,1,-7,1,6,5,2
1533864710811735,0,1,20,18,2,-2,-2,0
1533864710811735,-1,1,-24,-16,-1,-2,0,-1
1533864710825733,-1,3,50,15,-1,-3,-1,-1
1533864710825733,-2,-4,0,-20,-9,-3,-6,-2
1533864710826704,-1,3,0,8,5,1,3,1
1533864710826704,2,-4,-8,2,7,4,1,0
1533864710848655,-1,-1,-40,4,-2,0,1,-1
1533864710848655,-4,5,92,27,11,-3,-2,0
1533864710849640,-2,-2,9,4,-10,-8,-3,-4
1533864710849640,1,-7,-17,-9,-6,-5,-5,-5
1533864710870578,0,1,7,4,-5,4,4,1
1533864710870578,2,10,-27,-7,7,5,0,1
1533864710871575,-4,-3,-9,8,-2,-2,0,0
1533864710871575,-2,0,23,13,2,2,0,0
1533864710885539,0,-4,-7,-13,8,-3,-3,-4
1533864710885539,-1,-3,-18,0,-17,-7,-5,-4
1533864710886536,-2,-3,-43,-19,3,1,0,-2
1533864710886536,-1,5,37,5,-2,-1,0,0
1533864710908477,5,9,53,8,2,1,1,2
1533864710908477,-2,-5,-6,-13,-7,-4,0,-1
1533864710909474,-3,-4,-2,-2,16,-3,-5,-2
1533864710909474,-1,0,-6,5,-9,-2,0,-1
1533864710931585,-4,-4,-25,-46,-29,-4,-1,-1
1533864710931585,1,-2,7,26,8,1,-1,-1
1533864710932414,3,-5,-44,6,-11,-1,-2,-2
1533864710932414,-3,-12,-12,-18,15,1,-1,0
1533864710946379,-4,-4,1,30,17,-1,-3,-2
1533864710946379,2,-3,-16,-23,-22,-2,0,-3
1533864710946379,2,3,16,20,28,4,0,3
1533864710946379,-1,-2,-18,28,-16,-3,0,-3
1533864710968317,-3,-4,-13,-40,-2,-5,-2,-1
1533864710968317,-4,-8,-13,-2,-5,-5,-5,-4
1533864710969315,2,5,11,-1,-9,0,-3,-2
1533864710969315,0,-1,-16,6,13,-2,1,0
1533864710991386,-1,7,44,50,9,2,0,1
1533864710991386,1,-1,-23,-55,-17,-1,1,-2
1533864710991386,-1,-3,3,-4,-2,-2,-1,-2
1533864710991386,-1,-3,-23,-37,0,-2,-2,-1
1533864711006262,-2,-1,-19,10,-13,-1,-1,-3
1533864711006262,0,0,11,29,32,-2,-2,-1
1533864711006262,-2,-1,20,16,-25,-5,-7,-5
1533864711006262,2,1,-9,-30,-4,0,1,8
1533864711028156,2,5,-25,-24,4,7,11,0
1533864711028156,-6,-29,-72,8,-5,0,2,1
1533864711029154,-3,1,44,11,10,1,4,1
1533864711029154,-4,-3,-6,9,-3,-3,-7,-4
1533864711051095,-6,-5,-14,-22,-19,-10,-6,-2
1533864711051095,-5,24,84,1,-3,0,-3,1
1533864711052093,1,7,-77,-12,-2,0,-4,-4
1533864711052093,21,-25,34,34,12,0,-2,-2
1533864711066059,-30,3,21,-9,-13,2,4,0
1533864711066059,1,-7,-28,-13,-6,-4,-2,-5
1533864711067052,-4,0,4,-18,-10,-4,-2,-2
1533864711067052,-2,8,-45,0,-1,3,0,-1
1533864711096976,7,-6,-44,1,8,-2,-4,-1
1533864711096976,2,-3,17,19,16,3,0,2
1533864711096976,-3,-5,5,-10,-15,-3,-1,-1
1533864711096976,-4,-10,-84,-32,-9,-2,-1,-2
1533864711111064,3,14,16,17,5,-4,-6,-3
1533864711111064,-3,-17,-19,7,-5,-1,-1,-1
1533864711111933,7,10,60,-2,3,2,3,3
1533864711111933,-6,1,21,-6,1,-1,0,-3
1533864711125895,8,-1,-9,-9,-2,-2,-2,-1
1533864711125895,0,6,-11,15,-4,-2,-1,-1
1533864711126892,-4,-30,-49,-21,4,-1,0,-1
1533864711126892,-11,-4,29,0,-11,-1,0,-1
1533864711148835,2,-2,19,-3,9,1,-2,-1
1533864711148835,-6,-2,-25,0,0,-4,-2,-2
1533864711148835,3,-1,-8,-3,-5,-2,-2,-2
1533864711148835,-4,11,22,21,0,0,-1,-3
1533864711170778,4,-12,-23,-22,-1,0,0,0
1533864711170778,3,-6,-29,-2,-6,-3,-2,-3
1533864711171773,-7,3,6,-16,-21,-3,-1,0
1533864711171773,3,2,17,3,12,0,0,0
1533864711185736,-2,8,-5,4,0,-2,-4,-2
1533864711185736,-2,-26,12,-1,11,3,2,0
1533864711186733,1,5,13,4,2,-4,-5,-1
1533864711186733,0,1,-28,-1,-1,-2,4,-2
1533864711208677,0,-5,-6,17,2,2,1,2
1533864711208677,5,39,35,-4,-6,4,2,2
1533864711208677,-1,-34,-50,-18,-3,4,-1,0
1533864711208677,-7,-1,30,4,19,-5,-5,-3
1533864711230619,-2,-6,-9,-3,-25,-8,-4,-4
1533864711230619,2,14,44,31,11,0,-1,1
1533864711231613,-5,28,-7,-52,-30,-8,-2,-3
1533864711231613,-1,-2,16,34,2,-1,-3,-2
1533864711245575,4,-2,-4,-23,13,1,-2,1
1533864711245575,0,-2,-10,19,-1,0,-4,-2
1533864711246591,-3,4,0,-8,13,-1,4,-1
1533864711246591,-1,-2,-6,-27,-15,0,1,0
1533864711268514,2,5,18,15,1,-1,-1,2
1533864711268514,-1,-2,-9,-13,-4,-1,-1,-2
1533864711269511,0,-2,19,29,18,1,-2,-1
1533864711269511,-3,0,14,-23,-15,-5,-3,-2
1533864711290472,4,-5,-69,6,-2,7,2,-3
1533864711290472,-7,-9,-49,-32,-8,-3,-4,-3
1533864711291452,-3,4,58,16,-5,2,2,2
1533864711291452,0,7,14,14,1,-1,1,3
1533864711306444,-3,-6,-4,5,7,-1,-1,-1
1533864711306444,-3,4,18,0,2,1,1,-1
1533864711306444,3,1,3,-5,1,-1,-1,-1
1533864711306444,5,-2,-36,0,-13,4,1,-3
1533864711328354,-11,-5,17,18,11,-10,-6,-4
1533864711328354,1,-1,-2,7,-9,-2,1,-2
1533864711329351,5,8,-30,-3,5,-2,-1,-1
1533864711329351,-1,-19,-1,-31,1,1,-1,0
1533864711351292,-6,-49,-32,-5,2,1,-1,-3
1533864711351292,-4,3,40,5,-6,-3,0,0
1533864711351292,2,0,9,23,8,-3,-7,-2
1533864711351292,-2,8,-19,-2,3,0,0,-2
1533864711366256,1,-12,-36,-6,-5,1,1,-3
1533864711366256,1,6,94,-6,-4,0,1,1
1533864711366256,-3,17,-23,-2,-6,-1,-2,-3
1533864711366256,-2,30,4,6,3,-5,-5,-4
1533864711388197,-2,-27,15,6,-3,1,-1,0
1533864711388197,8,2,-26,0,17,3,3,1
1533864711389191,-9,-8,1,-2,-13,-3,0,1
1533864711389191,-4,-5,-10,-3,-13,-4,-3,-3
1533864711411136,2,25,-2,7,2,-1,-1,-1
1533864711411136,7,-3,-20,-11,0,1,0,0
1533864711412130,6,3,14,-9,2,-2,0,0
1533864711412130,-1,19,-82,-6,-9,-5,-5,-7
1533864711426096,-6,8,77,27,5,-2,-2,1
1533864711426096,-7,-13,-23,-52,-13,-4,-4,-1
1533864711427093,-4,-39,-25,7,3,0,-3,-4
1533864711427093,-3,6,36,10,-1,2,2,1
1533864711448034,3,14,26,-9,-5,-3,-1,0
1533864711448034,-2,-5,-5,14,9,-1,-3,-4
1533864711449031,-3,0,-16,-7,-13,-1,0,0
1533864711449031,7,-9,63,19,22,3,4,3
1533864711470976,-3,22,51,-20,-19,-5,-4,0
1533864711470976,-7,-6,14,3,-20,0,0,-1
1533864711471970,1,0,31,13,23,5,2,-1
1533864711471970,-6,-16,-29,-20,-9,-4,-6,-3
1533864711485933,1,6,10,3,6,2,0,0
1533864711485933,1,0,-21,0,0,-2,-3,-3
1533864711486930,2,8,-17,-9,1,-3,-4,-3
1533864711486930,9,35,1,18,1,-1,-2,0
1533864711508073,-2,-21,3,-7,10,-1,1,1
1533864711508073,-9,-23,-61,23,9,0,-1,-3
1533864711508906,1,0,16,-20,-25,-5,1,-1
1533864711508906,-8,-18,-23,-3,-4,1,0,0
1533864711530812,4,15,-51,-9,-1,-4,-6,-2
1533864711530812,0,3,21,3,-1,-2,-2,-1
1533864711531825,0,9,-9,1,8,2,1,1
1533864711531825,-3,-14,28,19,0,-1,-1,2
1533864711545808,0,10,25,-8,-7,-5,-2,0
1533864711545808,1,3,2,-7,-1,-3,-2,-2
1533864711546770,1,4,-5,16,5,0,1,0
1533864711546770,0,0,29,27,-4,-5,-4,-2
1533864711568717,3,-3,-8,-28,-1,0,0,-3
1533864711568717,-5,0,-11,-8,-13,-9,-4,-2
1533864711568717,-5,-3,12,3,10,0,-2,-1
1533864711568717,1,-16,2,-13,-7,0,1,1
1533864711591848,-1,11,52,20,6,2,2,-1
1533864711591848,3,38,-2,-3,-3,-1,-1,1
1533864711592842,-2,-22,32,-9,0,-2,0,1
1533864711592842,-4,-14,-15,15,9,1,0,-2
1533864711605822,2,1,-31,-1,-1,-1,-2,-2
1533864711605822,-2,-6,-16,-23,-13,1,2,0
1533864711606805,-1,3,12,31,5,-1,-1,0
1533864711606805,-2,2,-2,-3,2,-1,-1,-1
1533864711628763,0,-5,-1,-29,-7,1,0,2
1533864711628763,-1,0,-79,20,-2,-6,-5,-7
1533864711628763,-8,2,30,-11,1,-2,-3,-2
1533864711628763,-1,-22,-32,26,-3,-1,-1,-2
1533864711651684,-5,-2,-26,-73,-16,-2,-4,-3
1533864711651684,-8,-5,-3,14,10,0,-2,0
1533864711652682,0,1,-10,-3,-13,-3,-1,0
1533864711652682,-3,5,-17,-15,6,0,-1,-1
1533864711665648,2,-15,-3,10,4,4,1,0
1533864711665648,1,-5,26,-15,-4,-1,2,1
1533864711666644,0,-2,2,4,2,0,-1,-2
1533864711666644,-1,0,6,-35,-8,-1,1,-1
1533864711688585,-1,6,-34,25,-2,-6,-2,-2
1533864711688585,0,-31,45,-4,5,2,1,1
1533864711689585,-1,-5,4,9,-3,1,-1,0
1533864711689585,0,6,-8,-20,-2,0,-1,-2
1533864711711545,2,25,11,23,3,0,0,0
1533864711711545,3,19,63,-22,6,-2,-2,0
1533864711712522,-1,-1,-21,20,-10,-2,0,-1
1533864711712522,-6,-5,38,-31,0,-6,-3,-2
1533864711725491,-4,-3,-18,15,-1,1,-1,-2
1533864711725491,0,-2,39,7,-1,-1,-1,0
1533864711726485,0,-5,-41,-29,-2,1,0,-1
1533864711726485,3,18,-16,15,0,-2,-1,0
1533864711748435,-7,-22,12,-10,-10,-1,1,-1
1533864711748435,6,21,15,-7,-1,0,1,1
1533864711749422,-3,-5,20,-4,7,-2,0,0
1533864711749422,-2,-9,-9,-4,-4,-1,-3,0
1533864711771618,-3,-4,-2,7,5,-1,-1,-1
1533864711771618,3,11,-47,12,-2,0,-2,0
1533864711772612,0,-11,17,-3,1,1,1,-1
1533864711772612,-1,-7,-11,11,-4,-1,1,-2
1533864711785578,-5,-4,-11,-1,-6,-4,-4,-1
1533864711785578,0,6,-15,5,-1,-2,-2,-2
1533864711793559,1,14,-20,-16,4,1,-1,0
1533864711793559,2,1,33,-8,4,2,2,0
1533864711808520,-5,-5,-10,11,-5,0,0,-1
1533864711808520,-6,-14,-11,-4,-1,-4,-3,-3
1533864711809514,-1,-16,-51,8,2,-6,-4,-5
1533864711809514,-3,-3,-2,25,2,1,0,0
1533864711831458,0,-34,33,-29,-14,-5,-1,-2
1533864711831458,-2,-10,13,0,9,6,2,3
1533864711832452,0,2,-23,6,-6,-2,-2,0
1533864711832452,-1,5,-8,-16,2,-1,-2,1
1533864711845421,-2,12,6,26,8,-2,-2,-3
1533864711845421,-1,-8,-36,-4,-8,1,-2,-3
1533864711853395,2,12,7,38,18,0,2,1
1533864711853395,-4,2,8,-38,-12,-4,-1,0
1533864711868356,3,9,-1,-16,-3,4,0,-1
1533864711868356,-5,-12,-1,-6,-3,-1,-2,-2
1533864711869370,2,14,45,22,3,2,0,2
1533864711869370,-1,-22,-43,16,8,0,0,-1
1533864711891295,1,15,-60,-35,-23,-5,-1,-3
1533864711891295,-1,7,11,2,6,0,0,-1
1533864711892313,-4,-8,-4,-8,-2,-2,-2,-2
1533864711892313,-2,-8,-29,-2,-1,-2,-1,-2
1533864711905258,2,10,21,18,-4,-2,-2,0
1533864711905258,-4,-10,-26,0,-5,0,0,0
1533864711913237,-4,0,7,-17,-7,-1,0,-2
1533864711913237,2,2,13,8,1,0,-1,0
1533864711928199,1,3,-11,11,17,2,0,1
1533864711928199,-7,-10,-34,-39,-16,-9,-7,-4
1533864711929193,-4,-24,50,10,-5,-2,-1,0
1533864711929193,-1,12,18,4,-3,1,-1,0
1533864711951143,2,-1,13,8,2,0,1,1
1533864711951143,-1,-11,-2,5,4,-2,0,-1
1533864711952133,-2,-10,-89,-21,-3,-5,-3,-5
1533864711952133,-1,0,-30,-3,-8,-1,-1,-3
1533864711965220,-4,-14,21,13,10,2,1,0
1533864711965220,-2,1,11,4,2,-3,-3,-3
1533864711974074,-3,6,-16,3,-4,-1,-2,-2
1533864711974074,0,6,9,16,-1,-1,0,-3
1533864711988035,-1,0,-8,-7,7,-4,-2,-2
1533864711988035,0,15,-3,-1,-8,-1,-1,-2
1533864711989033,3,9,17,-11,-5,0,0,-1
1533864711989033,-3,-6,2,-2,7,0,0,-2
1533864712011971,1,5,-2,-10,-9,-1,0,-1
1533864712011971,-2,-2,9,32,-1,-1,-3,-1
1533864712011971,2,10,48,-21,-11,-3,-2,2
1533864712011971,-2,-1,27,6,9,-1,2,0
1533864712025141,-1,25,-32,2,3,-2,-2,-3
1533864712025141,2,-23,60,6,0,5,2,3
1533864712032918,-1,-13,7,6,4,2,0,1
1533864712032918,-3,-3,23,-13,-9,-1,1,0
1533864712048873,-2,-4,17,12,2,-3,-3,-1
1533864712048873,2,4,-18,-12,3,0,1,0
1533864712048873,-3,-5,-19,10,8,-2,-3,-4
1533864712048873,10,22,67,5,1,1,-1,2
1533864712071824,-1,-29,-7,14,16,4,3,2
1533864712071824,-9,3,24,17,-20,-14,-8,-3
1533864712072809,-3,11,54,-9,-2,0,1,1
1533864712072809,-4,-9,-24,-9,-10,-7,-4,-2
1533864712093753,0,1,-5,22,14,3,0,1
1533864712093753,2,5,-5,-4,7,5,2,0
1533864712094751,0,-3,-17,-9,-8,0,-1,-2
1533864712094751,-3,-6,-23,-4,1,0,-2,-3
1533864712108716,2,14,-13,-8,-7,-2,-2,-2
1533864712108716,4,9,-52,-26,-6,-1,2,0
1533864712108716,-3,-7,25,14,6,-3,0,-1
1533864712108716,-5,-9,-24,-3,-3,-1,-4,-2
1533864712131655,-7,-1,-3,-15,-10,-4,-4,-3
1533864712131655,2,4,-15,-12,-4,-2,-2,-3
1533864712132649,2,5,-15,10,4,1,1,-2
1533864712132649,2,0,10,2,0,2,3,3
1533864712153593,-1,0,16,-1,-7,-6,-2,-2
1533864712153593,1,-11,33,6,6,2,0,-1
1533864712154590,-1,-3,0,-8,4,0,-1,0
1533864712154590,4,-9,-34,-4,-2,-1,1,-2
1533864712168553,-6,-7,5,-3,-10,-5,-1,0
1533864712168553,0,22,-6,9,2,-2,-2,-2
1533864712169554,-3,-4,-6,-18,-10,-4,-2,1
1533864712169554,2,11,13,-11,-6,0,-3,0
1533864712191495,-1,-5,-2,7,9,4,2,1
1533864712191495,-1,0,-6,5,8,0,1,1
1533864712192492,3,26,-31,7,10,1,-1,-1
1533864712192492,-2,11,-42,-3,-12,-6,-6,-3
1533864712214434,-2,-11,11,-2,-5,-4,-3,-1
1533864712214434,-6,-15,8,-5,5,-1,-2,0
1533864712214434,-4,-8,-28,-11,-13,-1,-1,0
1533864712214434,0,5,46,3,5,2,0,0
1533864712228393,1,3,-7,0,0,0,-1,-1
1533864712228393,2,17,-40,-21,-7,-1,-5,-4
1533864712229406,0,-11,15,18,3,-1,0,1
1533864712229406,-1,2,34,-4,-3,2,1,0
1533864712251332,-7,-10,1,-14,-11,-3,-4,-4
1533864712251332,-1,-18,-43,-5,4,2,1,-1
1533864712251332,-7,-5,-13,11,6,2,-1,-3
1533864712251332,-1,-4,-9,2,-3,-6,-3,-3
1533864712274271,2,1,-2,-8,-4,-2,1,-3
1533864712274271,-4,-16,-20,0,5,0,3,1
1533864712275268,2,9,28,-12,-7,-2,0,-1
1533864712275268,-4,-12,1,-19,-5,1,0,-1
1533864712288232,-4,-5,-9,-15,-16,-1,-2,-2
1533864712288232,-2,-3,29,-1,-5,0,-1,-1
1533864712289230,-3,-4,0,-2,-3,-3,-3,-1
1533864712289230,0,4,-26,4,7,-2,-1,-1
1533864712319150,1,-18,12,4,6,-2,2,0
1533864712319150,3,-2,18,27,2,-2,-1,0
1533864712320153,-2,-1,-33,-48,-15,-5,-3,-2
1533864712320153,-3,-12,8,-6,9,1,0,1
1533864712334124,-2,12,4,29,5,2,-1,1
1533864712334124,-3,10,14,-2,-6,-3,-1,-1
1533864712335108,0,-2,11,18,6,0,1,0
1533864712335108,-1,-3,-18,-12,-1,1,0,-2
1533864712348076,1,4,34,-1,3,0,-1,-2
1533864712348076,-1,-3,-10,24,7,3,3,-1
1533864712349071,0,9,53,-18,-12,-4,-3,-2
1533864712349071,-1,-1,7,-4,-4,-1,0,-1
1533864712371015,2,-4,-32,0,8,1,1,1
1533864712371015,-1,-2,-1,12,10,-3,-1,-1
1533864712372009,-7,-9,-22,-7,-18,-5,-2,-3
1533864712372009,1,14,-4,12,-5,-2,-2,-3
1533864712393954,3,16,-6,-11,-2,1,0,0
1533864712393954,-2,-19,14,-12,-8,1,0,0
1533864712394948,0,-19,-13,9,7,0,0,0
1533864712394948,-3,11,61,3,-5,-3,-1,0
1533864712408914,-3,-3,-19,-5,2,-3,-1,-2
1533864712408914,3,2,75,-10,-2,-1,1,3
1533864712408914,0,7,-7,2,3,0,-1,-1
1533864712408914,-3,-25,-96,7,1,0,-1,-2
1533864712430855,-5,2,39,4,4,-2,-1,-1
1533864712430855,-1,5,1,-22,-5,-1,-2,-2
1533864712431849,-1,-3,-11,27,2,-1,-1,-2
1533864712431849,-2,-6,-12,-19,-6,-1,-1,-2
1533864712453939,-1,-4,-27,-11,-6,-1,-1,-1
1533864712453939,0,1,-30,-9,-4,-2,-1,-2
1533864712454788,2,6,-14,0,6,0,-1,0
1533864712454788,0,-15,13,29,0,3,3,1
1533864712468751,-7,-6,-12,0,9,-8,-4,-3
1533864712468751,-5,9,16,-13,-18,-4,-2,-3
1533864712468751,3,3,6,-4,4,-1,-3,-1
1533864712468751,-3,1,21,2,1,-4,-2,-2
1533864712490691,4,-12,-29,6,3,4,0,-1
1533864712490691,-2,6,-44,3,6,-2,-2,-2
1533864712491690,-2,-15,16,-2,-2,3,4,0
1533864712491690,2,15,-30,0,1,-5,-4,-2
1533864712521609,-3,0,-6,-1,-12,-3,-1,-1
1533864712521609,2,3,-21,-6,-5,0,-1,-3
1533864712522606,4,7,36,14,5,2,-1,0
1533864712522606,-6,-4,3,-27,-8,-5,-3,-2
1533864712528590,0,-4,1,-1,-3,-2,-2,-1
1533864712528590,0,18,-11,2,-3,-2,-1,-3
1533864712529591,-1,-4,-12,2,8,3,4,0
1533864712529591,-1,-8,7,29,10,-1,-1,-1
1533864712551529,-5,3,-11,-1,0,-2,-3,-1
1533864712551529,0,-4,6,-61,-27,-3,-3,-1
1533864712558513,-2,0,-24,5,2,-3,-3,-3
1533864712558513,1,7,3,6,3,0,1,-1
1533864712574488,-2,-1,10,2,-2,2,2,-1
1533864712574488,0,-12,-6,11,9,1,-2,-1
1533864712575468,0,12,30,-6,-10,-4,-3,-2
1533864712575468,-4,-46,36,-13,-5,0,1,2
1533864712596412,3,2,45,2,6,3,0,0
1533864712596412,-5,-12,5,33,10,0,-1,0
1533864712597406,-3,-3,-33,-41,-10,-4,-3,0
1533864712597406,-3,-5,-6,17,12,-2,-1,1
1533864712611369,0,2,-2,-32,-18,-4,-3,-1
1533864712611369,-2,-12,15,37,11,-2,-2,-2
1533864712611369,-4,-1,-15,-36,-9,0,1,-2
1533864712611369,1,15,-8,-16,-16,0,0,-2
1533864712634320,-2,0,8,-8,1,2,2,-3
1533864712634320,0,-1,-11,25,4,-1,-1,-1
1533864712635318,-2,-11,-9,13,3,0,-1,-1
1533864712635318,-1,7,-1,-6,4,0,-2,0
1533864712648270,4,16,58,21,5,-1,1,2
1533864712648270,-2,1,10,-14,-13,-4,-3,-1
1533864712649268,-2,-3,-7,10,4,0,0,0
1533864712649268,-2,4,0,-12,-3,-1,-2,-1
1533864712671209,-2,-5,-24,22,8,0,-1,-2
1533864712671209,6,8,-40,0,1,1,1,1
1533864712671209,-1,-25,20,-23,-2,-3,0,1
1533864712671209,-1,18,-5,1,2,-1,0,-1
1533864712694150,-4,-7,-16,5,-1,-3,-4,-4
1533864712694150,-4,2,15,-3,-1,-1,1,-1
1533864712695145,0,-1,-22,-1,-8,-1,-2,-2
1533864712695145,2,3,-12,-5,-4,-3,0,-1
1533864712708113,-1,-7,-17,-3,2,-1,-1,-2
1533864712708113,-3,-7,-11,-16,0,1,1,-1
1533864712716245,-4,11,-9,42,11,1,-2,-2
1533864712716245,0,-2,-5,-65,-24,1,0,-2
1533864712731052,0,12,0,10,9,-4,-3,-2
1533864712731052,-2,2,69,-12,10,1,-1,1
1533864712732046,-4,-1,0,8,-11,0,2,-1
1533864712732046,-2,-4,-4,12,-5,-2,-3,-3
1533864712753991,0,-9,-20,-6,-10,0,0,1
1533864712753991,4,-7,-72,0,11,-1,0,-1
1533864712754985,-2,-13,20,18,6,1,0,1
1533864712754985,1,18,-14,0,6,-2,-2,-2
1533864712767951,-1,0,-8,-15,-9,-3,1,0
1533864712767951,-2,-2,11,28,2,-1,-1,-1
1533864712775929,1,7,7,-26,-23,-3,0,-3
1533864712775929,0,-6,-19,21,7,-2,-3,-2
1533864712790903,1,-5,24,-5,2,-1,0,0
1533864712790903,-6,-31,28,-19,-6,-3,0,-2
1533864712791904,1,10,18,3,5,1,0,1
1533864712791904,-2,-9,-18,7,5,0,-1,-2
1533864712813827,-7,-8,-18,11,-8,-4,-4,-2
1533864712813827,-3,0,4,9,1,0,-2,0
1533864712814830,1,6,-2,-5,0,-1,-4,-2
1533864712814830,0,-6,11,-3,0,2,-1,1
1533864712827790,3,-1,3,-9,2,1,0,0
1533864712827790,-1,4,-27,-3,-8,0,1,-3
1533864712835772,1,-5,-50,-1,6,-1,1,0
1533864712835772,1,9,22,1,1,-1,-1,-1
1533864712850737,-2,11,-32,10,2,-1,-1,0
1533864712850737,-7,-15,15,-14,-9,-3,-6,-3
1533864712851726,-1,1,4,-24,-1,-2,-2,-1
1533864712851726,-6,-9,2,2,-4,0,-1,0
1533864712873671,0,-1,0,2,-1,-1,0,-2
1533864712873671,4,7,-51,2,3,0,2,-1
1533864712874665,1,20,-39,8,11,-3,0,-3
1533864712874665,-8,-35,14,-14,-34,-7,-4,-1
1533864712887643,-2,-7,5,-8,9,4,1,0
1533864712887643,-2,-7,-37,-6,-4,-4,-3,-3
1533864712895633,-2,-1,4,15,3,-1,0,-3
1533864712895633,0,9,0,12,10,2,-1,2
1533864712910571,-1,-3,-1,-11,-8,0,-2,-1
1533864712910571,1,-6,3,4,3,1,0,2
1533864712911565,2,-2,28,5,-4,2,-1,0
1533864712911565,-2,4,4,-22,9,-5,-2,-3
1533864712934530,0,-5,18,16,-1,0,-3,1
1533864712934530,-2,13,22,-5,1,0,0,0
1533864712934530,-3,-8,-3,-10,-6,-2,-2,-3
1533864712934530,1,7,6,8,2,0,2,0
1533864712947470,2,2,-13,2,4,0,-1,-1
1533864712947470,2,3,6,-16,-3,0,2,1
1533864712955452,-7,6,-13,13,0,-4,-6,-3
1533864712955452,-2,-6,-19,-13,-8,0,-1,-1
1533864712971406,-1,14,-12,-2,-7,-2,-2,-2
1533864712971406,-1,-7,22,-7,-5,0,0,0
1533864712971406,3,15,29,-9,-5,0,-1,1
1533864712971406,1,-1,-11,11,9,-2,-2,-3
1533864712994523,0,3,-1,-11,-3,-2,1,-2
1533864712994523,1,6,0,-3,-4,-1,0,0
1533864712995343,2,5,30,22,9,1,1,1
1533864712995343,-3,5,-4,0,-3,-5,-4,-2
1533864713007313,-5,-34,36,-10,-11,-1,-1,1
1533864713007313,-2,-7,-21,-12,2,1,-1,0
1533864713016287,-3,-15,-15,-1,-7,-4,-2,-3
1533864713016287,2,-11,-49,12,8,5,1,0
1533864713031249,-2,-4,-28,5,0,-3,-3,-3
1533864713031249,-3,4,18,-11,1,1,-2,-1
1533864713031249,-3,-10,-3,5,-8,-1,-1,1
1533864713031249,0,8,10,-1,8,-2,0,-2
1533864713054400,-3,2,-14,-2,4,-1,-5,-2
1533864713054400,0,3,5,3,-2,-2,-2,0
1533864713055198,-1,-5,-10,-3,2,0,-1,0
1533864713055198,-4,-10,2,5,-11,-1,-1,1
1533864713077126,5,3,1,-13,5,3,3,0
1533864713077126,4,19,94,8,-8,-3,-3,1
1533864713077126,-8,-6,-5,29,11,-5,-3,-2
1533864713077126,-4,2,15,-17,-22,-3,-1,0
1533864713091086,-1,-3,-2,-35,-2,-1,-2,-2
1533864713091086,1,1,-25,-7,-3,0,-1,-3
1533864713092088,4,-13,-59,-20,1,1,0,-1
1533864713092088,0,3,15,17,5,-1,-1,-1
1533864713114028,-2,1,-4,20,0,-1,-2,-1
1533864713114028,-4,-5,-13,14,3,-2,-1,-2
1533864713115022,0,-1,0,-16,-2,1,0,-2
1533864713115022,0,-2,-1,-3,2,-1,0,0
1533864713136962,1,2,2,1,-9,-4,-1,0
1533864713136962,-4,-5,-14,4,5,0,0,0
1533864713137960,1,19,-1,-5,-10,-2,-2,-3
1533864713137960,-3,9,51,-10,-6,0,-1,-2
1533864713151922,-4,-15,20,-3,-5,-1,1,-1
1533864713151922,-4,-7,-4,6,0,-3,-2,-2
1533864713151922,-1,-6,22,-20,-2,1,-3,0
1533864713151922,3,2,-14,5,5,1,0,-1
1533864713173899,0,3,-22,0,0,-1,0,-1
1533864713173899,1,6,10,0,1,-2,0,-2
1533864713174862,2,3,-20,17,4,3,2,2
1533864713174862,-8,-2,-4,8,2,-5,-4,-2
1533864713196999,-4,2,21,-23,-25,-4,-4,0
1533864713196999,-1,-7,-17,-2,-5,-3,-3,-2
1533864713197817,0,3,20,4,-1,0,1,0
1533864713197817,3,-1,-5,8,7,1,1,1
1533864713210771,-1,-1,-2,5,6,-2,-2,-4
1533864713210771,-1,-1,-3,-2,-7,-1,-1,-1
1533864713211763,3,8,2,-17,-2,0,-1,1
1533864713211763,2,-6,-19,-6,9,-1,0,-2
1533864713233704,-4,3,-5,-6,-9,-1,-3,-2
1533864713233704,-5,-6,3,-16,-5,-2,-2,-2
1533864713234716,-3,-9,1,0,2,-4,-2,-2
1533864713234716,1,2,-7,-3,3,1,1,0
1533864713256643,2,5,-5,7,4,1,1,1
1533864713256643,3,5,-23,4,1,-1,0,-2
1533864713257642,-4,-21,16,-1,-1,-1,0,-1
1533864713257642,2,-10,5,13,12,1,3,-1
1533864713270609,-6,-6,-12,-12,-3,-2,-2,-2
1533864713270609,-4,3,-9,-9,-20,-2,-2,0
1533864713271624,-1,-2,6,-3,-2,-3,-2,-3
1533864713271624,1,-2,3,-5,-9,0,-1,-2
1533864713294541,3,2,-10,16,16,1,-1,0
1533864713294541,0,-1,-7,4,6,0,-1,0
1533864713294541,-3,-15,-1,-7,-5,-4,-4,-1
1533864713294541,-3,-2,2,0,-1,3,0,1
1533864713316486,-4,1,-1,10,-3,-2,-2,-2
1533864713316486,-1,0,16,0,-6,-5,1,-4
1533864713317481,-3,-4,-53,-18,-8,-5,-2,-4
1533864713317481,-2,5,-5,2,-2,-1,-3,0
1533864713339425,1,-3,12,-6,1,2,1,-1
1533864713339425,-1,-4,5,10,5,3,0,-1
1533864713340419,2,5,1,8,7,0,0,0
1533864713340419,-6,-1,3,-25,-17,-5,-3,-2
1533864713354509,-1,-17,-6,20,7,-3,0,-2
1533864713354509,-1,-5,-6,-2,5,1,-1,-2
1533864713355379,-3,1,7,5,0,-1,-2,-1
1533864713355379,1,13,23,5,2,1,1,2
1533864713376324,-3,-20,16,21,14,0,1,3
1533864713376324,-1,-5,57,-3,-10,0,-1,0
1533864713378334,-1,-1,18,-1,0,3,0,-2
1533864713378334,3,1,-11,4,1,-1,-2,-2
1533864713390290,-2,2,-5,-19,-4,-3,-3,-2
1533864713390290,-1,-1,-8,1,7,-2,-1,0
1533864713399262,-3,0,11,-7,-9,-4,-2,-2
1533864713399262,0,4,53,8,2,-3,0,-2
1533864713414239,0,8,-7,-3,-9,0,1,2
1533864713414239,-3,-4,-20,-1,4,-2,-3,-2
1533864713415218,-2,-3,4,-7,-3,0,0,1
1533864713415218,-2,-1,-30,5,-1,1,-2,-1
1533864713437163,5,11,6,-15,-2,1,0,-1
1533864713437163,-2,-3,-15,-2,-3,-4,-4,-3
1533864713438178,0,14,-17,25,9,0,-2,-1
1533864713438178,-3,0,-34,-22,-9,-3,-4,0
1533864713450129,1,-10,-33,3,-1,1,-3,-1
1533864713450129,-1,0,16,-2,1,1,0,-1
1533864713459102,2,14,48,11,0,-1,0,2
1533864713459102,0,0,-3,-7,2,0,-1,-1
1533864713482050,1,0,-11,-13,3,1,1,0
1533864713482050,-2,-4,-58,20,2,-1,-2,0
1533864713483058,-4,-2,26,-42,-29,-4,-1,-1
1533864713483058,-5,-2,-13,8,2,1,-1,-2
1533864713497154,2,15,35,6,1,-1,-1,-1
1533864713497154,2,-6,-1,-5,2,2,-1,-1
1533864713498016,0,-1,-19,7,2,1,-1,-1
1533864713498016,3,-28,17,-4,2,-2,1,0
1533864713518945,-6,-3,-9,2,-5,-5,-2,-3
1533864713518945,-1,1,-5,7,0,-2,0,0
1533864713520937,-2,-8,-14,-12,-7,-2,-2,-1
1533864713520937,-1,1,2,0,-2,-1,-2,0
1533864713533901,0,-1,-4,-3,2,-2,0,-1
1533864713533901,0,-19,16,-4,-4,-1,-2,0
1533864713535896,-1,1,-1,22,10,-2,1,-2
1533864713535896,1,5,-12,-55,-2,-1,0,-2
1533864713556843,-4,-27,13,32,-13,-4,-2,0
1533864713556843,-5,7,-9,-11,2,-2,-1,-1
1533864713558835,-2,-5,-15,-23,-8,-2,-1,-3
1533864713558835,-2,-2,-5,21,3,-2,-3,-1
1533864713570806,0,4,-57,-15,3,0,-3,-1
1533864713570806,0,20,89,1,-2,1,1,2
1533864713578785,-1,-4,1,11,9,1,-1,0
1533864713578785,0,9,33,2,-6,4,2,1
1533864713594738,-7,1,0,-2,1,-5,-1,-3
1533864713594738,2,0,-42,3,-3,0,-2,-1
1533864713595736,-1,2,22,-30,-6,-5,-4,-4
1533864713595736,-2,3,1,2,-4,-1,-3,-2
1533864713616685,2,2,14,-3,2,-1,-1,0
1533864713616685,-2,1,-17,-3,0,-1,0,-3
1533864713618675,1,-1,-14,3,-3,2,0,-1
1533864713618675,0,-5,-15,18,8,-1,-1,-2
1533864713630646,-3,11,10,-23,-6,0,-2,-3
1533864713630646,-1,-21,0,-11,-22,-6,-2,-1
1533864713639619,-5,-7,-20,-4,0,-4,-4,-3
1533864713639619,-2,-7,7,1,-6,-2,-2,0
1533864713654582,-1,1,-5,15,7,3,1,-1
1533864713654582,1,8,0,-13,2,1,-1,1
1533864713655576,1,-3,-2,6,3,2,-1,1
1533864713655576,-2,-3,-36,20,0,-4,0,-2
1533864713676520,-3,4,4,-16,-5,-2,-1,-1
1533864713676520,-2,7,80,4,4,0,-1,0
1533864713678515,-1,6,-4,21,-1,-3,-1,-3
1533864713678515,-4,-18,-9,-4,0,-2,-1,0
1533864713690483,4,1,-4,-1,-3,-2,0,-2
1533864713690483,-2,-7,-5,1,4,0,2,0
1533864713699463,0,-4,-12,9,12,4,2,1
1533864713699463,-2,9,16,-3,-11,-5,-2,-1
1533864713714418,-1,-5,-6,-7,-3,-2,-2,-1
1533864713714418,0,-1,-22,15,7,-2,-3,-3
1533864713715416,0,-3,-9,-14,-6,-4,-3,0
1533864713715416,-1,1,-10,5,5,0,-2,1
1533864713736363,0,-1,11,0,-1,1,-2,-1
1533864713736363,0,1,-33,6,5,2,0,-1
1533864713738355,-1,-5,21,-19,-5,-1,0,0
1533864713738355,-4,-3,-4,-13,-2,-1,-1,-4
1533864713750342,0,2,1,0,0,1,-2,-2
1533864713750342,-1,0,-12,-6,-1,0,-2,-1
1533864713759299,0,-18,7,9,-3,0,2,0
1533864713759299,0,2,9,-4,-5,-2,0,-2
1533864713774418,-2,0,-2,-3,4,-1,0,0
1533864713774418,3,7,-31,10,10,3,2,-1
1533864713775256,-4,-8,-40,-25,-17,-6,-5,-3
1533864713775256,-3,-1,-12,22,10,0,-1,-1
1533864713797198,-3,-3,5,-22,-28,-2,0,0
1533864713797198,-2,-1,1,-11,-5,-1,-2,-2
1533864713798195,3,3,-8,6,10,4,1,-1
1533864713798195,1,-1,3,-8,-5,-1,-2,-2
1533864713810195,0,4,9,12,5,-1,0,0
1533864713810195,-1,-2,-5,14,0,-2,0,-1
1533864713819140,-3,2,1,-43,-4,-1,-3,-3
1533864713819140,3,3,-8,7,-9,-2,-1,-1
1533864713834099,-2,-4,7,7,6,-2,-2,0
1533864713834099,-1,-4,-3,-11,-5,-4,-4,0
1533864713836093,-2,3,14,23,5,-1,0,1
1533864713836093,-2,0,-2,-8,-1,-1,0,-1
1533864713857042,1,1,-8,-2,2,-1,-1,-2
1533864713857042,0,-1,9,0,-6,-3,0,-1
1533864713858035,-6,-2,-7,4,3,-3,-1,0
1533864713858035,-4,-5,-8,-4,-6,-1,-3,-2
1533864713870007,2,-4,24,7,1,-1,-1,0
1533864713870007,-3,0,-8,-9,0,0,-1,-2
1533864713878982,4,8,11,14,6,-1,0,-1
1533864713878982,0,-2,-37,-2,0,-1,-1,-2
1533864713893939,-1,-5,-37,5,5,1,0,-1
1533864713893939,-3,-3,-22,-33,-13,-2,-4,-2
1533864713895933,-2,9,54,-1,-4,-2,-2,-1
1533864713895933,-2,1,7,-2,0,0,-2,0
1533864713915880,-2,-1,-9,6,3,1,-1,-2
1533864713915880,1,1,1,-2,1,-3,0,-2
1533864713923862,2,-7,-14,-3,-5,0,2,-2
1533864713923862,-5,-3,1,13,2,-5,-2,-2
1533864713929846,0,12,-2,-1,0,1,1,0
1533864713929846,-2,-13,38,-2,0,-1,0,1
1533864713938837,-1,-3,-19,-3,-4,0,-3,-2
1533864713938837,0,2,10,-10,-1,1,0,1
1533864713953782,-1,-1,-9,-11,-5,-2,-3,-2
1533864713953782,0,-2,-25,11,3,-1,0,-1
1533864713955784,-1,-14,5,0,-3,1,-1,0
1533864713955784,0,1,13,10,6,1,1,1
1533864713976717,-2,-4,6,3,-6,-2,-2,1
1533864713976717,-4,-3,-3,-21,0,-2,-1,0
1533864713982704,-3,1,-6,4,3,-1,-1,-1
1533864713982704,-1,1,1,-12,-5,-4,-2,-2
1533864713999659,1,-1,11,14,12,-2,0,-2
1533864713999659,-2,0,-7,-4,-18,0,-2,-2
1533864714000654,-3,0,-11,0,-1,-1,-3,-1
1533864714000654,-3,0,-3,4,5,1,-1,-1
1533864714013618,-2,-2,-8,-3,-1,-3,-4,-2
1533864714013618,-1,-2,0,12,3,0,-2,-1
1533864714015617,0,-5,-14,-1,-1,-2,-1,-1
1533864714015617,2,-3,1,9,0,2,0,-2
1533864714036743,1,6,16,-31,-7,1,0,1
1533864714036743,-3,2,27,-5,-6,-3,-2,0
1533864714038553,-1,1,-3,-22,-1,-1,-2,-1
1533864714038553,-1,-3,3,-2,-1,-1,0,-2
1533864714059499,-2,-2,-3,-6,-5,0,1,-2
1533864714059499,0,2,-10,10,3,-2,-2,-2
1533864714060494,-3,-5,-21,12,2,0,0,0
1533864714060494,3,10,12,-11,-3,-2,-1,-1
1533864714074461,0,-8,19,-6,6,3,4,1
1533864714074461,-5,-3,-8,20,7,-5,-3,-3
1533864714075453,-1,0,-4,16,-6,0,-1,0
1533864714075453,-4,-8,-14,-15,-6,0,-3,-1
1533864714096396,-3,-4,-4,12,-4,0,0,-2
1533864714096396,3,-2,-5,-8,3,4,2,0
1533864714098392,-2,3,5,0,3,0,-1,0
1533864714098392,-2,-1,-9,-5,-2,-2,-1,-2
1533864714119336,0,2,-6,2,-1,-3,-4,-3
1533864714119336,2,17,-56,20,5,-1,-1,-1
1533864714120345,-2,-3,-1,-64,-19,-1,0,-2
1533864714120345,-1,-3,0,4,9,-3,-3,-2
1533864714134295,-5,-6,-5,13,-8,-5,-4,-4
1533864714134295,-2,-4,-4,0,-2,1,-2,-2
1533864714135293,0,1,0,10,2,0,-1,-1
1533864714135293,3,0,4,-3,-1,0,2,1
1533864714156240,1,2,-9,-7,1,-1,-1,0
1533864714156240,-1,-2,12,7,2,1,0,-1
1533864714158232,0,4,5,-8,-6,-3,-2,-2
1533864714158232,-3,-8,1,-5,-2,2,-1,-1
1533864714179179,-1,2,7,5,0,-2,-2,-1
1533864714179179,-2,-4,1,-8,-3,-2,0,-1
1533864714180173,0,12,-7,10,4,-1,-2,-1
1533864714180173,0,-6,-9,-3,-3,-4,-3,-2
1533864714193140,-2,-5,-9,2,1,2,0,0
1533864714193140,2,-7,5,-17,-10,-1,0,0
1533864714200119,-4,-1,-9,6,-1,-5,-3,-1
1533864714200119,1,19,-13,-8,-9,-1,-2,-1
1533864714217074,-3,-7,5,10,1,-3,0,-1
1533864714217074,0,-3,33,0,1,-2,-1,-1
1533864714218086,-1,-4,3,10,5,-2,1,2
1533864714218086,-2,-1,2,-8,-1,0,0,0
1533864714239019,1,1,2,22,17,2,-1,-1
1533864714239019,1,3,-5,-29,-19,0,0,0
1533864714241010,-3,-10,-3,26,1,-3,-3,-1
1533864714241010,-1,-4,9,-11,-6,-1,-1,1
1533864714261958,-2,2,-11,-14,-5,-1,-3,0
1533864714261958,-2,-4,-4,10,4,-1,0,-4
1533864714262968,3,3,5,-4,1,1,1,0
1533864714262968,1,-7,-7,6,1,2,0,-1
1533864714276917,-3,0,13,4,-3,-4,-4,-2
1533864714276917,-2,2,-3,-11,-1,-2,-1,-1
1533864714277932,-1,-7,0,4,1,3,2,-1
1533864714277932,-1,-1,4,5,1,-4,-3,-2
1533864714298859,1,5,-10,-15,-6,-2,-1,0
1533864714298859,-1,-11,-17,3,2,-3,-3,-1
1533864714300858,-2,-2,-4,-6,-3,-1,0,-2
1533864714300858,-1,-3,-2,4,0,-1,-2,-2
1533864714313816,0,-5,4,-9,-2,-1,2,-2
1533864714313816,0,4,-2,30,9,0,-2,1
1533864714320818,0,2,-1,14,-8,-3,-2,0
1533864714320818,-6,-5,-2,-57,-17,-6,-2,-1
1533864714336754,1,1,-11,-1,-2,-2,-3,-1
1533864714336754,-2,1,2,5,4,0,-2,-1
1533864714337752,0,0,6,0,4,3,0,-1
1533864714337752,-2,1,6,20,3,0,0,-1
1533864714358699,1,0,-3,-21,-6,0,-1,-2
1533864714358699,-3,-1,-4,-4,-4,-5,-3,-2
1533864714360690,-4,-3,9,12,-4,-7,-3,-3
1533864714360690,-2,0,-6,-1,-3,-2,1,-1
1533864714373662,0,-4,-5,2,-1,-1,0,0
1533864714373662,1,2,10,-9,-1,2,0,0
1533864714380640,2,2,-10,-12,-1,-1,-2,0
1533864714380640,-1,-2,5,18,4,1,0,2
1533864714396597,-1,12,-29,-8,-3,0,-2,-3
1533864714396597,-4,-4,-2,-11,-7,-2,0,-2
1533864714398589,1,0,-3,1,-4,-1,-2,-1
1533864714398589,-1,-3,5,24,12,-1,-2,-2
1533864714419536,-3,-1,-5,-20,-24,-5,-2,-2
1533864714419536,-1,-1,-6,-40,-4,-4,-2,-1
1533864714420531,-2,-3,-3,1,4,1,0,-2
1533864714420531,1,14,-19,6,1,2,1,-1
1533864714433495,-1,-8,8,6,2,0,2,1
1533864714433495,1,-1,4,8,3,0,-2,-1
1533864714447462,-3,-4,3,2,-6,-1,-2,-1
1533864714447462,-1,-2,-2,-5,-7,-1,-3,0
1533864714456434,-1,-3,1,10,4,-1,-1,0
1533864714456434,-2,-1,0,6,-1,-4,-2,-2
1533864714458430,-1,2,-2,26,12,0,-1,0
1533864714458430,1,-3,2,-29,0,-2,-1,-1
1533864714479373,-5,-4,0,-51,-21,-4,-1,-2
1533864714479373,-1,-6,-5,10,5,0,0,0
1533864714480374,0,4,15,-7,-2,1,1,-1
1533864714480374,-2,-4,2,14,5,1,-1,0
1533864714492341,3,12,-30,6,5,-1,-2,-3
1533864714492341,-2,1,4,-11,-3,2,0,0
1533864714501314,-2,-5,-8,-4,-2,0,-1,-1
1533864714501314,1,-1,7,2,1,0,0,-1
1533864714516275,-4,-4,-3,19,3,-6,-4,-4
1533864714516275,-3,-1,-5,8,-2,-2,-1,-2
1533864714518273,0,-1,-4,-4,0,-2,-1,0
1533864714518273,-1,2,-10,-11,-4,1,0,0
1533864714539223,1,-4,19,16,4,-1,1,1
1533864714539223,1,-1,0,-17,-5,-3,0,0
1533864714541220,-6,-13,13,-2,-7,-3,-1,0
1533864714541220,0,-2,1,-9,0,-1,-1,-2
1533864714552178,0,-3,5,11,2,4,-1,1
1533864714552178,-3,-6,3,2,-1,1,0,1
1533864714562152,-1,5,-5,3,2,-1,-1,-2
1533864714562152,-4,-12,11,7,-3,-3,-1,-1
1533864714577115,-1,-3,5,6,3,1,0,1
1533864714577115,1,3,-26,-5,-5,-1,-2,-2
1533864714578109,-2,-3,12,-16,-1,0,-2,-2
1533864714578109,1,1,-1,9,3,-2,-1,0
1533864714599252,-1,-3,1,-15,-9,-1,-2,-1
1533864714599252,0,-2,-4,14,3,0,-2,-1
1533864714601048,-1,1,-23,-18,-5,-3,-4,-2
1533864714601048,0,-2,5,9,4,-2,1,-1
1533864714613018,0,-1,1,12,5,3,-2,1
1533864714613018,0,1,9,-2,-2,-5,-1,-1
1533864714621992,0,0,-3,-12,-2,0,1,0
1533864714621992,-5,-1,-5,3,-8,-3,-3,-1
1533864714636951,-1,-6,-4,0,7,2,-1,-1
1533864714636951,0,1,2,3,-2,-1,-1,-3
1533864714637962,1,2,6,0,5,0,0,0
1533864714637962,-2,-4,-12,-3,-2,-1,0,-1
1533864714658896,-2,1,8,-8,-8,-2,-2,-3
1533864714658896,-5,-17,9,6,0,-1,-2,0
1533864714660887,2,5,-10,0,-3,-1,-3,-1
1533864714660887,-3,-16,6,0,-2,-2,-3,-1
1533864714672858,-2,-5,4,9,3,0,0,-1
1533864714672858,2,5,-20,-8,1,2,0,-1
1533864714681831,-3,0,11,-7,-11,-5,-4,-2
1533864714681831,-1,2,-2,-17,-7,-2,-3,-2
1533864714696795,-2,2,-6,1,-3,-3,-2,-2
1533864714696795,-1,-3,-5,8,7,0,-2,-2
1533864714697793,1,-1,-8,17,2,0,-1,0
1533864714697793,2,5,-1,0,-1,-1,-1,1
1533864714718733,-1,-1,4,14,5,-2,-2,-1
1533864714718733,0,3,-1,-28,-8,-3,-1,-1
1533864714720728,-2,-5,-2,4,-4,0,-1,-2
1533864714720728,-1,1,3,-3,-5,-1,0,-3
1533864714732695,0,2,-4,-7,0,0,-1,0
1533864714732695,-3,-1,8,18,9,3,1,1
1533864714741671,-2,1,-2,-31,-11,-1,-2,-2
1533864714741671,-1,-2,-5,3,-1,-1,-2,-1
1533864714756645,3,19,-6,-16,6,-1,1,-1
1533864714756645,-3,-5,-3,-14,-15,-2,-2,-1
1533864714758626,-5,6,-11,10,7,-4,-3,-3
1533864714758626,-1,2,0,5,-2,-2,-1,-2
1533864714779570,-2,0,7,-3,-4,-2,-1,0
1533864714779570,0,1,-20,-3,-1,-3,0,-1
1533864714780567,0,-3,1,5,6,-1,-2,-1
1533864714780567,0,2,0,12,-2,-2,-3,-1
1533864714792535,-1,-9,-7,-42,-7,-3,-2,0
1533864714792535,-1,2,-3,14,5,-1,-2,0
1533864714801512,-2,-7,3,9,4,3,1,2
1533864714801512,0,1,-3,1,-2,1,0,-2
1533864714817474,0,-8,6,23,16,1,-2,-2
1533864714817474,-3,0,8,-7,-10,-1,1,-2
1533864714818467,3,1,-3,8,0,-4,-2,-3
1533864714818467,-3,-3,5,-4,4,0,1,0
1533864714839413,-1,-2,-4,6,-4,0,0,1
1533864714839413,0,1,20,1,1,0,-1,0
1533864714840412,-1,2,-14,-4,-5,-2,2,0
1533864714840412,1,-14,15,-1,0,-2,-1,0
1533864714852375,-1,-4,2,-4,-10,-4,0,-1
1533864714852375,-2,-3,-3,8,3,-2,-3,-1
1533864714861351,0,-2,7,-12,-5,1,0,-1
1533864714861351,-1,2,-7,0,-2,1,0,1
1533864714876314,-1,-3,-5,-4,-3,-1,-1,-2
1533864714876314,0,-5,7,8,-1,-1,-2,-2
1533864714878309,1,-1,-2,13,4,-1,0,0
1533864714878309,-2,2,-6,-2,-1,-2,-2,-2
1533864714899250,-1,0,40,-12,-5,-1,-2,-2
1533864714899250,-4,2,-7,-3,-4,-1,0,-2
1533864714900252,1,-1,6,5,4,1,-1,-1
1533864714900252,-2,-2,-2,-8,8,-3,-4,-2
1533864714913216,-8,-6,-18,-6,-16,-4,-1,-1
1533864714913216,2,-1,1,6,2,1,-1,0
1533864714922189,-1,-2,1,-7,-1,1,1,-1
1533864714922189,3,6,1,-9,-5,-2,-4,-1
1533864714937152,-1,5,-15,17,6,0,1,-1
1533864714937152,-2,-16,13,-9,-1,0,1,0
1533864714938146,-1,-4,-5,-2,2,1,-3,-2
1533864714938146,2,3,-10,-15,-14,0,1,-1
1533864714959093,-3,-4,-8,25,12,-2,-3,-2
1533864714959093,-2,1,-3,2,-2,-5,-3,-1
1533864714961091,-1,0,-2,-14,3,0,-1,-1
1533864714961091,-1,-6,-4,4,-8,0,0,0
1533864714982033,0,-1,5,4,-2,-1,-1,0
1533864714982033,1,3,-6,-18,1,-2,1,0
1533864714983030,-4,-5,-4,-23,-14,-3,-3,-1
1533864714983030,-2,1,-8,4,7,-1,-1,0
1533864714997155,1,-2,-7,-3,-2,-1,-1,-2
1533864714997155,1,11,-10,11,3,-1,0,-2
1533864714998010,-3,-17,0,-1,-5,1,1,1
1533864714998010,-3,-2,4,5,3,-1,2,0
1533864715019139,-1,-2,4,-12,-7,1,0,-1
1533864715019139,-1,0,-7,17,6,-4,-4,-2
1533864715020925,-3,-17,13,1,-2,-1,-1,0
1533864715020925,-2,2,2,-1,1,-1,-1,-2
1533864715041868,0,-3,-6,14,4,1,-1,-2
1533864715041868,-1,-2,7,0,0,0,-1,-1
1533864715042866,1,8,-10,-10,0,1,0,-4
1533864715042866,-3,-1,-2,0,6,-2,-2,-3
1533864715057041,-2,-4,-14,14,3,-6,-1,0
1533864715057041,-5,-2,-3,-6,-12,-4,-3,-2
1533864715057830,1,7,1,4,1,-1,1,1
1533864715057830,-2,1,0,-1,-3,1,0,0
1533864715078787,1,1,-3,-9,0,1,-1,0
1533864715078787,-2,-3,0,-11,-1,-3,0,-1
1533864715080765,-1,2,-5,38,10,-2,-1,-1
1533864715080765,0,0,-1,-56,-22,-4,-1,-2
1533864715101710,-2,-2,-9,7,4,-2,-3,0
1533864715101710,0,0,29,1,0,0,1,0
1533864715103714,-1,1,-1,4,-3,-2,-3,-2
1533864715103714,0,0,-1,15,6,1,-2,-2
1533864715116668,0,-3,5,-18,-8,-3,-4,-4
1533864715116668,-1,3,-4,-1,-2,1,-1,0
1533864715122808,0,1,-6,-10,-3,1,-1,-1
1533864715122808,1,-2,4,10,8,0,0,-1
1533864715138610,-5,-14,10,7,-5,-2,-2,-1
1533864715138610,-1,-2,-8,3,3,2,0,-1
1533864715140605,-3,0,-5,-25,-12,-4,-3,-3
1533864715140605,-2,3,-5,-2,-2,-3,-1,-1
1533864715161552,3,6,0,0,1,2,2,1
1533864715161552,-1,-1,-17,1,-1,-1,0,-2
1533864715163543,1,-1,10,8,1,0,-2,-1
1533864715163543,-1,-3,1,-8,-3,-4,0,0
1533864715176642,-2,3,-4,11,5,-3,-2,-3
1533864715176642,-1,-3,-2,-17,-12,-5,-1,-1
1533864715182608,-1,1,-7,-2,0,2,0,0
1533864715182608,-2,-4,-5,13,4,1,-2,0
1533864715199450,0,1,4,-11,-2,0,-2,0
1533864715199450,0,2,-7,-9,0,0,-1,-2
1533864715200444,-1,1,3,9,5,-1,-2,-2
1533864715200444,1,0,3,-2,1,1,1,1
1533864715221391,-5,-1,2,11,1,-3,0,-1
1533864715221391,-4,1,0,6,-3,-5,-3,-2
1533864715223383,-2,-1,-3,-5,-2,-4,-1,-3
1533864715223383,0,10,-4,9,1,-1,-3,-2
1533864715236351,-1,-14,-6,-12,0,2,1,-2
1533864715236351,-1,-3,-1,3,4,1,0,0
1533864715243333,1,3,3,4,-3,1,0,-1
1533864715243333,-3,3,-10,-3,3,-2,-5,-4
1533864715259291,-5,-16,18,-2,-8,-3,-2,0
1533864715259291,-2,0,8,1,-1,-1,-1,2
1533864715260284,-1,-5,-3,1,2,-1,-2,1
1533864715260284,1,-4,9,7,-1,0,-1,0
1533864715281228,1,9,-4,-16,-5,1,-2,-2
1533864715281228,0,-4,2,11,8,1,0,0
1533864715283222,-1,1,4,-26,-5,-2,0,0
1533864715283222,-2,-6,-8,17,-6,-4,-3,-1
1533864715296192,-2,2,-4,-7,-8,-3,0,-1
1533864715296192,1,0,-10,-7,-7,-3,-3,-2
1533864715303173,-1,1,-6,2,5,0,0,-2
1533864715303173,-2,-5,0,-9,-2,2,1,-1
1533864715319127,1,5,1,18,6,0,1,-1
1533864715319127,2,0,3,-32,-2,1,-1,0
1533864715321121,-3,9,-24,8,-1,-5,-5,-1
1533864715321121,-5,-7,1,2,1,0,0,-2
1533864715342069,0,1,-11,-5,0,1,1,0
1533864715342069,0,-2,6,7,-1,-1,-1,-1
1533864715343063,0,-3,0,-3,-3,-3,0,0
1533864715343063,-1,-3,-5,12,4,-1,-2,-1
1533864715356028,2,17,-5,-35,-10,-2,-1,-2
1533864715356028,-3,0,-11,-7,0,0,0,-1
1533864715363013,-4,-7,0,6,-7,-3,-2,-1
1533864715363013,0,-3,2,8,1,0,-2,0
1533864715378970,-1,-1,1,1,2,-1,0,-2
1533864715378970,-1,-2,0,2,-4,0,-1,-2
1533864715380961,-1,-1,6,7,1,0,0,0
1533864715380961,2,0,-7,-28,-7,-3,-1,0
1533864715401909,-1,-3,-4,-9,7,0,-1,-1
1533864715401909,-2,1,0,11,-2,-2,-1,-1
1533864715402911,-5,-9,-3,9,2,0,0,-2
1533864715402911,-1,2,-3,-7,-4,-2,-1,-1
1533864715415868,-2,-4,2,3,0,1,-1,-2
1533864715415868,-1,-4,0,-4,-2,-1,-1,-2
1533864715422852,2,3,1,1,4,-1,-3,-2
1533864715422852,2,16,-7,3,2,2,1,1
1533864715438810,-1,-13,31,-2,-3,-3,-1,2
1533864715438810,-6,-4,-3,15,5,-2,-1,-3
1533864715440809,-1,-1,8,-7,-5,1,-2,-2
1533864715440809,-2,0,6,6,2,-1,-3,-2
1533864715461745,1,2,-12,-3,-5,1,-2,-1
1533864715461745,1,2,1,2,-3,0,-1,-1
1533864715462746,1,11,-6,-16,4,2,1,1
1533864715462746,-8,-11,-9,-15,-13,-5,-3,-3
1533864715475868,0,2,-5,6,-2,-3,-1,-2
1533864715475868,0,-5,-5,-5,-2,-2,-4,-1
1533864715484685,-2,-3,-7,-3,-8,-3,-1,-1
1533864715484685,0,-2,5,5,1,-1,0,-1
1533864715498646,0,-1,-9,-6,-2,0,-1,-1
1533864715498646,1,3,3,7,2,2,-1,0
1533864715500641,-1,-4,1,20,7,1,0,0
1533864715500641,0,-2,-2,-61,-13,-1,0,-1
1533864715521588,-4,-7,-2,30,-2,-3,-3,-1
1533864715521588,-2,1,-7,2,4,-2,0,0
1533864715523580,-1,-4,-2,-14,-8,-4,-3,-2
1533864715523580,-1,-1,6,13,4,-1,-1,-2
1533864715535548,0,8,-15,-11,-3,-1,-2,-3
1533864715535548,2,1,38,-2,-5,-1,2,0
1533864715544524,-3,-6,2,-2,-1,-1,-2,-2
1533864715544524,0,-4,4,8,-1,1,0,-2
1533864715559487,-1,-1,-2,0,7,-1,-3,-1
1533864715559487,-1,-3,-11,1,3,0,-2,-3
1533864715560482,-1,-4,-1,2,-1,-2,-2,0
1533864715560482,-1,1,-2,11,3,-1,1,-1
1533864715581430,-1,-1,-4,-21,-9,-2,0,-2
1533864715581430,-2,-4,-12,-10,-2,-1,1,-2
1533864715583420,-2,-1,5,-5,-4,-1,-4,0
1533864715583420,-1,-5,-4,9,1,-1,1,-1
1533864715595391,-2,-2,2,28,8,-1,1,0
1533864715595391,-3,-2,-7,-42,-13,-2,-3,-1
1533864715604364,-2,2,-4,1,-6,0,-1,-3
1533864715604364,-1,-18,7,0,-1,-3,-1,-1
1533864715619324,-1,6,-3,1,2,1,0,-1
1533864715619324,0,1,-3,1,1,-2,1,-1
1533864715620321,0,0,-4,12,4,0,0,0
1533864715620321,0,-1,2,4,-1,0,-1,-1
1533864715641268,-2,-1,-4,-12,-7,-2,0,-1
1533864715641268,-2,-3,-3,12,2,3,-1,-2
1533864715647249,0,3,1,-11,-3,-4,-1,-1
1533864715647249,-1,3,-7,5,1,2,-3,0
1533864715655231,-2,-6,1,-6,0,-1,-3,0
1533864715655231,0,3,-2,4,-4,-2,-2,0
1533864715664210,0,-4,2,-1,2,-3,-1,0
1533864715664210,-2,-2,-35,-5,0,-1,0,-1
1533864715679164,1,-1,15,8,2,-4,0,-2
1533864715679164,0,-4,1,1,0,-3,-2,0
1533864715681158,-1,-1,-2,-7,-2,0,0,-2
1533864715681158,1,3,0,23,6,0,-1,0
1533864715701106,-3,-4,-6,-46,-18,-1,-1,-1
1533864715701106,0,2,-8,22,7,0,-2,-1
1533864715703100,-5,-2,-11,-26,-3,-1,-4,-2
1533864715703100,-5,-7,7,-3,-12,-4,-3,0
1533864715715067,0,-7,0,12,0,0,0,0
1533864715715067,1,-1,-2,-13,-3,0,0,0
1533864715724123,1,-1,-2,15,8,-1,1,-2
1533864715724123,-3,4,2,11,4,-3,1,-3
1533864715739004,1,4,-1,-13,0,-1,-1,-2
1533864715739004,-2,-6,-5,0,2,-2,-3,-3
1533864715741000,-1,1,-2,32,2,2,0,0
1533864715741000,1,1,4,-61,-12,-1,-2,1
1533864715761945,-1,-4,-24,11,-4,-2,-3,0
1533864715761945,-2,1,13,-4,-3,-3,0,0
1533864715762940,0,-2,-2,-1,4,-3,-2,-1
1533864715762940,2,3,6,3,3,-3,-2,-1
1533864715774922,-1,-1,-4,1,-5,0,0,0
1533864715774922,-2,0,-6,1,-1,0,0,1
1533864715783886,-1,0,2,-8,-7,-3,-1,-1
1533864715783886,-2,-4,0,12,4,0,0,-2
1533864715798847,0,1,11,2,6,2,-1,-2
1533864715798847,-3,-2,-5,0,-7,-1,-2,-2
1533864715800838,-2,-4,3,-10,-3,-2,-3,-2
1533864715800838,1,0,2,7,1,3,0,-2
1533864715821783,-2,-1,-6,0,3,-4,-2,-2
1533864715821783,-5,-26,1,0,-2,-3,-1,-1
1533864715822780,1,1,1,-4,-7,-3,0,0
1533864715822780,1,0,-9,24,8,-4,0,1
1533864715835745,-1,3,6,-15,-7,-1,0,0
1533864715835745,3,5,-3,-10,-3,0,0,0
1533864715843723,-2,-2,-2,19,16,1,0,-3
1533864715843723,-4,-7,-2,-44,-28,-5,-3,1
1533864715858684,-3,-3,3,25,7,-1,-1,0
1533864715858684,1,6,1,-4,2,2,-1,-2
1533864715860698,-2,-1,0,-7,-2,-1,1,1
1533864715860698,1,5,3,9,3,0,-1,-1
1533864715881623,-1,-2,-5,0,2,-1,1,-1
1533864715881623,-2,3,-1,-6,-3,-2,-1,-2
1533864715883631,0,0,-1,1,-4,-2,-2,0
1533864715883631,-3,0,1,13,3,1,-2,0
1533864715904564,0,-2,0,-20,-4,0,-3,0
1533864715904564,0,-2,-2,1,0,1,-2,-1
1533864715905559,-2,-4,-1,2,-3,0,0,-1
1533864715905559,-1,-2,2,-4,11,-2,1,-2
1533864715918528,-2,-2,4,-6,-11,0,0,-2
1533864715918528,-1,0,-1,4,-2,-1,-2,-2
1533864715925508,-1,13,-7,-8,-3,-3,-3,-1
1533864715925508,-1,-6,1,18,2,-3,-2,-3
1533864715941465,2,14,-4,0,2,-1,2,1
1533864715941465,-2,-6,1,-35,-5,-1,0,-1
1533864715943457,-1,-5,-19,-4,-3,-1,-2,-3
1533864715943457,0,1,9,11,4,-1,-1,-1
1533864715964401,-3,0,-9,-1,-5,-1,-3,0
1533864715964401,-1,3,-3,6,-4,-3,-1,-1
1533864715965398,0,-5,2,1,1,0,0,-1
1533864715965398,-2,0,-4,-5,-1,0,0,-3
1533864715979364,-1,-7,2,9,2,0,-2,-2
1533864715979364,0,1,-3,-21,-4,-2,-2,-1
1533864715980358,-1,-4,12,14,2,-1,0,0
1533864715980358,-5,-1,-6,-9,-6,-1,-3,-2
1533864716001308,-2,0,0,6,1,-1,-2,-1
1533864716001308,2,2,-1,6,6,0,0,-1
1533864716003297,2,1,2,12,3,1,0,-2
1533864716003297,-3,-2,-4,-30,-16,-5,-4,-3
1533864716024247,-1,-6,-5,8,9,-1,-1,-2
1533864716024247,-3,1,-1,2,-1,0,2,0
1533864716025239,0,-4,1,-12,-2,0,-1,0
1533864716025239,-2,-3,1,11,-1,1,-2,0
1533864716038389,-1,-4,5,-8,-1,-2,-2,-1
1533864716038389,0,-2,-11,14,-1,-2,-2,-1
1533864716045189,0,-19,-11,-11,1,3,1,1
1533864716045189,-5,-4,2,-1,-10,-4,-3,-2
1533864716062143,-1,-2,-1,4,0,1,-1,-3
1533864716062143,-2,-4,-4,0,-1,-1,-1,1
1533864716063137,-2,5,-4,-1,-3,-2,-1,-3
1533864716063137,2,1,-3,-4,5,2,0,0
1533864716084081,0,-5,3,6,2,-1,0,-1
1533864716084081,-4,3,10,-1,-8,-4,-3,-1
1533864716086076,-2,0,2,-19,-5,-2,-3,-2
1533864716086076,1,0,0,1,0,-2,-1,-1
1533864716098047,-2,3,5,14,7,-2,-1,1
1533864716098047,-2,-16,10,3,3,0,1,0
1533864716105029,-1,2,2,-6,-5,-1,-2,-1
1533864716105029,1,-2,-2,1,2,0,0,0
1533864716121983,-1,-6,-6,-6,-5,-2,-2,-4
1533864716121983,2,0,-13,4,1,0,-1,0
1533864716122977,-3,0,8,2,-2,-2,0,-1
1533864716122977,-1,-1,4,27,14,0,-2,1
1533864716143925,-1,0,-2,-29,-14,-5,-1,0
1533864716143925,-1,3,-3,-10,-8,-4,-2,-2
1533864716145915,-2,19,-3,22,3,-2,0,-3
1533864716145915,-1,2,-3,-1,-2,-1,-1,-3
1533864716158884,-1,-1,-2,-1,3,-1,0,1
1533864716158884,0,-1,0,-1,-2,1,0,-1
1533864716164865,-3,-5,-5,-8,-7,-2,-1,0
1533864716164865,1,3,5,-10,-5,1,-1,-3
1533864716181819,-2,-4,-1,2,0,0,-1,0
1533864716181819,0,6,-4,-6,-1,-3,-1,-1
1533864716182817,-1,-4,7,-3,1,-2,-3,1
1533864716182817,-2,-1,-6,7,0,-4,0,1
1533864716204761,-1,-1,-2,-16,-2,1,-1,-2
1533864716204761,-1,3,11,29,8,1,0,0
1533864716205755,-3,-4,-6,-33,-7,-1,0,-1
1533864716205755,-3,-4,0,4,4,-1,0,-1
1533864716218724,-1,-1,-5,-18,-11,-3,0,-1
1533864716218724,-2,-1,-3,2,1,-1,-2,-1
1533864716225705,-2,-5,-1,-2,-3,-1,-1,-1
1533864716225705,1,3,1,0,-2,0,1,0
1533864716241659,0,0,8,11,6,-2,-3,-2
1533864716241659,-1,-1,-6,-18,-7,-2,-3,-4
1533864716243654,0,-1,3,-15,-10,2,0,0
1533864716243654,-3,-4,-4,-7,2,1,0,0
1533864716264598,1,-1,-3,17,5,1,1,0
1533864716264598,-4,-3,-6,24,6,-4,-3,-2
1533864716265595,2,15,-13,-11,4,-2,-1,-1
1533864716265595,0,-8,8,2,-11,1,-3,-2
1533864716278564,-1,13,-13,-9,-3,-2,0,0
1533864716278564,0,-3,1,2,2,3,0,-2
1533864716285542,0,-2,2,9,4,2,-1,-1
1533864716285542,-1,1,-2,1,2,-3,-1,-2
1533864716301499,-2,-2,-3,-5,-4,-2,-2,-1
1533864716301499,-1,1,-2,9,1,-3,-1,-1
1533864716303495,-1,-6,-3,7,1,0,0,-1
1533864716303495,0,-1,-6,-16,-7,-3,-3,-2
1533864716324439,1,-6,2,2,-1,0,0,0
1533864716324439,-1,3,27,-3,0,1,0,1
1533864716325436,-2,-6,7,2,-2,-1,-1,0
1533864716325436,2,1,-5,0,-3,-2,1,-1
1533864716338400,-1,2,15,-7,-3,-2,-1,-1
1533864716338400,0,-5,-8,-2,0,-1,0,0
1533864716345382,0,-3,-3,3,-3,-2,0,-2
1533864716345382,-3,-1,0,18,4,2,-1,-3
1533864716362337,0,-3,-12,-22,-3,-1,-1,-2
1533864716362337,0,1,-5,-8,-2,-2,-1,-1
1533864716363334,-1,-4,-2,20,3,0,-1,-3
1533864716363334,-1,3,-7,-40,-4,-1,-1,-1
1533864716384278,-2,-4,-1,20,-3,-2,-3,-2
1533864716384278,-1,-2,-4,-8,-3,0,-1,-2
1533864716385276,1,-1,3,-5,-1,-2,0,-1
1533864716385276,0,10,-14,4,5,-1,-2,0
1533864716397246,-4,-17,5,4,3,2,2,1
1533864716397246,-2,-1,-2,2,-2,-2,2,0
1533864716407217,-1,-2,-4,13,11,-4,-3,-2
1533864716407217,-3,-2,-5,-11,-18,-3,-3,-1
1533864716422273,-3,4,-3,-28,-3,1,-3,-3
1533864716422273,-1,-3,-11,-9,-5,0,0,-1
1533864716423181,-2,-5,1,0,2,0,-1,-2
1533864716423181,-1,-5,6,15,5,-1,2,-1
1533864716444131,2,3,0,-1,1,0,0,-1
1533864716444131,-1,-1,-1,10,3,-2,-1,0
1533864716446112,-2,1,-2,-11,-9,-1,-2,-1
1533864716446112,-2,-5,1,-1,4,0,0,-1
1533864716458084,-1,0,-3,9,-4,-3,-2,0
1533864716458084,2,1,-2,-8,0,-1,-1,-2
1533864716467061,2,-1,-2,0,-1,-1,-1,-2
1533864716467061,-1,-3,1,-1,-4,-3,-2,-1
1533864716482019,-2,-6,-8,8,2,-2,0,0
1533864716482019,-2,0,0,-3,-3,0,-2,-2
1533864716484012,-5,-1,1,-1,-5,-4,0,-1
1533864716484012,2,-1,2,0,-5,-3,0,0
1533864716503961,-1,2,-2,5,3,-2,-2,-1
1533864716503961,-3,-3,-2,4,-1,-2,-2,0
1533864716505963,0,-1,8,-9,-1,0,0,1
1533864716505963,0,1,1,-14,-2,-1,0,0
1533864716517921,0,-1,2,45,17,2,-1,-1
1533864716517921,-5,-2,3,-34,-22,-2,-4,-2
1533864716526897,-2,-5,-7,-7,-4,-1,-2,-1
1533864716526897,-1,-1,0,-2,2,-2,-2,-3
1533864716541860,2,3,2,-7,-6,-1,0,-1
1533864716541860,0,-1,-11,-4,3,-2,0,-2
1533864716542858,-2,0,-5,2,-4,-1,0,-2
1533864716542858,-1,5,-10,-6,2,-2,-1,1
1533864716563801,-2,-22,7,20,-1,2,-1,0
1533864716563801,0,-2,-1,-26,3,0,0,1
1533864716565799,1,0,-2,-10,-7,-3,0,0
1533864716565799,-2,-1,2,11,2,0,-2,-1
1533864716577948,1,8,1,-3,0,-1,1,0
1533864716577948,-2,0,-2,0,-5,-2,-2,-1
1533864716586740,-4,-6,-1,3,1,0,-2,-1
1533864716586740,-1,-4,-2,-4,0,-2,-4,-2
1533864716601696,-2,2,-4,1,-2,-3,-3,-1
1533864716601696,-1,-3,-7,1,1,1,0,-3
1533864716603690,2,3,-1,-3,0,1,-2,1
1533864716603690,0,0,1,10,2,0,0,-3
1533864716623637,-3,3,1,-30,-10,-2,-1,-2
1533864716623637,0,-2,-3,4,8,-1,-1,0
1533864716625632,-2,-2,-2,16,-10,-2,1,-1
1533864716625632,-1,8,-9,-25,-3,1,-2,-4
1533864716637620,-4,-17,4,3,5,-1,-2,-1
1533864716637620,-1,-2,0,5,1,-1,-3,-1
1533864716646576,-1,0,-1,5,6,1,1,-2
1533864716646576,1,1,0,5,-4,0,-1,0
1533864716661540,-2,5,-7,1,-8,-1,0,-2
1533864716661540,1,0,-2,-20,0,-3,0,-1
1533864716663531,-4,-7,-2,-1,1,-3,-2,-1
1533864716663531,-3,-9,-2,12,-5,-3,-2,-2
1533864716684475,-1,4,4,-3,2,-2,-1,-1
1533864716684475,3,-1,4,19,1,1,0,-2
1533864716685473,1,1,-3,-18,2,-3,-1,-1
1533864716685473,-3,-5,-3,-5,-3,0,-1,0
1533864716697657,0,2,-8,19,0,0,-1,-3
1533864716697657,-3,-3,-5,-22,-9,-1,-1,0
1533864716706420,1,1,1,-11,-2,-1,-1,-1
1533864716706420,-1,-4,3,2,0,-1,-1,0
1533864716721380,0,0,0,-10,-1,-1,-1,-1
1533864716721380,-1,2,3,20,6,-2,0,0
1533864716723372,-1,-1,3,13,4,-3,-2,-1
1533864716723372,-2,9,-2,-14,-1,-2,-1,0
1533864716744318,-5,-2,-6,-8,-8,-2,3,0
1533864716744318,1,0,1,13,1,-1,0,0
1533864716745313,-1,-3,0,4,0,1,0,0
1533864716745313,-1,-4,-11,-5,-4,1,0,-1
1533864716758278,2,5,34,-18,-2,1,0,0
1533864716758278,-3,2,2,19,2,-4,-3,-2
1533864716767253,-2,3,1,1,-1,-1,0,-2
1533864716767253,0,-5,4,2,2,1,0,-1
1533864716782215,-4,-5,-7,5,0,-1,-2,-3
1533864716782215,1,-3,-1,-8,2,2,2,0
1533864716783211,-3,-1,-2,4,-10,-4,-1,-2
1533864716783211,-1,-2,3,8,3,1,1,-1
1533864716804158,-1,0,-14,-30,-6,-6,-2,-3
1533864716804158,-1,0,-1,33,-4,-1,-2,-2
1533864716805152,-1,-2,-9,-51,-7,-2,-4,-2
1533864716805152,-1,7,-6,6,2,-1,-1,1
1533864716818142,1,-14,-7,11,1,1,-1,1
1533864716818142,-2,-2,0,-3,-2,-1,-1,-3
1533864716827095,1,-3,2,-2,-3,1,0,0
1533864716827095,-2,-3,-1,14,5,-2,-3,-3
1533864716842067,0,2,-6,-4,1,-1,-3,-2
1533864716842067,-2,-1,0,-10,-6,-2,-3,0
1533864716843061,0,-5,-21,3,0,-1,-1,-1
1533864716843061,-1,-2,10,-9,-5,-1,-1,-2
1533864716863994,0,1,-4,13,2,1,1,1
1533864716863994,-3,-7,-4,-9,-5,-4,-3,-2
1533864716865990,0,4,-1,19,13,2,-1,-1
1533864716865990,-3,-8,-5,-17,-15,-4,-3,-2
1533864716886937,-1,3,-2,0,0,-2,-1,-2
1533864716886937,-1,2,-2,-5,-3,0,1,0
1533864716887931,0,0,7,-4,0,0,-2,-1
1533864716887931,1,14,-10,8,8,2,-1,-2
1533864716901894,0,-2,4,3,0,-1,-1,0
1533864716901894,2,8,-1,3,0,-1,-3,-3
1533864716902893,-4,-5,-4,-24,1,-3,-4,-3
1533864716902893,0,0,2,-4,-4,0,-1,-1
1533864716923838,-1,2,4,-3,-2,-2,-1,-1
1533864716923838,-2,0,-4,10,4,-1,-1,-1
1533864716925829,4,3,-2,10,-7,-2,0,-2
1533864716925829,-1,-4,10,16,3,-4,-2,1
1533864716946777,-2,0,-11,-29,-8,0,-1,-2
1533864716946777,2,-4,6,1,4,0,-1,0
1533864716947771,-1,-2,3,7,-3,1,-2,1
1533864716947771,-1,-8,-19,-7,-1,0,-1,-2
1533864716961733,-3,0,-14,16,5,-2,1,0
1533864716961733,-2,-18,14,-10,-6,-2,0,-1
1533864716963729,-2,-5,2,10,4,0,1,0
1533864716963729,-1,-4,-1,-35,-12,0,0,0
1533864716983675,2,1,-2,12,5,-1,-3,1
1533864716983675,-3,3,-6,-15,-12,-3,-3,-3
1533864716985678,0,1,-7,2,1,-2,-1,-3
1533864716985678,0,7,2,-7,-7,-2,-1,1
1533864717006617,-4,-5,-8,11,7,-4,-3,-2
1533864717006617,0,1,-2,6,-2,2,0,0
1533864717008609,-1,-5,7,-3,-2,0,-1,0
1533864717008609,-1,0,3,-28,-1,-2,-2,-2
1533864717021580,-1,0,2,-2,-3,-2,-4,-3
1533864717021580,0,0,-7,-4,-2,-3,-1,-2
1533864717035536,-3,2,1,7,-5,-2,-1,0
1533864717035536,1,-5,3,8,3,-2,-2,-2
1533864717044515,1,12,-11,-11,-6,-2,1,-2
1533864717044515,-2,-13,14,3,4,1,-1,0
1533864717045509,0,0,0,-2,0,-2,0,-2
1533864717045509,-1,-4,7,14,5,0,0,0
1533864717066454,-2,-1,0,-27,-17,0,-2,-1
1533864717066454,-2,6,-11,13,11,1,-2,-1
1533864717068448,0,0,2,-18,-5,-3,0,-2
1533864717068448,0,-5,-3,16,5,-1,1,-1
1533864717081413,1,-2,6,4,-7,0,-2,-1
1533864717081413,0,1,-6,-33,-4,1,0,-2
1533864717087403,-4,-4,-2,5,-1,-3,-2,-1
1533864717087403,-5,-4,-3,15,-2,-4,-3,-2
1533864717104353,2,-3,-2,-4,1,-1,-2,-2
1533864717104353,0,0,5,-1,-7,-1,0,-1
1533864717105354,1,0,-5,2,5,0,0,-1
1533864717105354,0,0,0,2,2,0,1,-1
1533864717127290,-4,-9,13,6,2,1,-1,-2
1533864717127290,2,11,-52,-2,0,-3,-2,-1
1533864717128289,-4,-10,9,3,-4,-1,-2,1
1533864717128289,-2,-8,-4,1,-1,0,-3,0
1533864717141269,-1,-1,-1,-4,-1,-1,-1,-2
1533864717141269,-1,3,0,1,0,-1,0,-3
1533864717148238,0,-1,0,7,1,3,0,0
1533864717148238,-4,0,-3,15,6,-3,-3,-3
1533864717164192,-2,-3,-3,-24,-4,0,-1,0
1533864717164192,-2,-5,6,3,-2,-2,-1,-1
1533864717166191,0,3,-3,-6,-5,-2,-1,0
1533864717166191,1,-2,7,-4,1,2,0,0
1533864717187134,-2,-1,-4,10,6,-2,0,-1
1533864717187134,1,-1,11,6,3,0,-1,-1
1533864717188128,-1,1,-3,-6,-5,-2,-3,-3
1533864717188128,-2,0,-7,8,1,-3,-2,-3
1533864717201093,-1,0,7,-1,-3,2,-1,-1
1533864717201093,-3,-1,4,-4,-1,-2,-2,-2
1533864717208074,1,18,-42,1,2,-2,-1,-1
1533864717208074,-1,-5,9,-8,-2,-3,-2,1
1533864717224032,0,-3,-5,5,4,-2,-1,0
1533864717224032,-1,-4,0,-2,-5,0,-2,0
1533864717226026,1,4,3,-6,-8,0,-2,-1
1533864717226026,-3,-3,-9,-14,-2,-1,-1,-1
1533864717247091,-2,0,1,4,-1,3,-1,0
1533864717247091,-2,-13,10,-7,-1,-1,0,0
1533864717247968,-2,-8,-2,5,1,-2,1,-1
1533864717247968,1,0,0,-10,-3,1,0,3
1533864717260933,0,-6,6,6,1,-2,1,0
1533864717260933,-3,0,-1,9,-6,-1,-1,-2
1533864717267915,2,-2,8,-31,4,-1,0,-1
1533864717267915,-4,-4,1,9,-7,-2,-2,-3
1533864717283872,-1,6,-9,10,7,-2,-4,-2
1533864717283872,-3,0,-7,-20,-14,-1,0,0
1533864717285868,2,0,13,13,-2,1,-1,1
1533864717285868,0,-12,4,-18,5,-2,-2,0
1533864717306814,1,0,-4,-6,-5,-3,-1,-2
1533864717306814,-3,1,-1,15,6,-1,-2,-2
1533864717307808,-2,-10,-25,-2,-8,-2,-3,-2
1533864717307808,-1,3,-1,3,0,1,1,-1
1533864717320776,-2,-2,-2,-2,-2,1,0,-2
1533864717320776,3,-4,0,-9,0,-1,-1,0
1533864717327755,0,7,6,6,2,-2,0,0
1533864717327755,1,3,-3,-1,-3,-1,0,0
1533864717343715,-1,-3,-2,-8,-4,-3,-1,0
1533864717343715,-3,0,-12,-2,-2,-2,0,-2
1533864717345707,-3,-4,12,5,1,-1,-1,-2
1533864717345707,2,13,-14,-2,-1,-1,-1,-1
1533864717366650,-1,-10,9,7,3,0,1,0
1533864717366650,2,3,9,32,3,-1,-3,-1
1533864717368645,-5,-6,-4,-51,-15,-5,-4,-5
1533864717368645,-2,6,-13,-2,-1,-1,-3,-1
1533864717380616,-2,-10,3,0,0,0,0,-1
1533864717380616,0,-1,2,8,9,0,0,0
1533864717389590,-1,-4,-21,15,3,2,1,0
1533864717389590,-1,0,2,-6,-9,-1,-1,-1
1533864717404552,0,3,-3,-5,-1,-1,-1,-2
1533864717404552,-1,-2,2,-6,-2,-1,-2,0
1533864717405561,-4,-6,4,19,6,-1,-1,-2
1533864717405561,2,-3,4,-9,-7,-2,-2,-2
1533864717426490,-1,-1,-11,12,1,-1,0,-1
1533864717426490,-2,2,11,-17,-6,0,1,-1
1533864717428485,0,3,6,1,-2,-1,-1,-1
1533864717428485,1,-4,4,16,11,0,0,-2
1533864717440456,0,1,0,-20,-13,-4,-4,-1
1533864717440456,-2,0,-8,-19,0,-1,-2,0
1533864717449429,-3,-1,10,6,-3,-1,-2,0
1533864717449429,-1,5,-4,4,1,1,0,0
1533864717464393,-4,-15,8,-1,0,1,2,-1
1533864717464393,-2,-15,18,13,7,-2,-1,-2
1533864717465386,1,-1,2,-14,-12,0,0,-1
1533864717465386,-1,-3,15,-6,-5,-1,0,-2
1533864717486334,-1,6,-5,4,-2,-2,-1,-2
1533864717486334,-1,3,-11,-6,-5,-2,-1,-3
1533864717488325,1,-3,12,18,7,0,-2,-1
1533864717488325,-1,-5,-6,-19,-5,-6,-1,-1
1533864717500301,-1,3,-5,-5,-3,0,-1,-3
1533864717500301,0,0,8,11,7,0,-2,0
1533864717509270,-8,-3,-14,0,-2,-6,-5,-1
1533864717509270,-1,-2,-4,-1,-3,0,1,-2
1533864717524233,2,5,1,6,0,-1,-3,-2
1533864717524233,0,2,-9,-14,-5,0,-2,-1
1533864717526227,0,1,4,1,4,1,-1,-1
1533864717526227,-1,-3,0,6,2,1,-3,0
1533864717547171,-1,6,2,5,0,-1,-1,-1
1533864717547171,0,-20,9,-15,-2,1,-1,0
1533864717548165,-6,-9,-55,5,8,-4,0,-3
1533864717548165,-4,-1,10,-14,-17,-1,0,1
1533864717560133,-1,0,-8,-1,0,-1,-3,-2
1533864717560133,0,5,-9,6,-4,0,1,-3
1533864717569109,1,3,1,2,2,0,1,0
1533864717569109,-2,-19,6,-7,2,0,-2,0
1533864717592051,-2,0,-3,5,0,-1,0,1
1533864717592051,-2,2,-9,-7,-4,-2,-1,-1
1533864717593054,2,-2,14,1,-3,-1,-1,-1
1533864717593054,-2,5,-9,8,2,-4,-2,-3
1533864717607008,-2,-1,4,-8,-5,-2,0,0
1533864717607008,-2,-1,-4,-2,-2,-1,-1,0
1533864717608006,2,2,10,-3,-1,0,-2,-3
1533864717608006,1,3,-1,7,3,-1,-3,-1
1533864717619974,-1,0,-5,-5,-3,-1,-1,-2
1533864717619974,0,20,-15,22,-6,-3,0,-3
1533864717629015,0,-5,8,-32,-4,-1,0,-1
1533864717629015,-1,-2,-2,6,-2,-2,1,0
1533864717651892,-2,-2,0,-7,2,-1,0,0
1533864717651892,0,5,-22,-5,1,-1,-1,-2
1533864717652902,-1,3,43,17,1,0,0,0
1533864717652902,-3,-2,-1,2,2,-1,-1,-3
1533864717666848,-1,1,-5,-5,1,1,0,-2
1533864717666848,-4,-5,-2,3,-8,-5,-2,0
1533864717667845,-2,-1,-10,-2,-1,-3,-2,-2
1533864717667845,-1,-3,-2,-9,0,2,1,0
1533864717680813,0,0,7,11,4,-4,-1,0
1533864717680813,1,2,-2,9,9,3,0,-1
1533864717689787,-1,-11,3,-32,-20,-3,-1,1
1533864717689787,-2,-1,-3,4,0,-1,1,-1
1533864717704749,-3,-3,-8,0,-3,-3,-2,0
1533864717704749,-2,-3,5,-2,2,2,-2,1
1533864717705744,-1,2,-3,7,1,0,1,-2
1533864717705744,2,17,-15,3,2,-3,-2,0
1533864717726690,-1,-8,2,-7,-7,-1,1,-1
1533864717726690,-2,-5,6,-5,3,-2,0,-2
1533864717728693,0,3,-1,17,8,1,0,0
1533864717728693,3,0,3,0,-6,-1,0,-1
1533864717740650,-4,1,-5,5,-3,-3,-4,-4
1533864717740650,0,0,4,-22,-6,-2,-1,0
1533864717749627,-4,-1,-10,-7,-6,-5,-3,-3
1533864717749627,-2,-6,-41,0,4,-1,0,-2
1533864717764604,1,2,16,3,-1,0,0,0
1533864717764604,-1,-6,3,9,4,-1,1,0
1533864717765584,-2,0,1,4,3,0,0,0
1533864717765584,-2,-5,0,-7,-3,-2,-2,-1
1533864717786531,-1,0,-2,2,2,-1,-2,-1
1533864717786531,-1,0,-1,-9,-6,-4,-2,-3
1533864717788522,-4,-2,-6,0,1,0,0,1
1533864717788522,3,14,5,1,-2,-2,-3,0
1533864717809469,-4,-31,12,2,2,1,1,3
1533864717809469,0,-2,8,8,-1,-2,-2,0
1533864717810463,0,0,-6,-3,-3,1,-1,-2
1533864717810463,-1,-3,5,-1,-3,-1,-1,-3
1533864717824426,0,4,-17,-11,-1,-2,-2,-1
1533864717824426,0,0,-1,11,4,-1,-2,-1
1533864717825423,3,-3,-9,-2,1,2,2,2
1533864717825423,-6,-4,34,-15,-12,-4,-3,-3
1533864717846367,-2,3,-8,7,-5,-4,-4,-2
1533864717846367,0,-3,3,-12,-4,-1,-1,0
1533864717848362,2,7,-4,11,4,-2,-1,-1
1533864717848362,1,-4,-3,1,6,3,2,0
1533864717869310,0,3,-5,-11,0,0,0,-1
1533864717869310,-2,17,-4,5,-4,0,1,-1
1533864717870303,-2,-2,5,-8,-2,-4,-2,-1
1533864717870303,-3,10,-11,0,-2,-2,-2,0
1533864717884266,-1,-5,1,0,0,-2,-1,-3
1533864717884266,0,0,-7,1,1,-2,-2,-1
1533864717886261,-1,-2,3,-7,-1,0,0,0
1533864717886261,-1,-5,-2,0,-2,-1,-2,0
1533864717906211,1,9,-10,14,7,-2,-1,-3
1533864717906211,0,-4,4,18,-1,1,0,-2
1533864717908203,-3,-8,-19,-27,0,-3,-2,-3
1533864717908203,-3,-7,9,8,-1,-2,-1,-1
1533864717929292,0,1,-4,-7,-3,0,-1,-1
1533864717929292,0,-9,24,14,6,0,1,0
1533864717931141,-2,-6,6,-4,-9,0,-2,0
1533864717931141,-2,-5,-6,-4,-1,0,-1,-2
1533864717943111,1,3,1,-7,0,-1,-1,1
1533864717943111,-2,-5,-14,-10,2,0,-1,-1
1533864717958072,1,5,0,7,-6,1,-1,-1
1533864717958072,0,16,-6,4,2,-1,-3,-3
1533864717967045,-3,-1,3,-7,-7,0,0,-1
1533864717967045,-3,-3,-4,-7,1,-1,-1,-3
1533864717968051,0,1,14,5,3,-2,-1,-1
1533864717968051,-1,-3,-2,24,4,0,0,0
1533864717988989,-1,4,-3,-19,-5,-3,-3,-2
1533864717988989,-1,-2,-11,-14,-4,-1,0,0
1533864717990991,-1,-1,2,5,-2,-1,-3,-2
1533864717990991,-1,-9,3,2,4,-1,0,-2
1533864718003949,3,2,8,16,10,2,1,-2
1533864718003949,-4,-6,-1,-31,-20,-5,-3,-3
1533864718009929,0,0,0,19,2,-2,-1,-1
1533864718009929,1,-4,-2,-31,0,-1,-1,1
1533864718027085,-4,-3,0,14,-4,-1,-1,-1
1533864718027085,-1,-1,-4,-4,1,0,-2,-2
1533864718027905,0,-4,0,-4,-3,2,0,0
1533864718027905,-5,-8,0,6,2,-2,-3,1
1533864718048829,0,2,-2,-8,-2,-1,-1,0
1533864718048829,-1,-3,-1,2,0,-3,-2,0
1533864718050821,-4,2,-2,2,2,-1,-1,-3
1533864718050821,1,-5,3,2,1,1,-2,0
1533864718063789,1,-4,-1,-16,-2,-1,-1,0
1533864718063789,-2,1,-2,13,-5,-1,-4,1
1533864718070771,0,-21,11,38,11,2,0,-1
1533864718070771,-1,-1,28,-75,-24,1,1,-1
1533864718086725,-4,-4,-5,23,2,-4,-3,-4
1533864718086725,1,-1,1,-12,4,-2,0,0
1533864718088719,0,1,-4,-16,-11,-1,0,1
1533864718088719,-4,-7,-16,27,11,-4,-1,-1
1533864718108669,-1,-2,5,1,-6,-1,-1,-1
1533864718108669,-1,0,4,-1,0,-1,0,-2
1533864718110661,0,5,-1,22,0,-1,-3,-3
1533864718110661,3,2,-6,-30,-1,3,-1,-1
1533864718123630,-5,-3,-6,1,2,-2,-3,0
1533864718123630,-2,1,-12,8,1,0,-1,0
1533864718130610,-1,2,-1,-9,-4,0,1,0
1533864718130610,-1,-4,-1,18,-3,2,1,-2
1533864718147562,-1,-1,1,-2,-6,-2,0,-2
1533864718147562,-1,-1,0,-8,-5,-1,-1,-1
1533864718148559,0,1,-4,-6,1,-2,-2,-2
1533864718148559,-1,-3,-1,4,2,-4,-3,0
1533864718169507,0,-1,-3,10,7,2,-1,2
1533864718169507,-1,0,-2,-29,-12,-2,-1,-2
1533864718170501,-3,3,-4,-18,-2,-2,0,0
1533864718170501,-2,-1,-6,13,-5,-5,-1,-3
1533864718183466,-2,-4,-4,4,-4,-1,-1,-1
1533864718183466,1,-7,10,10,0,-1,-1,-1
1533864718190447,0,0,-3,-32,-7,1,-2,-1
1533864718190447,-2,-1,-3,22,9,-1,-2,-1
1533864718206463,-1,0,2,-3,0,-1,0,-2
1533864718206463,-1,4,5,17,-3,0,1,-1
1533864718208458,-1,2,26,-28,-2,-4,-3,-1
1533864718208458,-2,0,3,28,3,-1,0,0
1533864718229405,0,5,-5,-22,-4,1,-1,-1
1533864718229405,-2,-2,-6,13,4,0,-1,1
1533864718230400,0,-1,-12,-8,-1,-3,-1,-2
1533864718230400,0,2,-6,-18,-6,-4,-2,-1
1533864718243571,0,0,13,12,9,1,-2,0
1533864718243571,0,-1,-7,-14,0,-3,1,-2
1533864718250352,-2,-7,-7,5,-4,0,0,-1
1533864718250352,-1,-5,3,10,0,0,-1,-1
1533864718266303,-1,1,-11,-19,-6,-2,-1,-3
1533864718266303,0,-1,0,5,8,-1,-2,0
1533864718268298,-1,3,-5,-8,-12,1,0,-3
1533864718268298,-3,0,-6,7,4,-1,-4,-3
1533864718289244,-2,-2,-3,6,4,0,-1,2
1533864718289244,-2,14,-16,-16,-8,-2,-1,-1
1533864718291240,-3,-9,3,13,4,-2,0,0
1533864718291240,1,-1,-2,-7,-6,-1,0,0
1533864718303209,-2,-2,0,-6,-2,-3,-1,0
1533864718303209,2,0,2,10,4,-1,-1,-2
1533864718312181,-4,0,-9,8,3,-1,0,-3
1533864718312181,-1,0,-1,11,-4,-1,1,-1
1533864718327144,0,-6,-41,-10,-1,-2,-2,-3
1533864718327144,-2,-2,5,4,3,-2,-2,-2
1533864718328146,0,2,0,13,3,-3,-1,1
1533864718328146,0,-2,2,-10,-11,0,-1,-1
1533864718349282,-4,1,0,-1,2,0,-1,-1
1533864718349282,-3,-7,0,-9,-4,-2,-1,-1
1533864718351078,-1,-2,-3,8,3,0,-3,-2
1533864718351078,-3,0,-11,-2,-3,-6,-2,-4
1533864718363044,0,2,9,-2,-3,-1,-1,-1
1533864718363044,-2,-5,-1,8,1,1,0,-1
1533864718372022,-4,-16,13,-25,-11,-7,-2,0
1533864718372022,0,-4,-7,-8,3,3,1,0
1533864718387177,1,0,9,9,-3,0,0,-1
1533864718387177,0,-7,3,-4,-2,-1,-1,-2
1533864718387990,0,5,-12,9,0,1,-4,-2
1533864718387990,1,2,-2,-3,-2,-2,0,-2
1533864718408925,0,-3,4,-2,1,-3,-2,-1
1533864718408925,-1,4,-4,-2,2,-1,-1,-2
1533864718410917,1,1,-5,-6,-1,0,1,-2
1533864718410917,-3,-3,0,4,0,-2,-2,0
1533864718422888,-2,0,3,0,0,-2,0,1
1533864718422888,-1,-1,1,-9,-10,-1,0,1
1533864718431861,1,1,-8,10,4,-1,-1,-3
1533864718431861,0,-1,-1,-4,0,-1,0,-4
1533864718446821,-4,-1,6,-4,-9,-4,-1,-2
1533864718446821,-6,-5,-3,-3,13,2,-1,1
1533864718448815,0,-1,-1,2,-7,-2,0,2
1533864718448815,-1,1,8,15,2,2,1,2
1533864718468765,-1,-9,11,-3,-6,1,1,1
1533864718468765,-1,1,0,-6,-5,-2,-4,-2
1533864718470757,-1,4,-14,11,9,1,-2,-2
1533864718470757,-1,-3,-1,-15,0,-1,-1,-2
1533864718482725,1,2,-5,1,-1,-3,1,-1
1533864718482725,-2,-4,1,3,-2,-3,-2,-1
1533864718491700,0,-3,0,11,2,-3,1,-1
1533864718491700,1,2,-4,-11,-4,-4,-3,-2
1533864718506664,0,-1,-1,-8,1,2,0,0
1533864718506664,-1,-2,0,34,3,-1,0,-1
1533864718508655,1,4,-1,-43,-14,0,-1,-1
1533864718508655,-2,-3,-2,22,10,-3,-3,-2
1533864718529602,-3,-2,-5,0,-1,2,-3,-1
1533864718529602,1,-1,-3,-8,-7,-1,0,0
1533864718530597,-3,-3,1,12,6,0,0,1
1533864718530597,0,0,3,-13,-6,-2,1,-1
1533864718542565,4,0,-2,-11,-1,-1,-2,-2
1533864718542565,-2,1,-2,6,-2,-3,-3,-3
1533864718551541,-2,-1,0,-6,-1,-1,0,-3
1533864718551541,0,1,10,15,6,-1,1,-1
1533864718566502,0,14,-2,-19,-3,-3,0,-1
1533864718566502,-1,-2,-2,-19,-7,-1,-1,-2
1533864718568503,-2,-3,-5,19,11,1,-2,-2
1533864718568503,-4,-9,7,-29,-16,2,-1,-1
1533864718589439,2,2,-5,-8,-3,-1,-3,-3
1533864718589439,0,-3,-11,6,2,-2,0,-3
1533864718590442,-3,0,3,-4,-2,-1,-2,0
1533864718590442,-1,9,-18,6,3,-1,-3,-1
1533864718602410,-3,-5,-1,26,2,-1,1,-1
1533864718602410,-3,-3,-5,-51,-11,-1,0,0
1533864718611380,1,-1,0,2,-3,-1,0,0
1533864718611380,-1,-3,-1,-5,-6,-1,0,0
1533864718626339,-3,-3,-1,12,8,-1,-2,-3
1533864718626339,2,-3,9,3,-5,-2,-3,0
1533864718628343,-1,2,2,-2,4,1,1,-1
1533864718628343,0,14,-9,-13,-8,-1,0,-1
1533864718649488,-2,-4,1,-2,-3,1,1,0
1533864718649488,0,3,1,28,19,2,-1,-1
1533864718651275,-4,-2,-3,-12,-22,-3,-4,-3
1533864718651275,0,-5,-34,-9,5,-1,-3,-1
1533864718663245,-4,-3,1,17,0,-2,-1,-1
1533864718663245,-1,-2,1,4,0,1,0,-1
1533864718672219,0,-1,1,-4,0,-1,2,0
1533864718672219,-1,-7,5,15,3,-1,-1,0
1533864718686184,2,3,2,-7,-5,-1,-1,0
1533864718686184,-4,8,-9,-36,-7,-5,-2,-3
1533864718688195,-1,-3,-10,22,10,-2,-3,-3
1533864718688195,-4,-5,3,-27,-14,-3,-1,-2
1533864718709123,-1,-6,1,-1,-2,-1,-2,0
1533864718709123,1,1,2,2,-2,0,-1,-1
1533864718711114,1,-1,4,10,3,-1,0,0
1533864718711114,-1,-1,9,16,11,1,0,0
1533864718723310,-1,4,-2,-45,-23,-2,-2,-1
1533864718723310,-2,-8,-1,28,3,-3,-4,-4
1533864718732058,-3,-4,-4,-6,-4,1,-1,-2
1533864718732058,-1,-6,-3,2,2,-1,-1,1
1533864718747144,1,14,-19,-2,3,-1,-2,-2
1533864718747144,-2,-11,2,4,0,1,2,2
1533864718748039,-1,-4,4,-20,-5,1,1,-1
1533864718748039,1,5,4,4,-2,0,-1,-1
1533864718769087,1,-2,2,-10,8,1,1,-1
1533864718769087,-4,-4,1,8,-14,-5,-2,-2
1533864718770956,2,7,-4,6,3,-1,-3,1
1533864718770956,-1,-4,6,3,-4,0,-1,-1
1533864718791898,-3,-9,2,-6,-7,-2,-2,0
1533864718791898,1,1,7,-3,3,-1,-2,-1
1533864718792901,-1,-3,-5,2,3,-2,-2,-2
1533864718792901,0,-11,17,-8,-6,2,0,-1
1533864718807230,-3,-6,-3,4,8,-3,-2,-3
1533864718807230,0,6,-12,-3,-2,0,0,-1
1533864718808119,-3,-22,9,-7,-7,-2,0,0
1533864718808119,-1,1,-2,14,1,0,0,-3
1533864718829248,-2,-6,2,3,5,-2,-1,-1
1533864718829248,-3,-2,-3,-12,-7,0,-2,0
1533864718831042,2,8,-3,13,2,-1,-1,-1
1533864718831042,3,5,5,-12,3,-3,0,-1
1533864718851985,-3,-14,-14,1,-8,-2,-1,-1
1533864718851985,1,2,-2,0,0,0,1,-1
1533864718852997,-4,1,-2,-1,-5,-3,-3,-2
1533864718852997,-3,-1,-6,0,-3,-2,-3,-1
1533864718866948,1,-2,-13,2,-3,0,-1,-1
1533864718866948,1,1,10,-2,4,-1,-1,-1
1533864718867942,0,2,-16,5,1,-1,-1,-2
1533864718867942,0,-2,12,2,1,-1,1,-1
1533864718889924,-3,1,-2,-14,1,-2,-3,0
1533864718889924,-2,15,-13,0,-4,-2,-5,-3
1533864718890882,-2,-3,1,-6,-4,1,-2,0
1533864718890882,0,1,-9,1,-1,-3,-1,-1
1533864718911825,1,-1,8,7,4,3,1,1
1533864718911825,-1,-1,-4,-1,4,0,0,-1
1533864718912822,-1,1,21,9,-10,-4,-1,-2
1533864718912822,-3,-2,-9,-17,4,0,-1,-1
1533864718925791,-2,-1,1,13,-9,-2,0,-1
1533864718925791,-4,-12,-3,-12,-1,-2,2,0
1533864718932810,1,1,6,5,6,-1,1,0
1533864718932810,-2,-1,-1,9,1,-3,-2,-1
1533864718948726,1,2,5,-22,-6,-3,-2,-3
1533864718948726,-3,-2,-3,35,2,-2,-2,-2
1533864718950721,-3,-3,-6,-31,-3,0,-2,-2
1533864718950721,-4,1,-9,19,4,-1,-1,-2
1533864718971746,0,2,4,3,0,0,0,0
1533864718971746,1,-6,-2,-5,-6,-1,-2,-1
1533864718973661,-2,3,-4,5,4,-1,0,0
1533864718973661,2,-1,-3,-3,-6,0,-1,-1
1533864718985631,-3,-1,-3,-13,2,-3,-3,-2
1533864718985631,1,-4,14,-12,-6,-1,0,2
1533864718993833,-1,-18,7,1,2,-1,-1,-1
1533864718993833,-2,0,-2,-2,-3,-1,0,-1
1533864719008617,-2,-6,-2,12,-1,-2,1,0
1533864719008617,-1,-4,-1,-9,-6,-1,-3,0
1533864719009563,4,11,0,12,3,1,0,0
1533864719009563,-1,2,1,-29,-5,-5,-5,-1
1533864719031616,-5,-6,-7,4,-10,-1,-1,-2
1533864719031616,-2,1,-5,-6,2,0,1,0
1533864719031616,-1,-1,-9,4,-3,1,0,-1
1533864719031616,0,-2,-2,3,-3,1,0,0
1533864719045471,3,16,-6,0,0,-1,-2,-4
1533864719045471,-1,-2,2,8,10,0,0,-2
1533864719053451,-3,1,0,-24,-17,-3,-2,-1
1533864719053451,-3,-8,1,-10,-2,-2,1,-1
1533864719068413,0,1,1,11,3,-1,-2,-2
1533864719068413,-2,-2,-2,6,2,1,-3,-3
1533864719069404,-1,-2,-2,-4,-4,-3,-1,-1
1533864719069404,0,2,8,-2,2,2,0,0
1533864719091345,-3,-5,4,5,0,-3,1,0
1533864719091345,0,4,0,8,4,-1,-1,-1
1533864719091345,-5,-9,-10,-15,-9,0,2,-2
1533864719091345,-2,1,-4,2,-2,-2,-3,-3
1533864719105311,3,0,12,-1,-2,0,0,-1
1533864719105311,-3,-7,0,1,-5,-1,0,1
1533864719113286,-1,8,18,1,5,0,-2,1
1533864719113286,-1,0,-1,7,7,1,-2,-3
1533864719128249,0,-2,-3,-17,-13,-1,-3,1
1533864719128249,0,-3,1,0,-1,-2,-1,-3
1533864719129243,-2,-1,-11,8,2,-2,-1,0
1533864719129243,-2,-3,-5,-5,-6,-1,-1,-1
1533864719151199,0,-4,3,14,5,1,0,-1
1533864719151199,0,2,-4,-17,-3,-1,-1,0
1533864719152183,0,-20,8,-4,-4,0,0,1
1533864719152183,0,-18,8,20,6,-3,-3,-1
1533864719165168,-4,-3,-13,-4,5,-3,-3,-2
1533864719165168,0,-1,-1,-5,-8,-1,1,0
1533864719173130,-4,5,-14,2,7,-1,2,-2
1533864719173130,2,7,-8,-12,-7,-2,-2,0
1533864719188089,1,-1,28,11,6,0,3,1
1533864719188089,-1,-2,2,17,0,-3,1,0
1533864719189083,0,2,-4,-17,4,0,0,-2
1533864719189083,-2,3,-7,11,-5,0,1,-2
1533864719211025,-1,0,-10,-2,3,1,-2,-1
1533864719211025,-1,2,-6,-2,-5,-2,-1,-2
1533864719212022,1,6,5,7,3,-1,-2,-1
1533864719212022,-1,-2,-1,2,0,-4,0,1
1533864719224991,-1,-2,-14,-20,-4,-2,0,0
1533864719224991,-1,0,2,-9,-3,0,-1,-1
1533864719233963,-1,2,-9,11,-1,-3,-2,-1
1533864719233963,-2,-24,14,-3,-1,-1,-1,-1
1533864719256905,-1,-2,1,6,-3,0,-1,-1
1533864719256905,-1,0,-4,-13,-1,-5,-4,-2
1533864719256905,-1,0,-7,9,5,-1,-2,-2
1533864719256905,0,5,-4,-20,-11,0,2,1
1533864719270868,-2,-3,0,9,-1,-4,-2,-3
1533864719270868,-5,-9,1,19,6,2,-2,-1
1533864719271862,0,14,-15,-24,-8,-3,-3,-3
1533864719271862,-2,1,6,-1,2,-2,0,-1
1533864719285828,0,-2,-5,-5,0,1,0,-1
1533864719285828,1,5,-2,1,0,-2,0,-2
1533864719293822,1,1,-1,10,-1,-2,0,-2
1533864719293822,0,4,-10,-26,-5,0,-1,0
1533864719308763,-1,-3,-2,6,1,-4,-3,-1
1533864719308763,-4,-3,0,5,-4,1,-1,0
1533864719308763,-3,-5,5,3,-1,2,-1,1
1533864719308763,1,3,-31,-1,-5,-1,-2,-4
1533864719330709,0,0,5,6,0,-2,-1,-3
1533864719330709,0,-2,0,-1,4,0,0,0
1533864719331703,-2,-2,4,-4,-3,-2,-2,-2
1533864719331703,2,19,-19,0,-1,-3,-1,-2
1533864719345664,-5,-10,5,5,-2,1,0,1
1533864719345664,-1,-1,-3,-8,-4,-2,-1,0
1533864719353647,-2,-2,0,2,1,-1,-1,-1
1533864719353647,-1,-1,2,8,5,0,-2,-1
1533864719368606,2,6,0,17,-1,2,1,0
1533864719368606,1,2,10,-48,-12,3,3,-1
1533864719369600,-6,-8,1,12,8,-5,-4,-3
1533864719369600,-6,-3,7,2,-1,1,-1,1
1533864719390548,-2,0,-10,0,-2,-2,-2,-3
1533864719390548,0,-5,-4,5,0,-2,0,0
1533864719391548,3,20,-13,-2,0,-1,-1,-2
1533864719391548,-2,-8,7,-2,0,-1,-3,-3
1533864719405508,-1,-3,-6,-16,-8,-3,0,1
1533864719405508,4,2,34,10,5,1,-2,0
1533864719413487,-1,-4,-5,-8,-9,-3,0,0
1533864719413487,-3,-2,3,5,1,-4,-2,-2
1533864719428446,0,-5,3,-6,-2,0,0,-2
1533864719428446,-2,-1,-15,14,-2,-1,-3,-2
1533864719429441,0,-5,4,-38,-1,1,0,-1
1533864719429441,1,-2,5,17,3,-1,0,0
1533864719451382,-5,2,-3,2,-5,-8,-4,-3
1533864719451382,-5,-5,-11,-2,-3,0,-1,-2
1533864719451382,-1,-7,-1,10,-5,0,-2,0
1533864719451382,0,-2,-9,-11,-1,2,1,0
1533864719465347,0,2,-5,-14,-1,1,-2,-2
1533864719465347,0,0,-3,2,-1,-3,-3,-3
1533864719473323,0,-4,14,19,5,-1,-1,-2
1533864719473323,-2,-1,0,-19,-9,-2,-1,-1
1533864719488286,-2,-1,2,15,8,0,1,0
1533864719488286,-2,-2,-7,-22,-5,-4,-3,-3
1533864719489281,1,1,0,6,-1,0,-1,0
1533864719489281,-1,21,-10,7,-1,-4,-3,-2
1533864719511225,0,-2,3,21,3,0,-2,0
1533864719511225,-3,-2,-10,-40,1,-1,2,0
1533864719511225,-5,-23,7,1,-11,-2,-2,-3
1533864719511225,-3,-2,3,9,0,0,0,-1
1533864719534160,-1,0,-3,-15,-7,-1,-2,0
1533864719534160,-1,-1,-2,17,6,0,-1,-1
1533864719535179,1,2,-13,-6,-2,1,0,-2
1533864719535179,-2,-10,3,-4,0,-1,-2,-2
1533864719548127,-1,-1,4,23,13,2,0,-1
1533864719548127,2,2,7,-56,-31,-3,-2,2
1533864719549121,0,1,-3,18,12,0,-1,0
1533864719549121,-2,-8,-8,5,5,0,0,-2
1533864719571063,0,1,-10,-11,-8,-1,0,-2
1533864719571063,-2,1,-8,22,6,0,-1,-1
1533864719572077,0,5,4,-5,-3,0,-2,0
1533864719572077,1,-1,4,-2,0,-2,0,0
1533864719585024,4,2,-2,-20,3,1,2,-2
1533864719585024,-4,-1,-1,47,8,-4,-2,-2
1533864719594010,-4,-19,10,-15,-8,-4,-1,-3
1533864719594010,-1,-3,2,5,0,0,-3,0
1533864719607965,-2,-2,-5,-6,-4,-2,-2,-2
1533864719607965,2,-3,0,2,3,0,-2,-2
1533864719608960,0,7,-4,-2,0,-1,-1,-1
1533864719608960,1,2,-4,-3,1,-2,-1,-1
1533864719630902,-2,-3,4,-11,-9,-1,-2,-1
1533864719630902,-2,3,-5,2,1,-3,-1,-2
1533864719631929,-2,2,3,21,0,0,-1,1
1533864719631929,-3,-4,1,-33,-6,-2,-2,-2
1533864719653874,-1,1,-18,7,4,-2,-2,0
1533864719653874,-2,1,18,-5,-3,1,-1,-1
1533864719654838,0,2,-4,-6,-1,-2,0,1
1533864719654838,3,-5,17,0,-1,0,1,-1
1533864719668802,0,0,-5,18,4,0,0,0
1533864719668802,-7,-9,-17,-2,-5,-5,-4,-3
1533864719668802,-1,1,-3,1,1,5,0,0
1533864719668802,-1,5,14,-10,-5,-1,-2,-1
1533864719690742,0,-1,5,-7,0,0,-1,-1
1533864719690742,2,1,0,7,4,3,0,-2
1533864719691739,0,-3,1,1,-3,-5,0,-2
1533864719691739,-2,0,-11,10,-2,-3,-1,-1
1533864719713721,-1,-1,2,2,1,-1,1,-1
1533864719713721,-1,-4,0,-8,-6,-2,0,-1
1533864719714824,0,5,-10,-13,0,1,-2,-2
1533864719714824,-1,-1,-6,12,-4,1,-1,-1
1533864719728642,-2,-1,5,-16,-5,-2,-3,-2
1533864719728642,-1,1,10,14,-1,-1,1,0
1533864719729637,1,1,0,0,4,-2,1,0
1533864719729637,-1,-4,-7,-3,-5,-3,1,-1
1533864719750581,-3,-5,-4,-7,-5,0,-2,-1
1533864719750581,-1,7,-13,-32,-2,0,-3,-2
1533864719751578,-3,-8,32,4,4,-1,0,0
1533864719751578,-3,-8,1,25,-2,1,-3,-2
1533864719774539,-1,0,-7,-25,-4,-1,-1,-3
1533864719774539,1,-2,-8,10,2,1,-2,-1
1533864719775515,-1,2,-18,-16,-9,-3,-1,1
1533864719775515,-1,2,-5,9,7,2,-1,-1
1533864719788480,-2,-1,12,3,-6,-1,-2,-1
1533864719788480,0,3,-1,-1,0,-1,-2,0
1533864719789487,2,2,-4,5,3,0,-1,-2
1533864719789487,-4,-5,-1,-19,-7,-4,-3,0
1533864719811422,-5,-5,-9,5,4,-1,0,0
1533864719811422,0,-5,8,13,3,0,2,0
1533864719812431,0,2,-9,-41,-18,-4,-2,-2
1533864719812431,4,-1,-1,10,6,-1,1,0
1533864719834359,-2,0,2,7,-2,-2,-2,-3
1533864719834359,-2,-1,-3,2,-1,-2,-1,-2
1533864719835396,0,-5,-7,7,3,-1,1,-1
1533864719835396,0,4,5,-4,4,2,1,0
1533864719848324,3,1,8,2,8,-2,-1,-1
1533864719848324,-5,-6,3,14,-8,-2,-2,-1
1533864719849318,-1,2,-4,-3,0,1,-1,-1
1533864719849318,-4,-7,-7,2,-1,-3,-3,-1
1533864719871262,0,4,37,8,-2,-1,1,-1
1533864719871262,1,-1,-11,-5,2,0,0,0
1533864719872256,-2,0,0,11,-5,-1,-1,-2
1533864719872256,-4,0,-9,-52,-9,-4,-4,-1
1533864719894201,-3,-2,-11,1,8,2,-1,2
1533864719894201,-1,2,3,11,3,-1,-1,-2
1533864719895195,-1,4,-7,10,1,-2,-2,-2
1533864719895195,-1,-21,10,13,-2,0,1,1
1533864719908160,2,0,-17,-9,-2,-1,-2,-1
1533864719908160,0,-2,3,-8,-1,0,1,0
1533864719909158,0,-1,-5,-1,0,0,-1,-1
1533864719909158,-1,4,-3,-1,-2,-1,0,-2
1533864719931102,-2,-4,-11,-5,-6,-3,-2,0
1533864719931102,1,-2,0,0,0,-2,-1,0
1533864719932096,-2,0,1,11,3,-2,0,-1
1533864719932096,-1,5,-2,-22,-12,-1,-2,-2
1533864719954040,0,-3,-24,10,0,1,0,-2
1533864719954040,-2,3,4,-17,-8,0,1,-1
1533864719955043,1,-18,20,2,11,0,-1,0
1533864719955043,-4,-6,-11,6,-3,-2,-2,-2
1533864719968000,1,1,-2,-1,1,-1,0,0
1533864719968000,-1,-2,-5,-7,-5,0,0,0
1533864719968997,0,2,-3,9,-7,-4,-2,-1
1533864719968997,1,3,5,9,4,1,0,1
1533864719991128,2,-4,7,-7,0,-4,-2,-3
1533864719991128,3,3,-6,-6,3,0,1,0
1533864719991936,-7,-23,10,21,4,-2,-2,-2
1533864719991936,0,4,-1,2,2,-2,1,-2
1533864720013876,-2,2,-5,-6,-3,-3,-2,-1
1533864720013876,-1,0,10,-3,0,0,0,0
1533864720014874,-3,4,-17,-15,-8,-1,-1,-3
1533864720014874,-1,-1,-2,9,2,-1,-2,-1
1533864720029040,-2,-3,6,-1,-2,1,-1,0
1533864720029040,0,-1,-7,-1,0,0,-4,-2
1533864720029040,-1,4,-1,5,3,1,1,2
1533864720029040,-1,0,1,8,-2,-1,1,-1
1533864720050780,-2,4,3,-47,-1,-1,0,-1
1533864720050780,-5,-7,-5,8,-4,-5,-4,-2
1533864720051776,-1,1,-42,-7,-1,-2,-2,-2
1533864720051776,2,13,-12,25,9,-2,-1,-2
1533864720073726,-3,-7,2,5,-2,1,-1,-1
1533864720073726,1,0,0,0,3,0,-1,-1
1533864720074714,-2,1,6,-13,-4,-1,-1,-1
1533864720074714,1,3,-3,-2,2,0,1,-1
1533864720088677,-1,-1,6,2,-1,0,1,-2
1533864720088677,-2,-6,1,22,3,1,-1,-1
1533864720089675,0,5,4,-11,-1,0,0,0
1533864720089675,-1,-3,2,-19,-6,1,-2,0
1533864720110696,-1,1,3,9,-2,1,0,-1
1533864720110696,-2,3,5,2,2,1,0,-2
1533864720111694,1,3,4,0,-1,-1,-1,-1
1533864720111694,0,-5,3,-4,5,1,0,-2
1533864720134632,-1,-2,-5,6,-6,-1,0,-1
1533864720134632,-2,-1,-6,-11,-5,-3,-2,0
1533864720134632,-6,-3,-2,6,-3,-4,-5,-2
1533864720134632,-4,-8,3,-22,-13,-4,-2,0
1533864720148598,2,1,-1,18,1,-1,-1,-2
1533864720148598,2,0,-4,-23,-2,-1,0,1
1533864720149605,1,-2,1,-5,3,2,-1,0
1533864720149605,0,-1,-7,6,1,-1,-2,-1
1533864720170536,-1,12,-33,4,-2,-1,0,-2
1533864720170536,-3,-31,40,11,4,-1,-3,0
1533864720171550,-1,-2,0,-15,-5,-2,0,-1
1533864720171550,0,-1,-1,5,-1,-1,-1,-2
1533864720201461,-4,-5,-5,2,-1,-3,-2,0
1533864720201461,-2,6,-15,2,0,-2,0,0
1533864720202461,3,4,3,-7,1,0,-2,-1
1533864720202461,-3,-10,-2,11,-2,0,0,-2
1533864720208435,-2,-1,15,-2,-4,-1,0,0
1533864720208435,-2,4,-11,3,0,1,-1,-2
1533864720209431,0,-2,8,0,-2,1,2,-1
1533864720209431,0,2,-8,-20,-7,0,1,0
1533864720231377,-3,-2,0,2,7,0,-3,-1
1533864720231377,0,2,-6,1,1,0,-1,0
1533864720231377,1,4,1,15,-3,-2,1,0
1533864720231377,-1,-1,3,-19,5,0,-1,-1
1533864720254316,0,-2,5,-6,-5,2,0,1
1533864720254316,0,21,-18,-4,-4,-5,-3,-4
1533864720255310,-3,-8,-2,5,-1,0,-1,0
1533864720255310,0,0,-16,6,0,-3,-1,1
1533864720268293,-1,-4,8,-1,0,1,-1,-1
1533864720268293,2,6,-10,-13,-7,0,-4,-2
1533864720269272,-1,13,-13,-1,0,-2,-2,-1
1533864720269272,-2,-6,1,14,1,0,0,-1
1533864720291213,-2,-4,-5,-15,-3,0,-1,-1
1533864720291213,-3,-8,-3,13,-1,-3,0,-1
1533864720292211,-2,2,4,-1,6,-1,-1,-2
1533864720292211,1,0,8,-12,-17,-2,0,-1
1533864720314152,1,3,2,15,4,-1,-1,-1
1533864720314152,-5,-8,0,-12,-6,-4,0,-1
1533864720315149,-2,-8,1,-14,-3,-1,1,0
1533864720315149,-1,3,2,17,11,2,-1,-1
1533864720328118,-2,-5,6,-8,-3,-1,-1,1
1533864720328118,1,-2,-3,9,0,1,-2,-1
1533864720336095,0,-3,2,-7,3,0,1,-1
1533864720336095,-2,-2,2,8,-8,-3,-2,-1
1533864720351071,0,-2,-10,-18,-1,-4,-1,-3
1533864720351071,2,-4,-2,-8,2,-1,1,-1
1533864720352051,-3,14,-11,4,-6,-2,-3,-1
1533864720352051,-3,-2,1,5,0,-1,-1,0
1533864720373995,0,-2,-8,8,4,-1,-1,0
1533864720373995,1,1,7,7,-1,-2,0,-2
1533864720374989,-4,-5,2,-22,-11,-2,-3,-2
1533864720374989,2,2,-6,-1,-2,0,-1,-2
1533864720387958,-3,-3,1,-12,-5,-1,0,0
1533864720387958,0,1,-32,-14,1,3,-1,-1
1533864720395936,-1,-6,-5,10,7,2,1,-1
1533864720395936,-2,0,5,3,-3,-2,0,0
1533864720410896,1,-3,4,0,-4,-1,-1,-1
1533864720410896,-1,-18,15,16,-2,-1,-1,1
1533864720411890,1,12,-16,-18,-4,1,-2,-2
1533864720411890,-1,-4,3,-4,6,-1,-2,0
1533864720433850,1,-1,-3,-5,-2,-3,-1,-2
1533864720433850,-2,0,4,11,7,-1,0,0
1533864720434829,-2,-4,-2,-15,-11,-3,-3,-4
1533864720434829,-1,-1,5,-2,7,0,0,-1
1533864720447798,-3,2,-1,11,-2,-1,-4,-2
1533864720447798,-2,1,-2,-17,-5,-2,0,-2
1533864720455776,2,-6,2,4,3,0,0,0
1533864720455776,1,3,-2,10,1,0,-1,-2
1533864720470737,-1,-4,2,-27,-5,0,0,0
1533864720470737,-2,1,-5,0,1,-2,-1,-1
1533864720478776,-3,-5,35,6,-1,0,1,2
1533864720478776,-2,-4,-2,-4,-4,0,-1,-2
1533864720494734,-1,1,-3,15,0,-1,-2,-1
1533864720494734,-2,0,6,-5,0,3,1,-2
1533864720494734,-2,-3,-6,15,2,-4,-2,-1
1533864720494734,-1,2,11,-5,-8,-5,0,-2
1533864720507696,-2,0,3,-16,3,-1,-2,-1
1533864720507696,-1,8,-9,1,-4,-1,-2,0
1533864720515674,-2,-33,22,-1,7,-1,-2,0
1533864720515674,-4,-6,-4,16,3,-1,-4,-2
1533864720530638,-1,-3,-7,14,-1,-2,-2,-2
1533864720530638,-2,-5,6,-16,-10,2,1,0
1533864720531632,2,7,-8,14,1,0,-1,0
1533864720531632,-2,1,0,-17,3,-1,-1,-1
1533864720561561,-1,-3,8,0,-4,-4,-1,-1
1533864720561561,-2,3,-4,19,6,-1,-2,-1
1533864720565621,-1,2,-4,5,0,-3,-1,-3
1533864720565621,-1,-2,-9,-20,-4,-1,-2,0
1533864720569022,2,1,-35,4,-2,1,-1,0
1533864720569022,0,0,6,-5,-2,0,-1,-1
1533864720576515,-3,-1,-11,3,1,-3,-2,-2
1533864720576515,-1,-4,-3,-6,2,1,1,-2
1533864720591476,-1,1,-1,12,-5,-2,-2,0
1533864720591476,2,-1,2,12,4,-1,-3,-1
1533864720591476,1,8,-8,-22,-15,-3,-2,-2
1533864720591476,0,-15,8,2,-1,1,-1,0
1533864720614410,-3,-2,9,-3,2,-1,0,-1
1533864720614410,-4,-4,-1,6,-4,-3,-1,-1
1533864720615408,-1,10,-20,2,7,1,-1,-1
1533864720615408,-3,-10,0,3,-1,0,0,1
1533864720636355,-2,3,21,1,3,-1,0,0
1533864720636355,-4,-6,10,-5,-1,0,0,-1
1533864720637349,0,-3,-7,-4,-2,0,-1,-1
1533864720637349,1,7,-5,14,0,-2,-2,-1
1533864720651312,1,-2,-3,-28,-12,0,0,-1
1533864720651312,-1,-12,0,-2,-2,-5,-4,-2
1533864720651312,-3,-2,21,-5,-7,0,0,1
1533864720651312,-2,4,-13,-5,7,1,0,-1
1533864720674288,-4,-6,1,15,4,-1,-1,-1
1533864720674288,1,6,-2,-9,-2,-1,-1,0
1533864720675249,-3,-3,-8,-2,-2,-2,-1,-2
1533864720675249,1,-2,-4,4,-1,0,0,-2
1533864720697252,1,6,1,9,3,0,-2,-3
1533864720697252,-5,-11,-28,-18,-7,-1,0,-1
1533864720697252,4,4,15,-3,4,2,0,1
1533864720697252,-3,14,-27,2,-10,-2,-3,-2
1533864720711359,-4,-4,-8,10,4,0,-2,-1
1533864720711359,-1,1,6,16,3,1,0,-1
1533864720712167,-4,-9,0,-5,-3,-2,0,-2
1533864720712167,3,6,8,-12,0,1,1,-3
1533864720734090,1,-4,-9,6,5,-2,-2,0
1533864720734090,0,15,-4,-13,-6,-5,-3,-4
1533864720735087,-1,2,1,-9,-8,1,-1,1
1533864720735087,2,1,9,16,5,-1,-1,3
1533864720757041,-4,-6,6,-24,-8,-2,-3,-5
1533864720757041,0,-1,-9,-9,4,-2,1,0
1533864720757041,-1,1,23,9,-3,-1,0,-1
1533864720757041,-3,1,3,10,-1,1,0,0
1533864720770995,-2,-1,-15,-13,0,0,-1,-1
1533864720770995,-2,2,16,6,2,-1,-3,0
1533864720771989,-2,-1,-1,15,4,1,-1,-2
1533864720771989,-1,-9,-18,-40,-14,-3,1,-1
1533864720793934,1,2,10,14,-1,-3,1,0
1533864720793934,-1,-6,-23,-11,-3,0,1,0
1533864720794927,-1,-7,-8,8,7,-2,-3,-2
1533864720794927,-1,-2,2,-12,1,-2,-3,-4
1533864720816872,1,1,4,9,-5,-3,-2,0
1533864720816872,0,-1,-2,18,8,-1,-1,-3
1533864720817866,-3,-4,-10,-18,-12,0,0,-1
1533864720817866,-4,-2,-7,1,-2,-1,-2,0
1533864720830835,2,0,0,-13,-2,1,-1,-3
1533864720830835,-2,-5,5,14,-4,0,-2,-2
1533864720831829,0,1,-4,-6,7,1,-1,-2
1533864720831829,-4,-2,16,5,1,-5,-3,-2
1533864720853773,-4,-2,-6,0,-3,0,1,0
1533864720853773,-2,-4,1,-18,-3,1,1,1
1533864720854768,-2,-4,-2,7,-3,-2,-1,-1
1533864720854768,0,4,-5,-7,-4,-2,0,0
1533864720876709,-2,-4,1,5,1,-1,-1,0
1533864720876709,-2,-6,-4,-2,0,1,0,-1
1533864720877710,0,2,-11,-10,4,0,-3,-2
1533864720877710,0,5,12,10,-5,1,1,0
1533864720891669,-2,-3,-12,-18,-8,-7,-1,-2
1533864720891669,-2,0,11,3,-2,0,0,-2
1533864720891669,1,6,29,21,4,1,0,1
1533864720891669,3,-5,-74,-37,0,-1,-4,-5
1533864720921589,-9,-22,20,-16,-11,1,0,0
1533864720921589,-3,2,13,8,0,-4,-2,-2
1533864720922586,-2,-7,-11,3,-5,-5,-2,-1
1533864720922586,2,3,1,-13,5,1,-1,0
1533864720936552,2,7,-2,9,0,-2,-2,-2
1533864720936552,-1,-1,-7,-15,-2,-2,-2,-2
1533864720937547,-2,-1,-2,12,-4,1,1,0
1533864720937547,0,-5,18,11,2,-2,-2,-1
1533864720951513,1,3,-2,7,9,-1,0,1
1533864720951513,1,2,21,-16,-10,-1,-2,-1
1533864720951513,0,-9,-18,-8,3,-1,-2,-1
1533864720951513,-7,-8,9,8,-1,1,-1,-1
1533864720974448,0,0,-1,7,0,4,0,-1
1533864720974448,1,-11,-55,-5,-2,-2,-3,-3
1533864720975445,-6,19,39,4,6,-2,-3,-5
1533864720975445,-4,-3,11,-12,-16,-3,0,0
1533864720996392,-1,2,3,19,7,-2,0,1
1533864720996392,2,1,-10,-18,-7,0,0,-2
1533864720997387,0,-4,-17,-20,-1,-4,-2,-1
1533864720997387,-7,-2,13,6,-2,-4,-4,-2
1533864721010351,-2,4,8,-2,2,3,0,0
1533864721010351,1,10,6,-2,-3,-3,0,1
1533864721018330,3,-6,-5,0,-2,1,2,-2
1533864721018330,1,-3,-9,12,-1,-3,-1,-1
1533864721034314,-1,-7,-5,-15,0,1,-1,1
1533864721034314,0,5,23,16,5,-1,-4,0
1533864721035307,-3,-9,-7,2,4,1,0,-1
1533864721035307,1,-4,-21,-4,-6,-1,-2,-3
1533864721056269,-2,3,0,9,-5,1,-1,1
1533864721056269,-2,-16,23,-12,0,1,2,1
1533864721057229,0,3,-2,1,23,-2,-1,-1
1533864721057229,2,16,20,-11,-24,-7,-1,0
1533864721071189,-3,-13,1,23,-1,0,-1,-2
1533864721071189,2,4,4,-24,-14,1,0,-1
1533864721072186,-1,-5,-15,15,0,0,-5,-2
1533864721072186,3,1,3,-2,9,1,2,-1
1533864721094131,-1,5,-1,8,4,-4,-2,-1
1533864721094131,-4,-1,2,6,1,-1,0,0
1533864721095125,2,-1,7,4,-6,-1,-1,-1
1533864721095125,-2,-4,14,-1,5,0,0,1
1533864721117067,2,3,-8,-17,-5,-4,-1,-1
1533864721117067,-1,3,2,20,8,0,-2,0
1533864721117067,-4,-3,-4,-24,-12,-4,0,2
1533864721117067,0,-1,10,17,-3,1,0,1
1533864721131032,1,-4,-8,-17,3,1,-1,-1
1533864721131032,-1,-3,-11,7,4,-1,-1,1
1533864721132027,-4,-4,-12,0,-14,-5,-2,-3
1533864721132027,-2,-4,-2,-6,-5,0,0,1
1533864721153977,0,5,11,10,7,-1,-2,-3
1533864721153977,-4,-3,-13,11,0,-3,-5,-4
1533864721154965,-3,-1,5,-11,-9,0,-1,-2
1533864721154965,1,-1,-6,-10,2,-1,0,1
1533864721176906,1,1,1,-2,-4,-1,1,0
1533864721176906,5,-1,-13,-13,0,0,0,-1
1533864721177904,-6,-2,-6,13,1,-1,-3,-2
1533864721177904,-2,-3,2,18,20,2,0,0
1533864721198851,2,-2,-1,-22,-11,0,-1,-3
1533864721198851,-6,0,-1,11,-19,-5,-3,-1
1533864721199845,4,2,4,-31,1,-1,0,1
1533864721199845,-3,-4,-6,4,12,3,-1,-5
1533864721213811,-3,-1,4,-3,-13,-6,1,1
1533864721213811,3,12,23,11,8,4,1,-1
1533864721214805,-3,-29,-4,-8,-25,-2,3,1
1533864721214805,-3,-3,5,-25,5,-1,-1,-1
1533864721236749,-3,0,6,13,3,-2,-4,-2
1533864721236749,0,2,-7,-11,0,-2,-2,0
1533864721237744,3,8,1,7,1,0,0,0
1533864721237744,-1,-7,-5,11,2,-1,-2,-2
1533864721250709,-3,-2,-7,-8,-2,-3,-2,-2
1533864721250709,-3,-2,4,6,3,-2,1,0
1533864721258700,2,8,6,-17,3,-1,0,0
1533864721258700,-6,-10,-17,11,-13,-4,-3,-2
1533864721273647,0,1,-20,-3,-4,-1,-1,-2
1533864721273647,0,-7,9,6,11,1,1,0
1533864721274644,0,-1,-8,9,-4,-7,-4,-1
1533864721274644,-2,5,5,14,-13,1,1,0
1533864721296589,-4,-1,-1,-53,-14,2,0,-2
1533864721296589,-3,-1,-10,1,8,1,0,0
1533864721297584,-1,-2,-8,4,-4,3,-2,-2
1533864721297584,2,4,15,2,6,0,-2,1
1533864721310552,1,5,-2,24,4,1,-5,-1
1533864721310552,-2,-3,2,-24,-10,-3,-2,-1
1533864721318528,-3,3,-3,10,9,0,-2,1
1533864721318528,1,-5,11,2,3,-1,0,1
1533864721333488,-1,-4,-2,-13,-9,-2,1,1
1533864721333488,0,4,33,0,8,-3,-1,-1
1533864721334506,-1,4,20,24,-10,-4,-2,-3
1533864721334506,-5,1,-7,-2,-7,-6,-5,-2
1533864721356429,-3,-6,-15,-37,1,1,-2,1
1533864721356429,-2,-6,-9,3,-7,-1,0,1
1533864721357423,3,2,1,0,-2,0,0,0
1533864721357423,3,2,6,4,8,1,0,1
1533864721370389,1,-1,0,3,-3,-4,-1,1
1533864721370389,-2,-7,-6,-4,-6,-2,-2,0
1533864721378577,-2,-1,-8,-24,4,1,-1,1
1533864721378577,-2,2,-12,12,-5,0,-1,-2
1533864721393365,1,-2,2,0,0,-1,-1,-1
1533864721393365,-1,-1,-15,19,11,-1,-1,-4
1533864721394372,-2,-1,-2,-25,-1,2,1,0
1533864721394372,1,0,-13,-27,-4,-2,-1,-2
1533864721416265,1,0,14,21,11,4,0,2
1533864721416265,-4,2,1,17,-18,-4,1,-1
1533864721417278,-3,-8,-6,-10,-10,-4,-2,-3
1533864721417278,0,2,3,-8,9,3,1,1
1533864721430232,-1,-6,-6,19,-6,-1,-3,-2
1533864721430232,3,-6,-33,-18,12,3,2,1
1533864721438211,-6,4,-1,22,1,-4,-1,-2
1533864721438211,3,4,17,-1,-3,-1,-1,-1
1533864721454212,-1,1,-4,24,14,0,1,-2
1533864721454212,-2,-4,0,-36,-13,-2,-1,0
1533864721455162,0,2,-4,1,-1,-1,-1,-1
1533864721455162,-2,-3,-2,0,-2,-2,-3,-2
1533864721477106,-2,-2,1,-4,2,-1,-3,-1
1533864721477106,0,3,-5,0,-5,0,-2,-2
1533864721478102,4,2,2,9,0,-1,1,2
1533864721478102,-3,4,-3,-37,11,-1,-1,-2
1533864721490070,-7,-5,1,-5,-5,-3,-2,-7
1533864721490070,-3,-10,12,4,-10,0,-1,0
1533864721499077,4,0,-12,-15,-1,0,-1,4
1533864721499077,3,0,15,45,-14,-3,-1,1
1533864721514005,-13,2,-21,25,19,1,-2,-5
1533864721514005,-2,-11,14,-54,-28,-4,-4,-6
1533864721515002,1,0,-14,-15,9,3,0,-2
1533864721515002,1,-6,-20,2,-7,-2,1,0
1533864721536982,6,6,10,12,2,-3,-1,2
1533864721536982,-2,2,-6,2,10,1,0,2
1533864721536982,-4,-1,0,0,1,-2,0,0
1533864721536982,2,8,13,-11,-9,-3,-4,-1
1533864721549910,-2,-3,5,-9,-3,0,0,1
1533864721549910,-1,2,-2,27,-2,-3,-1,-1
1533864721558919,-4,-6,8,-1,0,-4,-1,-1
1533864721558919,-7,-9,12,11,7,-2,0,-2
1533864721573845,3,0,19,13,9,-1,0,0
1533864721573845,-1,2,-13,-26,-14,1,-2,-2
1533864721574842,-2,-2,-11,12,0,-4,-1,-3
1533864721574842,-4,-7,12,17,-2,-1,-2,-1
1533864721596783,-2,0,-10,-12,-16,-3,0,1
1533864721596783,3,4,18,22,15,6,0,1
1533864721597781,4,-1,-14,-40,-15,-4,0,2
1533864721597781,-5,-5,-28,13,-1,-2,-3,-5
1533864721618740,6,11,6,-11,-7,-2,-1,0
1533864721618740,-10,-12,-8,20,13,-4,-2,-6
1533864721619722,1,2,13,26,13,1,-2,-3
1533864721619722,0,-2,-7,-31,-6,-1,0,-1
1533864721634685,2,0,1,-9,-1,0,0,0
1533864721634685,1,3,-8,24,8,-2,0,1
1533864721634685,-1,-2,5,-12,-4,-1,-3,-2
1533864721634685,0,1,-7,-7,-2,-3,0,2
1533864721656626,-1,-5,-12,0,-3,2,-3,-2
1533864721656626,0,2,-1,-4,2,-1,0,-1
1533864721657620,-4,-4,9,4,-7,-2,-2,-4
1533864721657620,2,8,-5,-4,3,0,-1,0
1533864721679562,-3,-8,-5,3,-3,-3,-2,-1
1533864721679562,3,12,0,2,1,0,-2,-1
1533864721679562,-4,-9,-15,-5,-5,-1,-2,0
1533864721679562,-1,-1,-7,0,-1,1,-1,-3
1533864721692527,-1,-6,-3,-7,0,1,-1,-1
1533864721692527,0,3,-2,14,-2,-1,7,9
1533864721701514,-2,-1,1,-1,0,0,-5,4
1533864721701514,1,-4,-5,-12,0,-1,-2,-8
1533864721716464,-7,-9,-56,-8,-3,-3,-9,-15
1533864721716464,-1,1,12,-3,-3,-1,-7,-6
1533864721718458,-4,-9,41,22,1,-3,2,4
1533864721718458,-1,-11,-7,-12,-7,-1,1,5
1533864721739405,0,5,-14,-8,0,0,1,3
1533864721739405,-4,-25,-5,-8,-1,-2,2,4
1533864721740400,3,5,3,3,3,1,9,5
1533864721740400,-1,3,2,7,3,0,-8,-6
1533864721753425,0,-1,12,-11,-10,0,0,0
1533864721753425,0,4,-2,-11,-5,-3,-4,-6
1533864721761400,1,6,1,12,6,-1,-2,-1
1533864721761400,-2,-4,1,5,0,-3,0,4
1533864721776373,4,4,11,6,7,2,5,6
1533864721776373,-2,1,-3,-34,-8,-2,-2,1
1533864721778372,-1,-2,-15,0,0,3,-1,-4
1533864721778372,-1,-1,1,7,16,2,2,2
1533864721799299,-7,-6,9,4,-2,-5,-4,-2
1533864721799299,-1,3,3,7,-8,-2,-2,-1
1533864721800310,1,1,-1,10,11,2,0,-4
1533864721800310,0,-3,-3,-43,-25,-5,-2,-4
1533864721813262,-1,0,11,1,-6,-4,1,0
1533864721813262,3,-2,-2,-10,-4,-1,-3,-3
1533864721822237,-3,0,-6,-1,-8,-4,-4,-4
1533864721822237,0,1,1,-4,3,0,3,3
1533864721837203,-1,-3,-5,6,1,-3,1,-1
1533864721837203,0,-4,-6,7,6,0,0,-2
1533864721838208,-1,-1,-10,-5,-3,3,-1,-3
1533864721838208,-6,0,7,-7,-2,1,-3,-1
1533864721859157,1,2,10,-1,-6,-3,1,0
1533864721859157,-3,8,6,-6,-3,0,-1,-3
1533864721861133,-1,-6,-37,-26,-3,0,-2,-1
1533864721861133,-2,-6,11,31,15,1,-1,-3
1533864721873107,1,1,-7,-14,2,-2,0,1
1533864721873107,-1,-1,9,-6,-13,-2,-2,-1
1533864721880117,-5,-7,-7,11,-8,-6,-4,-3
1533864721880117,0,4,15,1,-4,-2,-1,0
1533864721897072,-4,-10,-41,-6,4,-1,-1,-2
1533864721897072,0,0,-3,21,6,-2,-1,0
1533864721898034,-3,2,14,-33,-3,0,1,-1
1533864721898034,-2,0,-11,13,-3,-1,-1,-1
1533864721918979,1,2,20,13,0,1,2,0
1533864721918979,0,16,-9,-32,-4,-4,-5,-1
1533864721920973,-1,-3,1,8,5,-1,1,0
1533864721920973,0,0,-2,1,-2,0,1,1
1533864721933939,-1,-4,12,7,-5,-1,-2,-2
1533864721933939,-2,-4,-14,7,5,3,0,-1
1533864721940920,2,2,6,-4,10,1,-2,-2
1533864721940920,0,-2,-8,0,3,2,-1,0
1533864721957074,-2,4,-16,-15,-20,-6,-6,-3
1533864721957074,2,-3,21,13,7,3,3,-1
1533864721957876,-10,-5,1,20,-17,-12,-6,-2
1533864721957876,-2,-2,-9,12,5,4,3,2
1533864721978821,-1,-27,6,-5,3,2,0,-1
1533864721978821,2,7,6,7,11,3,2,0
1533864721980817,2,-13,10,7,5,1,-1,-1
1533864721980817,0,-5,-11,-45,-8,-5,-1,-1
1533864721993780,-3,6,8,13,5,-4,-2,1
1533864721993780,-4,-5,-12,-6,1,-3,-1,-1
1533864722000764,2,2,4,3,-5,-2,1,-1
1533864722000764,2,4,27,17,0,-2,-2,0
1533864722016726,1,3,4,-32,-2,2,1,-2
1533864722016726,-1,-6,-33,-1,-2,-1,-2,-2
1533864722018711,-3,-14,5,-2,-2,0,-2,-1
1533864722018711,-4,-7,-9,7,-6,1,-1,-2
1533864722039656,-3,5,6,-1,-6,-3,-2,-1
1533864722039656,1,-6,-25,17,-4,-3,0,0
1533864722040672,-3,8,-9,-35,-7,-1,0,0
1533864722040672,0,-13,8,-4,2,-4,-2,-4
1533864722053824,-1,-3,5,6,2,1,1,-3
1533864722053824,-2,-2,-3,0,3,-1,-2,-2
1533864722060600,2,1,0,1,-6,1,0,0
1533864722060600,0,-3,-30,-3,3,-5,-1,-3
1533864722076557,-2,13,16,-1,-4,-2,-2,0
1533864722076557,-1,1,51,-6,-4,-2,0,-1
1533864722078552,-1,8,24,21,6,-1,-2,-2
1533864722078552,-1,1,11,-2,-4,-1,0,-1
1533864722099496,2,1,-14,-1,4,1,-2,-2
1533864722099496,-4,-5,-3,2,-1,-3,-2,-3
1533864722100525,1,10,-23,17,6,0,-2,-3
1533864722100525,0,-1,-15,-40,-9,-2,0,-1
1533864722121440,-1,-4,3,20,-4,-1,-1,1
1533864722121440,-2,-3,0,-19,-4,-1,-2,1
1533864722123443,-1,1,-11,19,0,-2,1,0
1533864722123443,-2,-1,-7,-20,4,1,-2,-1
1533864722136400,2,0,-1,3,7,1,0,0
1533864722136400,-6,-7,-1,-2,-16,-4,0,-1
1533864722138392,1,-19,48,-24,-2,1,1,2
1533864722138392,-2,3,-2,13,1,-1,-1,0
1533864722159335,-1,-2,14,4,7,-1,0,1
1533864722159335,-1,0,-10,2,-3,-3,-3,-2
1533864722160333,-2,1,-13,-11,-2,1,-1,-2
1533864722160333,1,2,0,4,-3,1,-1,-1
1533864722172304,-2,-2,3,-3,-1,-1,-1,-1
1533864722172304,2,1,-12,3,6,-1,0,-3
1533864722182275,0,3,-1,6,0,-2,-2,-2
1533864722182275,-3,1,4,-3,-4,-3,-1,1
1533864722196240,-2,-2,-14,13,6,1,1,-2
1533864722196240,-4,-4,-3,-23,-7,-3,-1,-2
1533864722198231,0,4,-17,7,-6,-4,-2,-2
1533864722198231,-2,-14,8,-6,-3,0,-1,-1
1533864722220176,-1,-4,-24,2,5,1,-3,-1
1533864722220176,0,0,6,9,6,3,1,-1
1533864722221170,-3,2,-8,-7,7,-3,-2,1
1533864722221170,-1,4,0,15,-13,-5,-2,-3
1533864722233138,-6,-18,3,-4,-9,-3,0,1
1533864722233138,1,-3,3,5,15,1,0,-1
1533864722242114,-1,-2,-2,9,-6,-3,0,-1
1533864722242114,0,-4,-38,-4,2,-1,-1,-3
1533864722257085,1,3,11,-3,4,0,-2,-3
1533864722257085,-2,2,0,0,-7,-3,-1,-2
1533864722258071,-3,-3,3,-20,-6,-2,-2,-3
1533864722258071,0,1,-24,2,12,2,-2,-1
1533864722279019,-1,1,-2,-10,-16,0,1,-1
1533864722279019,-4,-2,1,18,2,1,-1,1
1533864722281010,0,3,3,3,4,1,-1,-1
1533864722281010,-1,1,7,4,-13,-4,-1,-2
1533864722292981,0,3,-9,-7,4,-1,-1,-1
1533864722292981,-1,-5,-1,-5,-4,-2,-3,-2
1533864722307938,1,-1,0,5,9,1,0,-1
1533864722307938,1,7,13,-40,-18,-2,0,1
1533864722316914,-5,-2,2,13,2,-3,0,-2
1533864722316914,-2,-3,-6,-7,2,-4,0,-2
1533864722317911,0,-1,-19,4,-4,0,-2,-4
1533864722317911,-3,-17,15,16,8,3,1,0
1533864722338859,0,6,3,-15,-4,2,-2,0
1533864722338859,1,0,3,-13,-6,-4,-2,-1
1533864722340850,-1,-1,-17,-31,-7,-4,-2,-1
1533864722340850,-1,-9,13,-5,9,1,1,0
1533864722352818,-2,-3,-4,1,-6,-1,-2,0
1533864722352818,0,-1,-1,18,6,-1,-1,-1
1533864722361807,2,0,-4,-9,-1,1,0,0
1533864722361807,0,9,-17,24,2,0,-2,-1
1533864722376755,-6,-5,-9,-11,5,-5,-1,-2
1533864722376755,0,2,9,-7,-8,0,-2,0
1533864722377751,-2,-6,-3,13,-1,-4,-4,0
1533864722377751,-3,3,-7,8,6,-2,-3,-3
1533864722398695,-1,-2,-7,0,-5,1,1,0
1533864722398695,2,1,-4,12,9,-1,-1,-2
1533864722400691,-1,4,8,-15,-7,-1,1,0
1533864722400691,-5,3,4,14,-6,-4,0,-4
1533864722412661,0,0,8,1,-2,-4,-3,-2
1533864722412661,0,-6,-7,-18,-9,0,-1,0
1533864722421645,1,-2,-5,6,5,2,-1,-1
1533864722421645,0,1,-5,0,2,1,-1,-1
1533864722436597,1,5,5,-14,0,-1,0,-2
1533864722436597,-5,14,-10,12,-4,-2,-2,-3
1533864722438589,2,0,13,19,5,3,2,-1
1533864722438589,-3,-2,-8,-34,-10,-6,-4,-2
1533864722459536,-2,-1,1,2,-5,-5,-4,-2
1533864722459536,-2,-3,-26,10,-3,0,-2,-2
1533864722460530,-3,-3,6,-28,-5,-1,0,-1
1533864722460530,-2,2,1,-1,-4,-2,-2,-2
1533864722472501,1,-13,12,0,5,0,-1,1
1533864722472501,-3,-7,-7,-4,9,1,-1,-2
1533864722489452,-1,1,2,-2,-21,-5,-1,1
1533864722489452,0,-2,2,12,5,1,-1,3
1533864722496437,0,-1,-9,-3,0,0,-2,-2
1533864722496437,0,-3,5,-2,-2,0,0,-2
1533864722498429,-2,-5,1,-2,7,1,0,-2
1533864722498429,0,3,4,10,8,-1,-2,-1
1533864722519376,0,3,-4,-2,-7,-2,0,-1
1533864722519376,2,7,6,2,1,-1,0,1
1533864722520379,-7,-22,-12,4,-3,-4,-3,-4
1533864722520379,-4,-2,-4,3,-1,2,-1,-1
1533864722541314,-1,3,2,-2,-3,1,-1,-2
1533864722541314,0,-2,5,-5,3,-1,-1,-1
1533864722543309,1,3,-2,0,2,-1,1,1
1533864722543309,1,4,8,2,-4,0,2,0
1533864722556502,1,-4,-2,19,8,0,2,-1
1533864722556502,-2,-6,0,-46,-6,0,-1,0
1533864722558505,-1,8,-44,8,-2,-2,-1,-1
1533864722558505,-6,-15,9,-2,1,0,0,1
1533864722586419,0,6,-2,-2,-2,-1,-1,0
1533864722586419,-1,-6,-6,3,-3,-3,-3,-2
1533864722588414,0,1,-7,-6,-5,-2,-2,-2
1533864722588414,6,12,16,-2,2,-1,8,11
1533864722601406,-8,-27,10,5,-2,-4,-9,-9
1533864722601406,-5,-4,-9,4,-1,-2,1,4
1533864722603390,2,1,19,-1,-1,-2,-1,-2
1533864722603390,2,2,-6,-1,-2,-1,-5,-1
1533864722616339,-3,3,-3,-6,-1,-2,22,17
1533864722616339,-6,5,18,1,0,-2,-26,-35
1533864722618332,0,-16,15,1,1,1,-2,0
1533864722618332,1,0,-18,-5,-6,-1,-2,-4
1533864722639277,2,9,1,18,5,0,1,3
1533864722639277,-2,-3,-19,-11,1,1,8,11
1533864722640289,-4,-18,9,-1,-3,-2,1,2
1533864722640289,-6,-8,-6,3,-3,-5,-5,-6
1533864722662219,-2,-9,-15,-20,-6,-1,-4,1
1533864722662219,5,0,7,12,9,1,5,4
1533864722663213,-8,2,-9,29,-5,-3,-8,-6
1533864722663213,2,1,5,-8,0,1,3,0
1533864722676219,0,7,9,13,-3,-3,-7,-8
1533864722676219,2,3,7,-8,-1,-1,2,3
1533864722678174,1,9,2,-41,-15,-1,0,-3
1533864722678174,-6,-3,3,14,8,0,-3,-3
1533864722699146,0,4,-37,-16,7,0,-4,-5
1533864722699146,1,18,-44,3,-16,-6,-3,-2
1533864722701112,3,17,71,15,11,2,3,2
1533864722701112,-3,21,44,-5,6,-1,-1,-4
1533864722722059,-6,-8,2,-1,-6,-1,-3,-5
1533864722722059,2,6,7,2,-2,0,4,5
1533864722723052,-3,-13,-95,4,-5,-2,-4,-4
1533864722723052,0,-6,24,-27,-15,-1,1,0
1533864722736021,2,15,102,17,6,-4,-4,-2
1533864722736021,-9,-12,14,-13,-6,0,0,0
1533864722743003,0,8,-33,-14,-4,2,1,0
1533864722743003,0,-3,-13,16,10,1,-1,-3
1533864722758960,-1,-7,-38,-17,-1,1,-2,0
1533864722758960,-1,-12,1,20,-8,-5,0,-2
1533864722760951,0,-2,19,1,9,-1,-1,0
1533864722760951,0,-4,-23,0,-9,-1,-1,-1
